Frame	X1	Y1	Flag1	X2	Y2	Flag2	X3	Y3	Flag3
1	17.1305	5.8920	0	-14.7846	14.6755	0	-10.0094	25.3637	0
2	17.1025	5.8320	0	-14.7494	14.6456	0	-9.9962	25.3436	0
3	17.0792	5.9153	0	-14.6602	14.5825	0	-10.0396	25.2808	0
4	17.0010	5.8730	0	-14.6521	14.5595	0	-9.9568	25.2300	0
5	17.0647	5.8250	0	-14.6025	14.6049	0	-10.0108	25.2732	0
6	17.0336	5.9382	0	-14.5592	14.7792	0	-10.0127	25.3000	0
7	17.0927	5.8422	0	-14.6202	14.6830	0	-9.9586	25.1683	0
8	17.1379	5.7885	0	-14.5777	14.7437	0	-9.9484	25.1594	0
9	17.1129	5.9199	0	-14.5742	14.7262	0	-9.9967	25.1533	0
10	17.1427	5.7957	0	-14.6386	14.6394	0	-10.0061	25.1859	0
11	17.1050	5.8914	0	-14.6432	14.6882	0	-10.1100	25.2727	0
12	17.2171	6.0352	0	-14.6862	14.6858	0	-10.1375	25.2759	0
13	17.2602	5.9210	0	-14.6168	14.7312	0	-10.0947	25.3510	0
14	17.1748	5.9427	0	-14.6338	14.7570	0	-10.1069	25.3291	0
15	17.1605	5.9843	0	-14.6534	14.8602	0	-10.1145	25.3664	0
16	17.1215	6.0505	0	-14.5884	14.7027	0	-10.0235	25.3735	0
17	17.1441	6.0068	0	-14.5818	14.6935	0	-10.0901	25.3574	0
18	17.2099	6.0667	0	-14.5268	14.6807	0	-10.0711	25.4231	0
19	17.1924	6.0747	0	-14.4945	14.6757	0	-10.0498	25.4474	0
20	17.1735	5.9895	0	-14.5162	14.6067	0	-10.0692	25.4156	0
21	17.2544	5.9712	0	-14.4624	14.5524	0	-10.0601	25.4804	0
22	17.2332	6.0089	0	-14.5165	14.6414	0	-10.1683	25.5749	0
23	17.1489	5.9156	0	-14.5239	14.6372	0	-10.1333	25.5711	0
24	17.1608	5.9007	0	-14.6220	14.6201	0	-10.0741	25.5300	0
25	17.1533	5.9535	0	-14.7188	14.7181	0	-10.1382	25.5580	0
26	17.1977	5.8715	0	-14.7157	14.7181	0	-10.1171	25.5236	0
27	17.2640	5.8596	0	-14.7205	14.7800	0	-10.1150	25.4897	0
28	17.3035	5.8063	0	-14.7532	14.6624	0	-10.1433	25.5648	0
29	17.3333	5.8889	0	-14.6782	14.6783	0	-10.0997	25.6359	0
30	17.3079	5.8793	0	-14.6925	14.6707	0	-10.0467	25.6437	0
31	17.3967	5.8938	0	-14.7488	14.7160	0	-10.0964	25.7736	0
32	17.2989	5.8007	0	-14.7298	14.6940	0	-10.2340	25.7512	0
33	17.3052	5.8588	0	-14.7223	14.5843	0	-10.3403	25.6824	0
34	17.2715	5.8838	0	-14.7851	14.5530	0	-10.3672	25.7397	0
35	17.2981	5.8460	0	-14.6923	14.5983	0	-10.3910	25.7524	0
36	17.3971	5.8270	0	-14.6352	14.6662	0	-10.3786	25.7370	0
37	17.3645	5.9811	0	-14.7424	14.5907	0	-10.3302	25.6699	0
38	17.3790	6.0618	0	-14.7190	14.5758	0	-10.3722	25.6953	0
39	17.3318	6.0807	0	-14.7889	14.6016	0	-10.3453	25.7029	0
40	17.3200	6.0440	0	-14.8787	14.6537	0	-10.3418	25.6214	0
41	17.3075	6.0970	0	-14.8662	14.6295	0	-10.2838	25.6541	0
42	17.3025	6.1748	0	-14.7906	14.5836	0	-10.3548	25.7326	0
43	17.3660	6.1856	0	-14.8212	14.6614	0	-10.4405	25.7774	0
44	17.3401	6.2259	0	-14.8453	14.6213	0	-10.4957	25.7999	0
45	17.3771	6.1556	0	-14.7963	14.5746	0	-10.4911	25.7089	0
46	17.4779	6.2055	0	-14.8277	14.6387	0	-10.6111	25.6607	0
47	17.4743	6.1175	0	-14.8328	14.6532	0	-10.6123	25.6757	0
48	17.5059	6.1543	0	-14.8104	14.6049	0	-10.6319	25.7382	0
49	17.4538	6.1937	0	-14.8076	14.6347	0	-10.7097	25.8218	0
50	17.5346	6.1407	0	-14.7537	14.7289	0	-10.6617	25.7500	0
51	17.5442	6.1578	0	-14.6271	14.7343	0	-10.6303	25.7827	0
52	17.4789	6.1991	0	-14.7846	14.5664	0	-10.5925	25.8010	0
53	17.4194	6.3363	0	-14.7076	14.5332	0	-10.5953	25.7819	0
54	17.3872	6.1983	0	-14.7302	14.5922	0	-10.5977	25.7696	0
55	17.3202	6.2233	0	-14.7055	14.5671	0	-10.6590	25.6843	0
56	17.3994	6.2769	0	-14.7171	14.4437	0	-10.6938	25.6543	0
57	17.4488	6.1915	0	-14.7266	14.4084	0	-10.6809	25.6221	0
58	17.3922	6.1444	0	-14.6970	14.3876	0	-10.7514	25.6373	0
59	17.2297	6.2149	0	-14.7722	14.4167	0	-10.7843	25.6545	0
60	17.1298	6.1661	0	-14.7614	14.4517	0	-10.7423	25.6644	0
61	17.1325	6.0595	0	-14.8748	14.3718	0	-10.7793	25.6950	0
62	17.0048	6.1035	0	-14.8089	14.4403	0	-10.7896	25.7233	0
63	16.9406	6.1019	0	-14.8297	14.4629	0	-10.8394	25.7469	0
64	16.9043	6.1151	0	-14.8400	14.4428	0	-10.8688	25.7997	0
65	16.9412	6.0856	0	-14.8059	14.5704	0	-10.7928	25.8604	0
66	16.9931	6.0451	0	-14.7931	14.5310	0	-10.7158	25.8778	0
67	17.0350	6.1108	0	-14.7939	14.4358	0	-10.7376	25.8492	0
68	17.0306	6.2121	0	-14.8418	14.3819	0	-10.7220	25.7554	0
69	17.1081	6.2548	0	-14.8432	14.3530	0	-10.7167	25.7287	0
70	17.1112	6.2166	0	-14.8510	14.2748	0	-10.7735	25.6974	0
71	17.1492	6.1455	0	-14.8174	14.3073	0	-10.7618	25.6437	0
72	17.1873	6.0546	0	-14.8625	14.3405	0	-10.7503	25.5712	0
73	17.2202	6.0110	0	-14.9562	14.3210	0	-10.7482	25.5088	0
74	17.2605	6.0227	0	-14.9591	14.2566	0	-10.7652	25.5333	0
75	17.1929	6.0143	0	-14.9248	14.2189	0	-10.8026	25.5109	0
76	17.2536	5.9589	0	-14.9266	14.1717	0	-10.8471	25.4212	0
77	17.3251	6.0443	0	-14.9797	14.1000	0	-10.8762	25.3898	0
78	17.2683	6.0373	0	-14.9483	14.2936	0	-10.7868	25.3151	0
79	17.2310	5.9722	0	-14.8682	14.2879	0	-10.7746	25.2984	0
80	17.1744	5.9251	0	-14.8817	14.2854	0	-10.7740	25.3418	0
81	17.2355	6.0701	0	-14.8453	14.3334	0	-10.7198	25.3790	0
82	17.2857	6.0479	0	-14.8207	14.3198	0	-10.6710	25.3522	0
83	17.3826	5.9170	0	-14.8236	14.2951	0	-10.5796	25.3752	0
84	17.4433	5.9043	0	-14.7083	14.2345	0	-10.4417	25.3881	0
85	17.4984	5.8912	0	-14.6601	14.2454	0	-10.4060	25.4235	0
86	17.6054	5.8511	0	-14.6796	14.1701	0	-10.3257	25.4251	0
87	17.5343	5.8559	0	-14.7673	13.9949	0	-10.4032	25.3387	0
88	17.5721	5.8282	0	-14.7710	14.0074	0	-10.4297	25.3257	0
89	17.5265	5.9315	0	-14.7859	14.0008	0	-10.3812	25.3090	0
90	17.6328	5.8397	0	-14.7592	13.9708	0	-10.4219	25.2916	0
91	17.6691	5.8514	0	-14.7786	13.9922	0	-10.4294	25.3298	0
92	17.7024	5.8267	0	-14.7424	14.0547	0	-10.4782	25.3259	0
93	17.7125	5.6805	0	-14.8199	14.1527	0	-10.4856	25.2921	0
94	17.7289	5.7347	0	-14.8367	14.1910	0	-10.5784	25.2711	0
95	17.7500	5.6880	0	-14.8524	14.1283	0	-10.5937	25.2698	0
96	17.6804	5.7183	0	-14.7959	14.1380	0	-10.6057	25.2676	0
97	17.7660	5.7338	0	-14.8384	14.1075	0	-10.5326	25.1530	0
98	17.7740	5.7788	0	-14.8332	14.0808	0	-10.6152	25.1039	0
99	17.8169	5.7772	0	-14.8873	14.0217	0	-10.6685	25.1090	0
100	17.7374	5.9040	0	-14.8606	13.9519	0	-10.6665	25.1800	0
101	17.7905	5.9967	0	-14.8605	13.9617	0	-10.6845	25.0982	0
102	17.7765	5.9950	0	-14.7666	13.9155	0	-10.5922	25.0848	0
103	17.7935	6.0796	0	-14.7839	13.8925	0	-10.6321	25.1283	0
104	17.7914	6.1038	0	-14.8157	13.9146	0	-10.7003	25.2071	0
105	17.7171	6.1344	0	-14.8875	14.0143	0	-10.6025	25.1574	0
106	17.6565	6.1744	0	-14.8629	14.0617	0	-10.6332	25.2052	0
107	17.5417	6.0398	0	-14.9139	13.9983	0	-10.7266	25.2031	0
108	17.5811	5.9798	0	-15.0166	14.0169	0	-10.8607	25.1448	0
109	17.5971	6.0136	0	-15.0065	14.0384	0	-10.9196	25.0488	0
110	17.4499	6.0050	0	-15.0561	14.0965	0	-10.8113	25.1489	0
111	17.4468	5.9773	0	-14.9347	14.1006	0	-10.7993	25.0752	0
112	17.4650	6.1045	0	-14.8832	14.1475	0	-10.8163	25.0103	0
113	17.4362	5.9922	0	-14.8201	14.1147	0	-10.7516	25.0127	0
114	17.5390	5.9295	0	-14.8254	13.9712	0	-10.7952	24.9696	0
115	17.5673	6.0347	0	-14.8352	14.0337	0	-10.8130	24.9252	0
116	17.6036	6.0097	0	-14.8161	13.9879	0	-10.8814	24.9838	0
117	17.6588	5.9886	0	-14.7654	13.9389	0	-10.8488	25.0391	0
118	17.6450	6.0954	0	-14.7415	13.9124	0	-10.9104	24.9428	0
119	17.5896	6.0887	0	-14.6978	13.8795	0	-10.8913	25.0492	0
120	17.6411	6.1791	0	-14.7467	13.8273	0	-10.8758	25.0709	0
121	17.6032	6.1698	0	-14.7214	13.8913	0	-10.8500	25.0476	0
122	17.5589	6.1678	0	-14.7211	13.8763	0	-10.8671	25.0570	0
123	17.5434	6.2210	0	-14.7756	13.9015	0	-10.8751	25.1311	0
124	17.6248	6.1679	0	-14.8617	13.8805	0	-10.8617	25.2102	0
125	17.5861	6.2627	0	-14.8860	13.9641	0	-10.8037	25.1374	0
126	17.5439	6.2245	0	-14.9277	14.0351	0	-10.8008	25.0713	0
127	17.5491	6.2193	0	-14.9475	13.9957	0	-10.8041	25.0503	0
128	17.5379	6.2716	0	-14.9543	14.0277	0	-10.7182	25.0684	0
129	17.5615	6.2015	0	-14.8733	14.0326	0	-10.7539	25.0502	0
130	17.5386	6.1320	0	-14.8290	14.0832	0	-10.7689	24.9867	0
131	17.6596	6.1804	0	-14.8272	14.0524	0	-10.8152	24.9966	0
132	17.6887	6.1602	0	-14.8732	14.0587	0	-10.8094	25.0830	0
133	17.6916	6.1655	0	-14.8199	13.9512	0	-10.8118	25.0075	0
134	17.6866	6.2111	0	-14.8149	13.9339	0	-10.6946	24.9748	0
135	17.7157	6.1696	0	-14.7849	13.9047	0	-10.7812	24.9449	0
136	17.6910	6.2579	0	-14.7821	13.8593	0	-10.7561	24.8850	0
137	17.7240	6.3068	0	-14.7899	13.7916	0	-10.6785	24.8079	0
138	17.7322	6.2690	0	-14.7601	13.8498	0	-10.6789	24.8529	0
139	17.6894	6.3598	0	-14.7482	13.8660	0	-10.7148	24.8616	0
140	17.7568	6.3307	0	-14.7438	13.9669	0	-10.6941	24.9084	0
141	17.8325	6.1900	0	-14.8209	13.7881	0	-10.7325	24.9356	0
142	17.7890	6.2234	0	-14.8499	13.8516	0	-10.7341	24.9403	0
143	17.6876	6.2372	0	-14.9490	13.9271	0	-10.6915	25.0118	0
144	17.7026	6.2911	0	-14.9558	13.8801	0	-10.6453	25.1508	0
145	17.6379	6.3418	0	-14.9603	13.8607	0	-10.6713	25.1208	0
146	17.5864	6.3794	0	-14.8804	13.8908	0	-10.7478	25.1134	0
147	17.6457	6.3540	0	-14.9027	13.9087	0	-10.7434	25.1021	0
148	17.6397	6.3879	0	-14.8483	13.8298	0	-10.6816	25.0408	0
149	17.6842	6.2774	0	-14.7780	13.7938	0	-10.6624	25.0012	0
150	17.7008	6.2374	0	-14.7544	13.7738	0	-10.7433	24.8771	0
151	17.6834	6.1303	0	-14.8331	13.7337	0	-10.7259	24.9525	0
152	17.6441	6.0523	0	-14.7375	13.7119	0	-10.7835	24.9899	0
153	17.6131	6.1250	0	-14.7252	13.7952	0	-10.8830	24.9790	0
154	17.5082	6.1596	0	-14.7322	13.8016	0	-10.8551	24.9113	0
155	17.5084	6.2360	0	-14.7508	13.7185	0	-10.7960	24.8421	0
156	17.4790	6.1491	0	-14.7707	13.7546	0	-10.7387	24.9104	0
157	17.4497	6.1762	0	-14.7607	13.7119	0	-10.7656	24.8413	0
158	17.5234	6.2122	0	-14.7748	13.7184	0	-10.8191	24.7872	0
159	17.6462	6.1991	0	-14.7559	13.7117	0	-10.8633	24.8316	0
160	17.6947	6.0921	0	-14.8051	13.7487	0	-10.8289	24.8965	0
161	17.7014	6.0600	0	-14.8400	13.8508	0	-10.8601	24.9600	0
162	17.6736	5.9050	0	-14.8428	13.7678	0	-10.8707	24.9983	0
163	17.6039	5.8121	0	-14.9000	13.8453	0	-10.8797	24.9934	0
164	17.6589	5.7904	0	-14.8044	13.8853	0	-10.7975	25.0483	0
165	17.6832	5.7974	0	-14.8028	13.9273	0	-10.7857	25.0541	0
166	17.6582	5.6794	0	-14.7638	14.0018	0	-10.7695	25.0943	0
167	17.7265	5.5800	0	-14.6848	13.9904	0	-10.6921	25.0799	0
168	17.6145	5.6911	0	-14.6416	14.1103	0	-10.7049	25.1255	0
169	17.7062	5.5862	0	-14.6413	14.0878	0	-10.7140	24.9992	0
170	17.6807	5.6543	0	-14.5983	14.0501	0	-10.7726	24.9696	0
171	17.5124	5.5647	0	-14.7301	14.1300	0	-10.7534	25.0365	0
172	17.4504	5.5580	0	-14.6926	14.0122	0	-10.7763	25.0829	0
173	17.4367	5.5694	0	-14.8056	14.0247	0	-10.8049	25.0570	0
174	17.5082	5.6286	0	-14.7503	13.9701	0	-10.7363	25.0888	0
175	17.4031	5.5842	0	-14.7954	13.8822	0	-10.7683	25.1349	0
176	17.3411	5.5493	0	-14.8217	13.8567	0	-10.8052	25.1229	0
177	17.4030	5.5491	0	-14.8842	13.7868	0	-10.6892	25.1137	0
178	17.5307	5.6019	0	-14.8838	13.8811	0	-10.6081	25.0569	0
179	17.4888	5.6016	0	-14.9762	13.7374	0	-10.6734	25.0365	0
180	17.5323	5.6051	0	-14.9488	13.6706	0	-10.7095	25.0310	0
181	17.5248	5.5895	0	-14.9836	13.7143	0	-10.6214	25.0023	0
182	17.5644	5.6148	0	-15.0784	13.7356	0	-10.7488	25.0177	0
183	17.5703	5.6155	0	-15.1767	13.7005	0	-10.7578	24.9639	0
184	17.6424	5.6352	0	-15.1349	13.8126	0	-10.7530	25.0437	0
185	17.6752	5.6542	0	-15.2043	13.8736	0	-10.7191	25.0014	0
186	17.7158	5.5182	0	-15.1785	13.7687	0	-10.6837	24.9291	0
187	17.6806	5.5008	0	-15.1453	13.7603	0	-10.6628	24.9332	0
188	17.6304	5.6196	0	-15.1473	13.8922	0	-10.6197	25.0215	0
189	17.6032	5.4491	0	-15.1542	13.8241	0	-10.6641	24.9996	0
190	17.6364	5.3942	0	-15.2220	13.8115	0	-10.6158	25.0178	0
191	17.5974	5.4727	0	-15.1333	13.8680	0	-10.5793	25.1122	0
192	17.5433	5.4568	0	-15.2546	13.7914	0	-10.5851	25.1275	0
193	17.5686	5.4299	0	-15.2550	13.7502	0	-10.5717	25.0865	0
194	17.5879	5.4789	0	-15.2225	13.8005	0	-10.5624	25.2301	0
195	17.5984	5.5234	0	-15.2564	13.8096	0	-10.5407	25.2293	0
196	17.6072	5.5041	0	-15.1520	13.7305	0	-10.5396	25.1691	0
197	17.6291	5.5994	0	-15.1183	13.7810	0	-10.5131	25.0872	0
198	17.5211	5.6483	0	-15.1039	13.7755	0	-10.6349	25.0907	0
199	17.4961	5.5522	0	-15.1234	13.7421	0	-10.6626	25.0244	0
200	17.5589	5.5025	0	-15.0380	13.7503	0	-10.6175	24.9596	0
201	17.4680	5.5278	0	-14.9952	13.7726	0	-10.5610	25.0239	0
202	17.4931	5.5021	0	-14.9520	13.7211	0	-10.5818	25.1038	0
203	17.5048	5.5000	0	-14.9118	13.7566	0	-10.5850	25.1227	0
204	17.5570	5.5112	0	-14.9688	13.8375	0	-10.6256	25.1371	0
205	17.6023	5.5075	0	-14.9273	13.8139	0	-10.6589	25.0866	0
206	17.5629	5.5277	0	-14.9198	13.7558	0	-10.6108	25.1956	0
207	17.5161	5.4565	0	-14.8581	13.8263	0	-10.6820	25.1930	0
208	17.5053	5.4590	0	-14.9005	13.8377	0	-10.6753	25.1225	0
209	17.5510	5.5227	0	-14.8229	13.9772	0	-10.5729	25.2252	0
210	17.6251	5.5212	0	-14.9304	13.9304	0	-10.5112	25.1887	0
211	17.7478	5.5583	0	-14.9323	13.9349	0	-10.5199	25.2043	0
212	17.8008	5.5504	0	-14.9186	13.8748	0	-10.5508	25.2561	0
213	17.7650	5.5919	0	-14.9546	13.9954	0	-10.5417	25.2408	0
214	17.7750	5.6413	0	-14.9240	13.9630	0	-10.5068	25.2563	0
215	17.7870	5.6722	0	-14.9642	13.9948	0	-10.5436	25.2144	0
216	17.7817	5.5726	0	-14.9091	14.0546	0	-10.5558	25.2014	0
217	17.7868	5.5374	0	-14.9420	14.1177	0	-10.6277	25.1624	0
218	17.7255	5.6143	0	-14.9216	14.1005	0	-10.5794	25.1996	0
219	17.6504	5.6368	0	-14.9796	14.1797	0	-10.6729	25.3087	0
220	17.6354	5.6604	0	-15.0001	14.1073	0	-10.7171	25.2028	0
221	17.6276	5.6188	0	-14.9836	14.1116	0	-10.7062	25.2061	0
222	17.6789	5.6106	0	-14.9478	14.1626	0	-10.6805	25.2763	0
223	17.6683	5.5524	0	-14.9717	14.1339	0	-10.5926	25.2144	0
224	17.6269	5.4695	0	-15.0019	14.1951	0	-10.5758	25.1998	0
225	17.5137	5.4796	0	-14.9218	14.2285	0	-10.5595	25.2360	0
226	17.5227	5.4000	0	-14.9306	14.1975	0	-10.5752	25.2483	0
227	17.5131	5.4128	0	-14.8769	14.1932	0	-10.6156	25.2727	0
228	17.5063	5.4633	0	-14.9033	14.1530	0	-10.6839	25.2872	0
229	17.5123	5.4426	0	-14.8941	14.0849	0	-10.7020	25.1839	0
230	17.4650	5.6261	0	-14.8572	14.0479	0	-10.7745	25.1168	0
231	17.5037	5.5682	0	-14.8895	13.9978	0	-10.8047	25.0847	0
232	17.4683	5.4900	0	-14.8408	13.8768	0	-10.8921	25.0097	0
233	17.6665	5.5452	0	-14.9526	13.8472	0	-11.0015	25.0647	0
234	17.6992	5.5714	0	-14.8589	13.8278	0	-11.0207	25.1098	0
235	17.6865	5.5844	0	-14.8748	13.9222	0	-11.1424	25.0902	0
236	17.6296	5.5397	0	-14.8323	13.9366	0	-11.2223	25.1456	0
237	17.6115	5.4473	0	-14.8655	13.9659	0	-11.2241	25.2422	0
238	17.6919	5.5301	0	-14.9164	13.8924	0			
239	17.6164	5.5251	0	-14.9479	13.9079	0			
240	17.5690	5.5193	0	-14.7301	13.8572	0			
