Frame	X1	Y1	Flag1	X2	Y2	Flag2	X5	Y5	Flag5	X4	Y4	Flag4	X3	Y3	Flag3
1	-9.3778	-3.9357	0	-37.1481	15.0062	0	13.1908	30.5264	0	39.2116	4.9561	0	29.3006	-25.5736	0
2	-9.4020	-4.0572	0	-37.1539	15.0014	0	13.0409	30.3901	0	39.2359	4.9075	0	29.2147	-25.5736	0
3	-9.4465	-4.0138	0	-37.1691	14.9706	0	13.0000	30.3356	0	39.2961	4.9871	0	29.2601	-25.6808	0
4	-9.4345	-4.0345	0	-37.1339	14.9821	0	13.0877	30.5724	0	39.1747	4.9352	0	29.2401	-25.6646	0
5	-9.3280	-4.0300	0	-37.1314	15.0278	0	12.9788	30.4093	0	39.1519	5.0410	0	29.2596	-25.6203	0
6	-9.2365	-4.1751	0	-37.1430	14.9356	0	13.0939	30.4664	0	39.2958	5.0619	0	29.1869	-25.8676	0
7	-9.1059	-4.1536	0	-37.1939	14.9667	0	13.0169	30.5886	0	39.3052	5.1701	0	29.2503	-25.8305	0
8	-9.1871	-4.1660	0	-37.1708	14.9335	0	13.0693	30.5916	0	39.2541	5.1401	0	29.4050	-25.8295	0
9	-9.2286	-4.2083	0	-37.1478	15.0419	0	12.9384	30.5562	0	39.2781	4.9916	0	29.4608	-25.8305	0
10	-9.2020	-4.2036	0	-37.1482	14.9958	0	12.9268	30.5831	0	39.2547	4.9292	0	29.4097	-25.7963	0
11	-9.4111	-4.1952	0	-37.1423	15.0233	0	12.8363	30.7105	0	39.1479	4.8610	0	29.3558	-25.7570	0
12	-9.3037	-4.3190	0	-37.1798	14.9407	0	12.9383	30.6182	0	39.1022	4.7213	0	29.4017	-25.7828	0
13	-9.3472	-4.2182	0	-37.1137	14.9072	0	12.8594	30.5745	0	39.0886	4.7023	0	29.3373	-25.7708	0
14	-9.2377	-4.1281	0	-37.0985	15.0132	0	12.8318	30.3018	0	39.1173	4.7949	0	29.2791	-25.8137	0
15	-9.1374	-4.0430	0	-37.0523	15.0229	0	12.8559	30.3511	0	39.1063	4.7904	0	29.3865	-25.7804	0
16	-9.0264	-4.2041	0	-37.0665	14.9804	0	12.8547	30.3486	0	39.1547	4.6943	0	29.3315	-25.8079	0
17	-9.1151	-4.2443	0	-37.1140	15.0472	0	12.8459	30.1693	0	39.1995	4.6823	0	29.3596	-25.7521	0
18	-9.2938	-4.3031	0	-37.1262	15.0072	0	12.8964	30.1854	0	39.0988	4.7766	0	29.3622	-25.7758	0
19	-9.3295	-4.2426	0	-37.1354	15.0312	0	12.8928	30.1200	0	39.0346	4.7611	0	29.3412	-25.7860	0
20	-9.4856	-4.4201	0	-37.1501	15.0108	0	12.9015	30.0207	0	38.8190	4.7899	0	29.3591	-25.7217	0
21	-9.5454	-4.3882	0	-37.1880	14.9671	0	12.7602	30.0533	0	38.8314	4.6647	0	29.2691	-25.7331	0
22	-9.4069	-4.3398	0	-37.2093	14.9021	0	12.7175	29.9887	0	38.8971	4.6134	0	29.2522	-25.6213	0
23	-9.3670	-4.3109	0	-37.2270	14.9794	0	12.8693	29.9423	0	38.9597	4.7624	0	29.3199	-25.5690	0
24	-9.3088	-4.3281	0	-37.1360	15.0183	0	12.8671	29.9885	0	38.9201	4.6160	0	29.1116	-25.5392	0
25	-9.4052	-4.3368	0	-37.1227	14.9607	0	13.0954	29.8447	0	38.9092	4.5588	0	29.1227	-25.5361	0
26	-9.3202	-4.3169	0	-37.1604	14.9586	0	12.9182	29.8447	0	38.9628	4.5466	0	29.1170	-25.5260	0
27	-9.3466	-4.3260	0	-37.1698	15.0419	0	12.8828	29.7986	0	39.0452	4.6322	0	29.1510	-25.5323	0
28	-9.3670	-4.4438	0	-37.1585	14.9820	0	13.2096	29.7978	0	38.9821	4.6156	0	29.1340	-25.5139	0
29	-9.1919	-4.4603	0	-37.1225	14.9607	0	13.1910	29.7386	0	38.8789	4.5920	0	29.2134	-25.5653	0
30	-9.2022	-4.4939	0	-37.1071	14.9500	0	13.2139	29.7930	0	38.7568	4.6760	0	29.2355	-25.6296	0
31	-9.1074	-4.5241	0	-37.1217	14.9307	0	13.0608	29.7231	0	38.9447	4.7025	0	29.3114	-25.5751	0
32	-9.1833	-4.5767	0	-37.1616	14.9922	0	13.0691	29.6776	0	38.9794	4.6236	0	29.3427	-25.7193	0
33	-9.1621	-4.5109	0	-37.1339	14.9901	0	13.0162	29.9127	0	38.9824	4.6266	0	29.2440	-25.7331	0
34	-9.0633	-4.5610	0	-37.1432	15.0203	0	12.7498	29.8219	0	39.0457	4.7797	0	29.2778	-25.7705	0
35	-9.1571	-4.5271	0	-37.1801	15.0386	0	12.7990	29.9481	0	38.9962	4.6133	0	29.2390	-25.6390	0
36	-9.1783	-4.5555	0	-37.1760	15.0641	0	12.8079	29.9904	0	39.1040	4.4806	0	29.1606	-25.7011	0
37	-9.0391	-4.4535	0	-37.1734	15.0004	0	12.7760	29.9759	0	39.1360	4.5600	0	29.0238	-25.8366	0
38	-9.1138	-4.5364	0	-37.1939	15.0090	0	12.6968	29.9845	0	39.1239	4.5290	0	29.0606	-25.8177	0
39	-8.9472	-4.4983	0	-37.2177	15.0039	0	12.6371	29.8462	0	38.9930	4.7861	0	29.0773	-25.7968	0
40	-9.0232	-4.4444	0	-37.1816	15.0096	0	12.6410	29.8246	0	38.9152	4.8080	0	29.0277	-25.8551	0
41	-8.9715	-4.4724	0	-37.1364	15.0114	0	12.5364	29.8720	0	38.7710	4.8675	0	29.0001	-25.8982	0
42	-8.9968	-4.4379	0	-37.1558	15.0305	0	12.6518	30.0133	0	38.6249	4.7878	0	29.1166	-25.9232	0
43	-9.1035	-4.3009	0	-37.1695	14.9972	0	12.6878	29.8406	0	38.6819	4.8524	0	29.1040	-25.9801	0
44	-9.0182	-4.4699	0	-37.1856	14.9624	0	12.5437	29.8926	0	38.5769	4.9185	0	29.1250	-25.9797	0
45	-8.9136	-4.3695	0	-37.1974	14.9746	0	12.5967	29.8494	0	38.4670	4.6598	0	29.0043	-25.9200	0
46	-8.8158	-4.4326	0	-37.2190	14.9502	0	12.6722	29.6734	0	38.3312	4.5237	0	29.1889	-25.8920	0
47	-8.7472	-4.4962	0	-37.2013	14.9696	0	12.6774	29.7575	0	38.4585	4.5265	0	29.2476	-25.8124	0
48	-8.6857	-4.3450	0	-37.2085	15.0278	0	12.6631	29.7670	0	38.2396	4.3862	0	29.2627	-25.9106	0
49	-8.6065	-4.2537	0	-37.2957	14.9992	0	12.7443	29.8785	0	38.2746	4.3315	0	29.2082	-25.9503	0
50	-8.7349	-4.4552	0	-37.2748	14.9750	0	12.5617	29.8494	0	38.4067	4.3673	0	29.1610	-25.9440	0
51	-8.7302	-4.5270	0	-37.2458	14.9893	0	12.5870	29.8930	0	38.2933	4.4320	0	29.0773	-25.8584	0
52	-8.7353	-4.4907	0	-37.1907	15.0018	0	12.5345	30.0127	0	38.2549	4.3721	0	28.9705	-25.8941	0
53	-8.8145	-4.6207	0	-37.1607	14.9678	0	12.3429	29.9180	0	38.4075	4.3312	0	28.9978	-25.9066	0
54	-8.9663	-4.8447	0	-37.1812	14.9527	0	12.2919	29.7769	0	38.4343	4.4932	0	29.0725	-25.8625	0
55	-8.8795	-4.7794	0	-37.1861	15.0242	0	12.5105	29.7961	0	38.1996	4.4604	0	29.1451	-25.8580	0
56	-8.9685	-4.7517	0	-37.1989	14.9503	0	12.6279	29.9623	0	38.1786	4.5798	0	29.1074	-25.6606	0
57	-9.1759	-4.6685	0	-37.1981	14.9786	0	12.4803	29.7503	0	38.2136	4.5814	0	29.1148	-25.6837	0
58	-9.0737	-4.5881	0	-37.2150	15.0148	0	12.4369	29.8774	0	38.1880	4.5108	0	29.1119	-25.7316	0
59	-8.8743	-4.5571	0	-37.1872	15.0027	0	12.4740	29.7393	0	38.1654	4.5380	0	29.1133	-25.9368	0
60	-8.8889	-4.5404	0	-37.2635	14.9225	0	12.3085	29.6399	0	38.2221	4.3971	0	29.1773	-25.9802	0
61	-8.9296	-4.6108	0	-37.2674	14.9819	0	12.0991	29.6585	0	38.2459	4.4030	0	29.1463	-25.9166	0
62	-8.7683	-4.6240	0	-37.2116	15.0565	0	12.1694	29.7489	0	38.2355	4.2714	0	29.0757	-25.9237	0
63	-8.8954	-4.5274	0	-37.2014	15.0166	0	12.2804	29.8618	0	38.2176	4.2865	0	29.0875	-26.0049	0
64	-9.0295	-4.5609	0	-37.2376	15.0303	0	12.2285	29.7942	0	38.2692	4.5378	0	29.0582	-25.9893	0
65	-9.0821	-4.4941	0	-37.2182	15.0498	0	11.9978	29.8484	0	38.1961	4.5607	0	29.0612	-25.9942	0
66	-9.0227	-4.6305	0	-37.2133	15.0540	0	12.0393	29.7012	0	38.3059	4.6295	0	29.1064	-26.0604	0
67	-9.1194	-4.5538	0	-37.1869	15.0610	0	12.0561	29.7193	0	38.3450	4.7477	0	29.1021	-26.0031	0
68	-9.0762	-4.5196	0	-37.2427	15.0519	0	11.9156	29.7497	0	38.3212	4.8382	0	29.0558	-25.9565	0
69	-9.1079	-4.5582	0	-37.2162	15.0952	0	11.9360	29.6859	0	38.4346	4.9701	0	29.2286	-25.9741	0
70	-9.0386	-4.5854	0	-37.2852	15.0282	0	11.9213	29.5817	0	38.4365	4.9110	0	29.1048	-26.0234	0
71	-9.0326	-4.6176	0	-37.1983	15.0028	0	11.9868	29.6675	0	38.4687	4.6669	0	29.1336	-26.0942	0
72	-8.8762	-4.6293	0	-37.2009	14.9810	0	12.0746	29.7196	0	38.3653	4.5889	0	29.1944	-26.0726	0
73	-8.8486	-4.5228	0	-37.2685	15.0228	0	11.8217	29.5508	0	38.3766	4.4832	0	29.2356	-26.0303	0
74	-8.7960	-4.5677	0	-37.2294	14.9878	0	11.9554	29.6193	0	38.3498	4.5066	0	29.2767	-25.9702	0
75	-8.7450	-4.5222	0	-37.2597	15.0003	0	12.0518	29.6349	0	38.2459	4.5601	0	29.2869	-25.9566	0
76	-8.9202	-4.5591	0	-37.2256	15.0433	0	11.8480	29.7185	0	38.0703	4.5081	0	29.3275	-25.9555	0
77	-8.8472	-4.6518	0	-37.2524	15.0402	0	11.8045	29.7468	0	38.0752	4.4638	0	29.3433	-25.9766	0
78	-8.9514	-4.6675	0	-37.2233	15.0331	0	11.6775	29.7532	0	38.2145	4.4961	0	29.3063	-25.9917	0
79	-8.8714	-4.6562	0	-37.2773	14.9505	0	11.5934	29.6993	0	38.1474	4.6472	0	29.2466	-25.8938	0
80	-8.9632	-4.7596	0	-37.2192	14.9950	0	11.5502	29.7385	0	38.3159	4.6558	0	29.1775	-25.7902	0
81	-8.8693	-4.7290	0	-37.2025	14.9972	0	11.5916	29.6940	0	38.1972	4.6446	0	29.0480	-25.8204	0
82	-8.8520	-4.7576	0	-37.1955	15.0366	0	11.5717	29.6092	0	38.0921	4.7503	0	29.0009	-25.7751	0
83	-8.6999	-4.8418	0	-37.2703	15.0227	0	11.5218	29.7160	0	38.1028	4.6872	0	28.9863	-25.8399	0
84	-8.6476	-4.8473	0	-37.2420	14.9779	0	11.4478	29.6441	0	38.0166	4.6647	0	29.0694	-25.6636	0
85	-8.7149	-4.8891	0	-37.1871	15.0453	0	11.3640	29.6174	0	37.9881	4.6107	0	28.9346	-25.6921	0
86	-8.7409	-4.7787	0	-37.2493	15.0793	0	11.4290	29.6116	0	37.9913	4.5953	0	28.9815	-25.7664	0
87	-8.7227	-4.6607	0	-37.1767	14.9809	0	11.3463	29.5721	0	37.9928	4.5421	0	28.9802	-25.8186	0
88	-8.6302	-4.6739	0	-37.1776	15.0028	0	11.1155	29.6580	0	38.0193	4.4343	0	28.9987	-25.8469	0
89	-8.5621	-4.6751	0	-37.1434	15.0456	0	11.1842	29.6455	0	38.0106	4.3306	0	29.0666	-25.9004	0
90	-8.5917	-4.6490	0	-37.1378	15.0181	0	11.1970	29.6738	0	38.1492	4.3104	0	29.1474	-25.9109	0
91	-8.6067	-4.6629	0	-37.1740	14.9765	0	11.2289	29.6149	0	38.1143	4.3827	0	29.1768	-25.9939	0
92	-8.6517	-4.6201	0	-37.1785	15.0322	0	11.3426	29.6647	0	38.0680	4.3012	0	29.1227	-26.0775	0
93	-8.5630	-4.5726	0	-37.1627	14.9813	0	11.2679	29.5101	0	38.1468	4.3847	0	29.0217	-26.0228	0
94	-8.5857	-4.5920	0	-37.1170	15.0022	0	11.3695	29.6928	0	38.2465	4.4121	0	28.9398	-25.9979	0
95	-8.4656	-4.6565	0	-37.1532	15.0567	0	11.3481	29.6543	0	38.1904	4.4049	0	28.9642	-26.1552	0
96	-8.4567	-4.6518	0	-37.1972	15.0196	0	11.4026	29.6926	0	37.9932	4.3818	0	28.9413	-26.1708	0
97	-8.4214	-4.7625	0	-37.1945	15.0348	0	11.4458	29.6137	0	38.1547	4.3220	0	29.0218	-26.1985	0
98	-8.4042	-4.7604	0	-37.1724	14.9940	0	11.3846	29.5687	0	38.2113	4.2068	0	28.9460	-26.2805	0
99	-8.3853	-4.7259	0	-37.1744	15.0153	0	11.3674	29.7323	0	38.3940	4.3417	0	28.8753	-26.3101	0
100	-8.4116	-4.8190	0	-37.1676	14.9631	0	11.2254	29.6776	0	38.3494	4.4788	0	28.9947	-26.2683	0
101	-8.4500	-4.8975	0	-37.1829	14.9251	0	11.3066	29.6410	0	38.2569	4.5801	0	29.0882	-26.2386	0
102	-8.4736	-4.8230	0	-37.1176	14.9885	0	11.3792	29.6814	0	38.3135	4.5956	0	29.1742	-26.2202	0
103	-8.4076	-5.0024	0	-37.0791	14.9513	0	11.3272	29.7237	0	38.1911	4.5835	0	29.2233	-26.2331	0
104	-8.5020	-5.0362	0	-37.1169	15.0607	0	11.2328	29.6608	0	38.1784	4.7650	0	29.2877	-26.1261	0
105	-8.4261	-5.0198	0	-37.1725	15.1157	0	11.3770	29.5996	0	38.2295	4.7049	0	29.2255	-26.1359	0
106	-8.3910	-5.0888	0	-37.1171	15.0317	0	11.2301	29.5269	0	38.2473	4.7481	0	29.2414	-26.1850	0
107	-8.3794	-5.1227	0	-37.2231	15.0601	0	11.2965	29.4636	0	38.1833	4.8240	0	29.2117	-26.2615	0
108	-8.3573	-5.0305	0	-37.2254	15.0141	0	11.4848	29.5565	0	38.3219	4.9799	0	29.0672	-26.3578	0
109	-8.3665	-5.0293	0	-37.1298	15.0139	0	11.4870	29.5214	0	38.2301	4.8517	0	29.0080	-26.3636	0
110	-8.2899	-5.0651	0	-37.1657	15.0081	0	11.6468	29.4603	0	38.3096	4.8290	0	28.9445	-26.3865	0
111	-8.2262	-5.1304	0	-37.1650	15.0395	0	11.5721	29.3257	0	38.2015	4.9193	0	28.9870	-26.3312	0
112	-8.2649	-5.1513	0	-37.1471	15.0232	0	11.5033	29.3289	0	38.3049	4.8667	0	29.0657	-26.3693	0
113	-8.1945	-5.0900	0	-37.1687	15.0264	0	11.4468	29.2658	0	38.1679	4.8144	0	29.0424	-26.4084	0
114	-8.2236	-5.0667	0	-37.1740	14.9940	0	11.5689	29.0522	0	38.1663	4.7151	0	29.0462	-26.3623	0
115	-8.2466	-5.1519	0	-37.1481	14.9595	0	11.6887	29.0171	0	38.2561	4.7373	0	29.0332	-26.2412	0
116	-8.2416	-5.1391	0	-37.1252	15.0119	0	11.9110	29.1170	0	38.2998	4.6604	0	28.9880	-26.1528	0
117	-8.1237	-5.1013	0	-37.1515	15.0323	0	12.0432	29.2325	0	38.2862	4.5746	0	29.0779	-26.1432	0
118	-8.3192	-5.0550	0	-37.1659	14.9659	0	11.8603	29.2080	0	38.2403	4.5769	0	29.1357	-26.1379	0
119	-8.5003	-5.0911	0	-37.1971	14.9446	0	11.6972	29.1019	0	38.1735	4.6513	0	29.0698	-26.0860	0
120	-8.3692	-5.0536	0	-37.1200	15.0021	0	11.6583	29.3527	0	38.1003	4.5893	0	29.0085	-26.0022	0
121	-8.4096	-5.1082	0	-37.1892	14.9435	0	11.6444	29.2201	0	38.1487	4.6049	0	28.9702	-25.9442	0
122	-8.5180	-5.1149	0	-37.2157	14.9556	0	11.5063	29.0405	0	38.2337	4.6568	0	28.8549	-25.9395	0
123	-8.4364	-5.1820	0	-37.2501	14.9102	0	11.3828	29.1198	0	38.2285	4.5293	0	28.8329	-25.9767	0
124	-8.4345	-5.1782	0	-37.1647	14.9260	0	11.2713	29.1197	0	38.2618	4.5521	0	28.9149	-26.0456	0
125	-8.4135	-5.2598	0	-37.1896	14.9491	0	11.3675	29.0980	0	38.1195	4.4466	0	28.9350	-26.0577	0
126	-8.3630	-5.3282	0	-37.1500	14.9402	0	11.3708	29.1358	0	38.1335	4.3763	0	28.9537	-26.0415	0
127	-8.4122	-5.4735	0	-37.1646	14.9742	0	11.4472	29.0200	0	38.2274	4.3286	0	28.8893	-26.1281	0
128	-8.5305	-5.3376	0	-37.1527	15.0309	0	11.4022	29.0574	0	38.2674	4.1698	0	28.8541	-26.0750	0
129	-8.5527	-5.4041	0	-37.1951	14.9670	0	11.4456	28.9427	0	38.1588	3.9962	0	28.8912	-26.0751	0
130	-8.5376	-5.4106	0	-37.1738	14.9923	0	11.0983	28.7809	0	38.2263	3.9649	0	28.8182	-26.2285	0
131	-8.4250	-5.3911	0	-37.1909	14.9396	0	11.0782	28.8927	0	38.2162	3.9391	0	28.8354	-26.1117	0
132	-8.3758	-5.3674	0	-37.1870	14.8922	0	10.9663	28.8121	0	38.1846	3.8978	0	28.7484	-26.1928	0
133	-8.2629	-5.4210	0	-37.2794	14.8559	0	10.9950	28.7623	0	38.1713	3.9153	0	28.8206	-26.1359	0
134	-8.3346	-5.4398	0	-37.2429	14.9664	0	10.8525	28.6037	0	38.0378	3.8833	0	28.8619	-26.0180	0
135	-8.3914	-5.3316	0	-37.2118	14.9362	0	11.0039	28.5160	0	37.9866	3.8836	0	28.7604	-25.8760	0
136	-8.4780	-5.2590	0	-37.2486	14.8481	0	10.8739	28.4592	0	37.9294	3.7654	0	28.8131	-25.8784	0
137	-8.5322	-5.3935	0	-37.2124	14.8858	0	10.6676	28.5237	0	37.9517	3.7155	0	28.7525	-25.8109	0
138	-8.3674	-5.4293	0	-37.1934	14.8954	0	10.6565	28.4926	0	38.1545	3.7392	0	28.7959	-25.8005	0
139	-8.3825	-5.3118	0	-37.1758	14.8960	0	10.5686	28.2899	0	38.2116	3.7123	0	28.7901	-25.7843	0
140	-8.4619	-5.2044	0	-37.2028	14.8540	0	10.4762	28.2955	0	38.2821	3.6654	0	28.8460	-25.6962	0
141	-8.4604	-5.2733	0	-37.2342	14.9816	0	10.2554	28.3909	0	38.1869	3.6978	0	28.8062	-25.7713	0
142	-8.3628	-5.1941	0	-37.1404	14.9566	0	10.2523	28.3656	0	38.2199	3.7252	0	28.8288	-25.8161	0
143	-8.3738	-5.2336	0	-37.1507	14.8446	0	10.1379	28.3331	0	38.2115	3.8125	0	28.7965	-25.7097	0
144	-8.3295	-5.3366	0	-37.1430	15.0262	0	10.2546	28.2948	0	38.1874	3.7897	0	28.7958	-25.8230	0
145	-8.3382	-5.2405	0	-37.1558	15.0206	0	10.2579	28.4468	0	38.1682	3.7286	0	28.7173	-25.8416	0
146	-8.4081	-5.2522	0	-37.2394	14.9488	0	10.4623	28.3150	0	38.3134	3.8117	0	28.7412	-25.7049	0
147	-8.3837	-5.4211	0	-37.2400	14.9747	0	10.3614	27.9653	0	38.3551	3.9720	0	28.6273	-25.4853	0
148	-8.3899	-5.3882	0	-37.1159	14.9803	0	10.3502	28.0974	0	38.1326	3.9312	0	28.5677	-25.6048	0
149	-8.2597	-5.2106	0	-37.2009	14.9801	0	10.3584	28.1925	0	38.0542	3.9786	0	28.5433	-25.6453	0
150	-8.2352	-5.3398	0	-37.2358	14.8959	0	10.1891	28.1394	0	38.0053	4.0625	0	28.5711	-25.4645	0
151	-8.2027	-5.4482	0	-37.2383	14.9214	0	10.2416	27.9555	0	38.1018	4.0362	0	28.5786	-25.5115	0
152	-8.1967	-5.3210	0	-37.2244	15.0629	0	10.2636	27.9750	0	38.1471	3.9641	0	28.6460	-25.6874	0
153	-8.1656	-5.2732	0	-37.1957	14.9847	0	10.4008	27.8773	0	38.1667	3.9263	0	28.5706	-25.4157	0
154	-8.0677	-5.4303	0	-37.2207	15.0137	0	10.3172	27.8376	0	38.1050	3.8556	0	28.6013	-25.4946	0
155	-8.0135	-5.4075	0	-37.1950	15.0003	0	10.2194	27.7280	0	38.0304	3.7948	0	28.5800	-25.5302	0
156	-8.0021	-5.3423	0	-37.1421	14.9917	0	9.9804	27.7231	0	38.0506	3.8923	0	28.7183	-25.6490	0
157	-7.9687	-5.3138	0	-37.1687	14.9954	0	9.8570	27.8496	0	38.0672	4.0928	0	28.6353	-25.6121	0
158	-8.0567	-5.2858	0	-37.2167	15.1047	0	9.7830	27.9200	0	38.0462	4.0131	0	28.6005	-25.6688	0
159	-8.0456	-5.2462	0	-37.2538	15.0585	0	9.8156	28.1211	0	37.9528	3.8905	0	28.6210	-25.7022	0
160	-8.2050	-5.3398	0	-37.3150	14.9950	0	9.7257	28.0890	0	38.1131	3.8913	0	28.6380	-25.5212	0
161	-8.2804	-5.4303	0	-37.2243	14.9692	0	9.5439	27.8839	0	38.1057	4.0783	0	28.5523	-25.5087	0
162	-8.2911	-5.3711	0	-37.2341	15.0573	0	9.6256	27.9369	0	38.0543	4.0882	0	28.3850	-25.6527	0
163	-8.3041	-5.3655	0	-37.1888	15.0444	0	9.7449	28.0454	0	38.0810	3.9729	0	28.4115	-25.7853	0
164	-8.2984	-5.4453	0	-37.1838	14.9697	0	9.7265	27.9020	0	38.0284	3.9835	0	28.3347	-25.7286	0
165	-8.2575	-5.4297	0	-37.2660	15.1298	0	9.7438	27.8187	0	38.0135	3.9394	0	28.3207	-25.6968	0
166	-8.1741	-5.3390	0	-37.2847	15.1168	0	9.5802	27.9187	0	38.0029	3.9104	0	28.4308	-25.6495	0
167	-8.2117	-5.3866	0	-37.2682	15.0947	0	9.6399	28.0018	0	38.0083	3.9160	0	28.5187	-25.6585	0
168	-8.1044	-5.2703	0	-37.2246	15.0878	0	9.7172	28.0909	0	37.9053	3.8673	0	28.6297	-25.5330	0
169	-8.0856	-5.3037	0	-37.2029	15.0632	0	9.7753	28.1032	0	37.9226	3.7724	0	28.7571	-25.5373	0
170	-7.9486	-5.1915	0	-37.2463	15.0763	0	9.8186	28.1171	0	37.9397	3.8003	0	28.8201	-25.5153	0
171	-7.9320	-5.3630	0	-37.2673	15.1042	0	9.7721	28.0993	0	37.9623	3.7326	0	28.8417	-25.5983	0
172	-7.8711	-5.2173	0	-37.2321	15.0733	0	9.9299	28.1206	0	37.9027	3.6797	0	28.8855	-25.6527	0
173	-7.9307	-5.1682	0	-37.2232	15.0673	0	9.8677	28.2279	0	38.0585	3.6954	0	28.9074	-25.6220	0
174	-7.9997	-5.0156	0	-37.1602	15.0858	0	9.6969	27.9855	0	38.0104	3.6260	0	28.8661	-25.5616	0
175	-8.0296	-5.0854	0	-37.1522	15.0911	0	9.7026	27.9602	0	38.1394	3.6131	0	28.8972	-25.5823	0
176	-7.9493	-5.1732	0	-37.1881	14.9895	0	9.7779	27.8691	0	37.9719	3.6499	0	28.8549	-25.6231	0
177	-7.9210	-5.2891	0	-37.2518	14.9723	0	9.7743	27.8375	0	37.9498	3.6037	0	28.8076	-25.6250	0
178	-7.9642	-5.2229	0	-37.1767	15.0240	0	9.9206	27.9473	0	37.9862	3.5790	0	28.6911	-25.5962	0
179	-7.8142	-5.3220	0	-37.1389	14.9712	0	9.9726	27.9364	0	37.8666	3.5608	0	28.7748	-25.6881	0
180	-7.9636	-5.3148	0	-37.1862	14.9931	0	10.0532	27.8138	0	37.7898	3.5782	0	28.7419	-25.7173	0
181	-8.0333	-5.3457	0	-37.1901	15.0934	0	10.1577	27.8431	0	37.8370	3.7027	0	28.8292	-25.6902	0
182	-8.0951	-5.4936	0	-37.1779	15.0980	0	10.0403	27.7519	0	37.7336	3.7205	0	28.9069	-25.7596	0
183	-8.1098	-5.6126	0	-37.1273	15.0948	0	9.9942	27.8581	0	37.8591	3.7005	0	28.8984	-25.7526	0
184	-8.1416	-5.6039	0	-37.1946	15.0530	0	9.9719	27.9093	0	37.7884	3.6397	0	28.7452	-25.8118	0
185	-8.0254	-5.5324	0	-37.2129	14.9957	0	10.1389	27.9136	0	37.6999	3.6913	0	28.6732	-25.7742	0
186	-7.9545	-5.5875	0	-37.2272	15.0260	0	10.1993	27.9850	0	37.6835	3.6033	0	28.6803	-25.6882	0
187	-8.0376	-5.5645	0	-37.2307	15.0372	0	10.1323	28.0011	0	37.6814	3.5348	0	28.6614	-25.8091	0
188	-7.9509	-5.8173	0	-37.2294	15.0056	0	10.0301	27.9836	0	37.7797	3.5440	0	28.5687	-25.8777	0
189	-7.8630	-5.8548	0	-37.2297	14.9753	0	10.0219	27.8358	0	37.6524	3.5775	0	28.6617	-25.6669	0
190	-7.8156	-5.7655	0	-37.2354	14.9889	0	9.8857	27.6732	0	37.6285	3.4743	0	28.6450	-25.7674	0
191	-7.8019	-5.8300	0	-37.2539	15.0055	0	9.7253	27.6617	0	37.6081	3.5643	0	28.7047	-25.9146	0
192	-7.8153	-5.8951	0	-37.2664	14.9673	0	9.7466	27.6571	0	37.7659	3.5319	0	28.7467	-25.8769	0
193	-7.8366	-6.0236	0	-37.2850	14.9212	0	9.7623	27.7476	0	37.7529	3.5732	0	28.6997	-25.7660	0
194	-7.6949	-6.0173	0	-37.2776	14.9738	0	9.8790	27.8175	0	37.6538	3.5405	0	28.7071	-25.8173	0
195	-7.8062	-6.1134	0	-37.2877	15.0295	0	9.7936	27.7911	0	37.6600	3.5287	0	28.7227	-25.7842	0
196	-7.8504	-6.2384	0	-37.2380	15.0167	0	9.6701	27.8452	0	37.6990	3.5569	0	28.7273	-25.7491	0
197	-7.7548	-6.2633	0	-37.1777	15.0501	0	9.5974	27.7380	0	37.5842	3.5002	0	28.6784	-25.7458	0
198	-7.8563	-6.3247	0	-37.1987	15.0662	0	9.8009	27.7946	0	37.5482	3.4557	0	28.6960	-25.6630	0
199	-8.0757	-6.1700	0	-37.1939	15.0217	0	9.8006	27.6941	0	37.6520	3.4606	0	28.5670	-25.6234	0
200	-8.2017	-6.2126	0	-37.3038	15.0190	0	9.7762	27.8144	0	37.6007	3.5295	0	28.6091	-25.6155	0
201	-8.1183	-6.2728	0	-37.2234	15.0260	0	9.8738	27.6477	0	37.5564	3.6219	0	28.6504	-25.5870	0
202	-8.0176	-6.4169	0	-37.2109	15.0158	0	9.8437	27.6216	0	37.5230	3.6140	0	28.7016	-25.6572	0
203	-8.0068	-6.3538	0	-37.2338	15.0113	0	9.7880	27.5595	0	37.5018	3.6111	0	28.8542	-25.8065	0
204	-8.0676	-6.2727	0	-37.2370	14.9748	0	9.7415	27.4314	0	37.3815	3.6888	0	28.8030	-25.8799	0
205	-7.9122	-6.0876	0	-37.2212	14.9776	0	9.5832	27.3703	0	37.3894	3.6862	0	28.8473	-25.8697	0
206	-7.8335	-6.1682	0	-37.1969	15.0901	0	9.7597	27.4598	0	37.3803	3.6938	0	28.7735	-25.8822	0
207	-7.8210	-6.1933	0	-37.1752	15.0206	0	9.7203	27.5081	0	37.4576	3.6520	0	28.7734	-25.8158	0
208	-7.9029	-6.2475	0	-37.1860	15.0145	0	9.6684	27.5284	0	37.4872	3.5056	0	28.8127	-25.8010	0
209	-8.0735	-6.3257	0	-37.2373	14.9537	0	9.6711	27.5490	0	37.4852	3.4183	0	28.8603	-25.8539	0
210	-7.9995	-6.4741	0	-37.1962	14.9523	0	9.6081	27.5249	0	37.4306	3.2691	0	28.7295	-25.8792	0
211	-8.0856	-6.5669	0	-37.1941	14.8867	0	9.6936	27.6315	0	37.4596	3.1960	0	28.7608	-25.7739	0
212	-8.0643	-6.5338	0	-37.1910	14.8886	0	9.6127	27.4907	0	37.5683	3.2747	0	28.7506	-25.7795	0
213	-7.9744	-6.6113	0	-37.2240	14.9190	0	9.4828	27.5873	0	37.5448	3.2258	0	28.6702	-25.8534	0
214	-7.9606	-6.6922	0	-37.2938	14.9214	0	9.6004	27.7154	0	37.6171	3.2959	0	28.6950	-25.8335	0
215	-7.9177	-6.7871	0	-37.2220	14.8632	0	9.5772	27.7214	0	37.6183	3.3455	0	28.7503	-25.8525	0
216	-7.8620	-6.8209	0	-37.2042	14.9145	0	9.4963	27.6153	0	37.5343	3.3882	0	28.7376	-25.8641	0
217	-8.0869	-6.6694	0	-37.2478	14.9829	0	9.5695	27.5293	0	37.5969	3.3058	0	28.8314	-25.9311	0
218	-8.1178	-6.7841	0	-37.2485	14.9812	0	9.5632	27.5559	0	37.5960	3.3682	0	28.7681	-25.9114	0
219	-8.1704	-6.9054	0	-37.1761	14.9888	0	9.4899	27.4384	0	37.6196	3.3772	0	28.8485	-25.8807	0
220	-8.0844	-6.9823	0	-37.1620	15.0589	0	9.6086	27.5762	0	37.7495	3.2859	0	28.8151	-25.8932	0
221	-8.0981	-7.0731	0	-37.1404	15.0567	0	9.5820	27.5829	0	37.6662	3.2948	0	28.8194	-25.8598	0
222	-8.1536	-6.9375	0	-37.1677	15.0804	0	9.4457	27.4811	0	37.7462	3.2656	0	28.9677	-25.9391	0
223	-8.1117	-6.9251	0	-37.1463	15.0409	0	9.5063	27.2871	0	37.7079	3.4247	0	29.0615	-26.0200	0
224	-8.1071	-6.9414	0	-37.2240	14.9724	0	9.4844	27.3054	0	37.8001	3.3243	0	29.1577	-25.9626	0
225	-8.0973	-6.9387	0	-37.1839	15.0315	0	9.4553	27.4348	0	37.7422	3.2903	0	29.2350	-25.9037	0
226	-8.0911	-6.8235	0	-37.2150	15.0208	0	9.4863	27.5372	0	37.6331	3.2090	0	29.2268	-25.9587	0
227	-8.1407	-6.8192	0	-37.2697	14.9261	0	9.7327	27.6379	0	37.5289	3.3014	0	29.2484	-26.0154	0
228	-8.1680	-6.8652	0	-37.2629	14.9632	0	9.7433	27.5722	0	37.6405	3.2707	0	29.2904	-25.8326	0
229	-8.1687	-6.9089	0	-37.1908	15.0253	0	9.6227	27.6066	0	37.6166	3.3356	0	29.3622	-25.8542	0
230	-8.1624	-6.7855	0	-37.1961	15.1049	0	9.6019	27.6244	0	37.5771	3.2465	0	29.3106	-25.9496	0
231	-8.2499	-6.7850	0	-37.2684	15.0253	0	9.6420	27.6065	0	37.5442	3.2716	0	29.3691	-26.0323	0
232	-8.2695	-6.8189	0	-37.2561	14.9263	0	9.5523	27.4277	0	37.4935	3.3209	0	29.4326	-26.0327	0
233	-8.2744	-6.9080	0	-37.2127	14.9364	0	9.5992	27.4633	0	37.4387	3.2978	0	29.5040	-26.1820	0
234	-8.2594	-6.9555	0	-37.2163	15.0633	0	9.3572	27.3526	0	37.3154	3.2412	0	29.4396	-26.2194	0
235	-8.2175	-6.8937	0	-37.2367	15.0546	0	9.4288	27.3739	0	37.3856	3.2827	0	29.3790	-26.2604	0
236	-8.1187	-6.8724	0	-37.1940	15.0124	0	9.5642	27.3924	0	37.5445	3.3421	0	29.3388	-26.2887	0
237	-8.0759	-6.8566	0	-37.2406	15.0266	0	9.5874	27.4190	0	37.5353	3.2555	0			
238	-8.0441	-6.9606	0	-37.1967	15.0548	0	9.6081	27.2776	0						
239	-8.1341	-6.9886	0												
