Frame	X3	Y3	Flag3	X4	Y4	Flag4	X5	Y5	Flag5	X6	Y6	Flag6	X2	Y2	Flag2	X9	Y9	Flag9	X10	Y10	Flag10	X8	Y8	Flag8	X1	Y1	Flag1	X11	Y11	Flag11	X7	Y7	Flag7
1	285.2848	1026.7632	0	354.2523	628.4527	0	644.2307	322.0731	0	795.3237	607.7138	0	649.2999	637.3719	0	676.7560	614.2517	0	985.0076	317.1591	0	356.3305	634.3640	0	631.6903	336.4700	0	616.5395	343.7500	0	687.1214	599.4162	0
2	288.0000	1012.5000	0	337.0129	625.0903	0	644.5061	325.1861	0	797.9645	608.0211	0	648.4066	639.4699	0	677.4532	613.6751	0	984.2381	316.5524	0	356.1875	634.4509	0	629.0060	338.9399	0	617.5367	342.6055	0	687.2468	604.6270	0
3	286.5000	1012.5000	0	339.9918	626.7531	0	642.3238	325.4994	0	794.2205	609.1107	0	650.1378	637.5678	0	676.7639	614.3298	0	978.0135	313.8566	0	356.1298	634.3846	0	624.9338	339.3516	0	616.5826	343.6609	0	680.7913	598.2435	0
4	285.0000	1011.0000	0	340.6983	625.6961	0	641.1247	324.5864	0	795.2064	609.5341	0	650.6322	637.5569	0	676.8913	613.6052	0	984.4442	316.0558	0	356.4444	634.0292	0	623.4278	340.5415	0	617.0026	342.9162	0	688.8522	596.2261	0
5	291.0000	1014.0000	0	342.5675	630.9675	0	637.8952	329.5619	0	794.6249	607.7252	0	650.2138	638.2862	0	675.4446	612.6081	0	976.2537	316.2622	0	356.1675	634.4581	0	623.1802	341.0593	0	617.2880	343.1571	0	688.6992	592.3984	0
6	289.8263	1018.2586	0	339.9078	632.1161	0	636.0169	328.3786	0	794.5595	607.8392	0	649.1204	638.5553	0	675.7588	619.4600	0	973.3685	311.5856	0	356.1519	634.7764	0	637.2334	354.7923	0	617.2328	343.9138	0	683.0548	592.2808	0
7	291.0000	1011.0000	0	340.7490	630.7753	0	638.5725	329.9006	0	794.9619	610.3884	0	650.0334	638.1816	0	675.5616	622.6127	0	971.0312	309.0632	0	355.9756	633.9959	0	637.9818	353.7899	0	616.7754	342.5024	0	675.3571	589.0643	0
8	286.5000	1008.0000	0	344.7122	634.7342	0	640.2667	326.8738	0	794.2414	607.3911	0	649.4524	638.4901	0	677.8516	623.0989	0	978.6890	306.1850	0	356.1403	634.5339	0	637.0309	354.9227	0	617.5394	342.8328	0	684.3080	596.0646	0
9	285.4640	1018.4599	0	344.5773	636.9936	0	638.4385	328.4685	0	792.9381	606.7703	0	649.1858	639.0135	0	672.2333	620.4429	0	976.8651	309.6513	0	356.1777	634.5228	0	621.7970	341.6234	0	617.2145	343.7674	0	691.7139	593.3079	0
10	283.5243	1022.6942	0	346.3371	638.2228	0	635.9917	329.5301	0	793.0766	605.1931	0	650.8288	637.3884	0	672.9587	625.2702	0	978.4670	308.6996	0	356.1651	634.4764	0	621.1487	342.2380	0	616.9154	343.6939	0	689.3101	603.1202	0
11	285.0000	1017.0000	0	344.5161	636.5414	0	636.2248	329.5374	0	790.6177	605.5337	0	651.3700	636.0889	0	673.0995	620.3632	0	971.9387	306.8460	0	356.1469	634.4929	0	637.3515	354.2104	0	617.7555	343.3521	0	691.4937	603.1744	0
12	285.0000	1017.0000	0	345.1008	632.4291	0	636.4766	329.9801	0	787.5546	608.7411	0	650.8001	636.8120	0	673.1844	619.7249	0	979.7901	308.1374	0	356.1238	634.5143	0	637.0153	354.8218	0	624.9115	338.9450	0	699.8265	607.8607	0
13	286.5000	1012.5000	0	345.0000	630.0000	0	636.5827	331.1173	0	788.7177	606.8128	0	652.1730	635.1910	0	671.9076	619.3808	0	974.7951	309.5805	0	356.1327	634.4882	0	618.9310	343.5909	0	626.5533	338.0119	0	699.5045	602.6588	0
14	288.0000	1012.5000	0	345.0000	633.0000	0	636.1500	328.8273	0	790.0169	607.3149	0	650.6407	637.0267	0	670.7601	618.7433	0	977.8043	306.5714	0	356.1564	634.4739	0	618.4242	343.4689	0	628.2325	337.6885	0	698.5082	599.1699	0
15	286.5000	1014.0000	0	347.8890	630.5261	0	633.1085	329.3235	0	793.5000	609.0000	0	650.0153	637.0615	0	671.5859	619.8402	0	977.4800	307.4489	0	354.7758	629.6808	0	619.2710	343.1811	0	628.2026	337.6860	0			
16	286.5000	1014.0000	0	343.8953	629.3254	0	634.5000	327.0000	0	793.5000	612.0000	0	652.0250	635.4241	0	671.5040	619.6917	0	974.6445	309.9431	0	356.0349	634.5458	0	637.5872	354.0732	0	629.7419	338.2062	0			
17	288.0000	1014.0000	0	344.1420	630.0481	0	635.3370	326.2845	0	793.5969	610.7255	0	652.3715	634.8155	0	671.7565	618.9286	0	976.3065	306.0968	0	356.1296	634.4722	0	637.1647	354.1671	0	630.0938	337.6520	0			
18	286.5000	1012.5000	0	340.6207	631.4672	0	636.1477	330.3562	0	794.4842	607.2184	0	653.1402	633.8698	0	672.0498	620.0647	0	977.1050	305.9178	0	355.7832	634.1049	0	636.5194	354.7774	0	630.1756	338.0248	0			
19	285.6551	1021.1784	0	345.0300	628.7161	0	635.2889	331.8308	0	796.8324	608.3942	0	653.7446	632.8154	0	671.6993	619.0865	0	983.2287	310.1945	0	353.4701	628.2491	0	635.5231	355.3449	0	629.3117	338.0552	0			
20	283.4635	1021.3593	0	342.8038	627.3147	0	633.3259	329.6139	0	797.4401	607.6527	0	654.5131	632.2733	0	672.0000	619.0179	0	980.4048	304.6916	0	353.4574	626.9790	0	637.2654	354.3511	0	629.4201	337.6913	0			
21	280.2131	1023.4896	0	341.3843	629.5959	0	631.9292	332.8788	0	796.5932	607.0174	0	654.1766	632.7263	0	672.0167	619.5083	0	975.8956	304.4042	0	353.0604	626.7620	0	637.5730	353.7247	0						
22	279.1150	1023.2086	0	342.2840	626.0395	0	631.5719	332.2741	0	795.0360	603.0702	0	653.9879	632.9852	0	671.6327	618.4745	0	978.3659	303.7462	0	353.5305	627.4107	0	635.4565	354.8505	0						
23	279.0000	1017.0000	0	344.1637	626.5547	0	632.1644	334.7575	0	794.2288	606.1676	0	655.2443	632.5568	0	671.7882	619.1232	0	978.3243	304.3102	0	353.0852	626.5690	0	633.3665	355.3765	0						
24	280.5000	1015.5000	0	343.7133	625.7920	0	629.9811	333.8937	0	794.6856	605.7786	0	654.7469	632.6491	0	672.1473	619.5426	0	978.4905	305.5207	0	353.2196	627.1659	0	636.1216	354.9804	0						
25	281.1122	1022.9913	0	343.2989	627.7435	0	627.6443	334.3564	0	798.2618	602.1407	0	653.0907	633.4565	0	671.0165	617.5372	0	982.2979	304.6146	0	353.5107	627.7605	0	634.8381	355.5980	0						
26	282.3751	1021.7460	0	343.3171	626.6077	0	627.0000	337.5000	0	795.9042	602.6112	0	653.8519	633.3955	0	671.4730	618.5748	0	984.6171	302.5027	0	353.3869	629.0459	0									
27	285.0000	1015.5000	0	341.8832	627.1083	0	627.7370	338.7840	0	795.8545	602.1094	0	654.4218	632.8997	0	671.5865	618.5336	0	986.2051	301.0260	0	353.2948	626.6063	0									
28	285.0000	1014.0000	0	341.7580	625.7407	0	627.0993	343.4757	0	796.9214	601.1979	0	653.6680	634.0974	0	671.3916	618.1049	0	983.2051	301.0889	0												
29	283.4592	1018.9408	0	341.8002	627.0011	0	627.0279	344.8650	0	800.9492	600.1930	0	653.3670	634.9182	0	671.6496	619.0512	0	981.5794	300.3010	0												
30	285.0237	1020.3468	0	340.8663	624.4819	0	628.5000	345.0000	0	801.4646	599.5691	0	654.2409	634.0866	0	671.1164	617.9894	0	981.8687	301.9451	0												
31	286.8492	1019.1062	0	340.0317	623.4743	0	628.6260	345.1215	0	800.2316	600.2663	0	654.6778	633.3679	0	671.6045	618.6723	0	982.8165	296.9199	0												
32	289.5000	1009.5000	0	340.9062	622.4343	0	628.7206	345.0488	0	799.7585	598.9125	0	653.4330	634.3941	0	671.5000	618.6383	0	982.8735	298.9867	0												
33	289.5000	1009.5000	0	340.7037	622.9683	0	631.1399	343.1314	0	798.2798	602.5078	0	653.7337	634.8575	0	664.5971	620.0291	0	984.4941	301.5373	0												
34	289.5000	1009.5000	0	340.5601	623.8261	0	632.5737	344.2005	0	797.2085	600.2768	0	653.8908	634.8429	0	671.4937	619.3308	0	984.3043	304.5692	0												
35	289.5000	1011.0000	0	342.0000	627.0000	0	634.0248	343.1894	0	799.5471	598.9163	0	653.7976	634.6794	0	671.4967	619.3039	0	982.6846	305.0173	0												
36	291.0000	1012.5000	0	343.4892	629.1921	0	633.4366	342.6225	0	801.8753	599.2107	0	654.1337	634.1651	0	657.0688	620.8381	0	983.5291	304.1562	0												
37	288.0000	1012.5000	0	342.6803	631.3595	0	632.6657	341.0804	0	801.9818	599.3229	0	654.8452	632.4619	0	656.8991	621.1101	0	983.8386	304.1889	0												
38	292.5000	1009.5000	0	341.4621	634.2250	0	632.2845	339.9180	0	801.5540	599.5553	0	655.5640	632.7995	0	671.4875	618.4624	0	983.9146	303.4580	0												
39	294.0000	1011.0000	0	340.7894	634.9788	0	630.8854	342.3941	0	802.5184	604.6824	0	670.1354	622.7765	0	656.7731	621.2744	0	986.2477	303.9337	0												
40	294.0000	1008.0000	0	342.6376	635.0747	0	630.3890	344.1880	0	801.3500	600.5519	0	668.3709	623.6689	0	655.5454	623.2025	0	988.8354	301.8417	0												
41	291.0000	1005.0000	0	341.8851	634.7337	0	631.5764	343.7381	0	800.6558	602.5017	0	666.6126	624.4708	0	656.1758	621.9703	0	988.2666	302.7990	0												
42	287.3277	1014.1821	0	341.7491	632.6139	0	629.6608	345.3127	0	800.3929	602.6841	0	666.5943	625.1843	0	662.4298	622.3022	0	989.9450	301.2602	0												
43	286.1377	1014.2913	0	339.9028	631.1542	0	630.5278	346.7000	0	801.8519	598.0573	0	665.2879	626.2535	0	656.0415	622.7327	0	993.0867	302.8455	0												
44	289.5000	1009.5000	0	341.5827	629.4248	0	629.5856	348.2856	0	803.4852	597.9116	0	653.8195	633.3297	0	657.0754	624.3556	0	994.5642	301.9985	0												
45	287.3227	1018.1399	0	342.5298	629.8313	0	629.6535	345.4676	0	805.3576	597.4957	0	651.5551	635.6699	0	656.9722	624.3894	0	998.0572	302.3085	0												
46	292.5000	1015.5000	0	342.4792	631.2759	0	629.7600	344.8126	0	803.2966	599.4936	0	649.2893	637.3883	0	656.9289	623.7445	0	997.8001	297.0953	0												
47	288.6657	1022.8792	0	339.6193	627.4962	0	631.5450	347.0764	0	800.1299	595.7321	0	650.4946	636.4554	0	660.5616	622.3199	0	998.0098	296.7774	0												
48	292.5000	1017.0000	0	340.8004	626.0745	0	628.7299	343.5418	0	800.3720	602.5119	0	650.1868	636.8442	0	655.8325	622.9132	0	998.4747	296.7837	0												
49	288.0000	1017.0000	0	343.7733	621.8901	0	628.3891	343.8766	0	804.2826	603.6700	0	651.3530	635.3496	0	662.4138	622.0631	0	997.8941	292.2459	0												
50	289.5000	1017.0000	0	342.0871	622.6566	0	627.6580	342.7770	0	808.5773	602.2423	0	648.9642	638.5723	0	662.1202	622.5614	0	995.8162	295.1696	0												
51	292.5000	1018.5000	0	340.3492	626.5395	0	626.2482	341.9973	0	807.8690	599.4121	0	649.6074	637.8105	0	657.0521	623.7066	0	993.5627	293.5282	0												
52	292.5000	1021.5000	0	339.9881	623.5426	0	623.0536	336.8474	0	804.1612	598.6887	0	647.5105	640.3349	0	656.3166	622.3209	0	991.7494	292.0865	0												
53	294.0000	1021.5000	0	339.5199	624.8303	0	622.5753	337.4093	0	804.2132	604.1980	0	648.7422	636.9652	0	656.2447	621.7725	0	990.6871	291.6306	0												
54	292.5000	1018.5000	0	336.7169	626.8338	0	618.3009	336.3520	0	806.3261	598.9633	0	657.3121	631.2457	0	656.3750	622.2147	0	985.4280	293.4142	0												
55	294.0000	1023.0000	0	337.1085	626.9711	0	617.7675	334.4290	0	804.5589	602.7320	0	658.4656	630.2958	0	662.6517	622.4665	0	987.1391	291.9691	0												
56	294.0000	1024.5000	0	340.7760	621.8869	0	618.8225	329.4813	0	805.5000	598.5000	0	649.5488	637.8951	0	662.2908	622.6508	0															
57	292.5000	1023.0000	0	340.5873	620.5952	0	618.7731	328.0751	0	808.5000	598.5000	0	660.3057	629.8615	0	662.3147	621.7894	0															
58	295.5000	1023.0000	0	339.1638	622.2769	0	621.0303	331.7502	0	810.0000	595.5000	0	659.8190	629.3540	0	663.6161	620.7678	0															
59	289.0022	1028.1032	0	339.9381	621.2655	0	616.7501	333.2803	0	810.0000	597.0000	0	649.1917	638.1190	0	670.9141	618.9284	0															
60	287.6912	1026.3674	0	341.3962	622.1957	0	616.5007	331.4615	0	811.5000	597.0000	0	648.7639	638.9755	0	663.5311	621.1502	0															
61	288.6931	1027.5814	0	338.6690	621.4903	0	614.5645	332.7320	0	807.0000	598.5000	0	648.0136	639.6021	0	662.7221	622.2134	0															
62	289.7670	1025.5673	0	335.9821	619.8372	0	615.8433	335.0013	0	811.2132	601.4571	0	647.1025	640.9526	0	663.0988	621.5830	0															
63	291.9216	1025.0054	0	334.8933	618.6597	0	614.2895	336.8673	0	810.0000	600.0000	0	648.4357	639.1558	0	662.5204	622.5620	0															
64	290.9516	1022.1565	0	335.3378	618.4598	0	613.2787	338.6106	0	810.0000	601.5000	0	648.5200	637.6111	0	662.3953	623.0558	0															
65	289.0640	1021.3607	0	334.1107	621.1408	0	616.7645	340.3850	0	810.0000	600.0000	0	655.0970	632.6570	0	660.9763	625.2654	0															
66	290.0361	1023.2483	0	331.6525	621.2804	0	618.3457	340.6528	0	811.5000	601.5000	0	657.2221	630.9475	0	660.1897	625.1136	0															
67	290.1114	1024.7118	0	333.7293	624.2013	0	620.1091	335.3416	0	814.5000	603.0000	0	657.5324	630.0318	0	659.8264	624.7788	0															
68	288.3930	1027.3536	0	334.1016	623.5018	0	619.6725	337.2913	0	816.0000	601.5000	0	656.5905	630.6814	0	662.1339	622.8438	0															
69	289.3673	1027.8824	0	333.8825	621.4419	0	619.5158	338.9411	0	816.0000	598.5000	0	654.8850	632.1153	0	660.0070	625.0404	0															
70	288.2058	1029.0702	0	334.9863	620.6053	0	621.1842	337.6188	0	816.0000	598.5000	0	657.8787	630.5424	0	661.4667	624.8180	0															
71	288.3667	1029.5658	0	338.0453	623.6096	0	622.1650	336.2372	0	816.0000	598.5000	0	655.6417	631.1224	0	662.7315	624.1063	0															
72	297.0000	1027.5000	0	337.2471	622.7283	0	623.6504	338.9375	0	819.0000	597.0000	0	655.1146	631.7684	0	661.2465	623.2502	0															
73	293.1080	1028.8872	0	335.9376	621.3491	0	623.5776	339.0220	0	822.0000	598.5000	0	656.0614	631.2019	0	661.6335	622.5525	0															
74	288.7002	1027.6281	0	335.1895	619.5466	0	623.9906	339.2413	0	823.5000	598.5000	0	656.3444	630.5743	0	661.6795	622.9252	0															
75	288.5639	1027.9260	0	338.0710	618.9584	0	625.9214	340.4370	0	822.0000	600.0000	0	656.2139	633.0134	0	656.8052	622.8533	0															
76	298.5000	1024.5000	0	338.2218	617.5924	0	628.2100	342.5316	0	820.5000	601.5000	0	655.6544	633.4464	0	661.2023	624.4225	0															
77	287.4242	1028.9722	0	337.6744	618.2037	0	628.7889	343.5319	0	822.0000	604.5000	0	653.8799	633.4684	0	660.7543	624.8540	0															
78	291.5416	1029.1995	0	336.0302	619.8228	0	625.9174	342.1464	0	820.9837	606.6949	0	653.3017	633.5246	0	657.9159	623.6860	0															
79	290.7717	1028.6128	0	336.0366	617.8402	0	624.4106	342.3612	0	820.2379	610.2852	0	652.3507	633.3957	0	658.6464	625.1063	0															
80	292.8455	1027.3404	0	336.4599	621.7459	0	625.3196	341.9732	0	822.4601	609.2791	0	644.2476	644.7037	0	659.5714	625.0521	0															
81	293.6576	1026.8638	0	336.5301	620.1820	0	623.0654	342.2328	0	820.5000	612.0000	0	645.5787	643.8509	0	660.7026	622.8266	0															
82	297.0000	1026.0000	0	337.6277	620.7492	0	620.5517	341.3597	0	819.0000	610.5000	0	645.1592	644.1871	0	655.8916	623.4973	0															
83	292.5000	1026.0000	0	336.4577	621.9729	0	619.7093	342.6270	0	819.9841	610.8886	0	645.9177	643.3233	0	655.7096	623.1584	0															
84	291.0000	1027.5000	0	333.1915	624.4473	0	618.5340	343.5231	0	817.2499	609.7347	0	645.4385	643.9704	0	655.5385	623.1903	0															
85	287.3539	1031.3006	0	332.9368	625.3754	0	618.0592	341.7478	0	815.9627	609.3395	0	651.8485	634.8634	0	655.2168	623.2727	0															
86	288.8197	1028.4476	0	331.5294	627.9127	0	618.7685	340.7298	0	814.4811	606.6962	0	653.0809	633.3543	0	655.0298	623.8128	0															
87	288.4884	1026.7031	0	330.8895	627.6636	0	620.8678	341.0694	0	821.0391	608.6352	0	654.1628	632.4069	0	655.4777	623.0475	0															
88	289.4626	1028.0153	0	328.8337	627.2681	0	620.9142	338.4242	0	822.9495	610.6420	0	653.1960	632.8470	0	655.0467	623.8883	0															
89	292.0368	1026.6248	0	331.5330	628.7532	0	621.7180	336.1198	0	823.8641	612.6775	0	651.8558	633.1310	0	654.1404	624.6784	0															
90	290.4563	1026.1855	0	329.9080	627.0986	0	619.8705	333.9269	0	819.9404	611.5881	0	653.2122	637.2820	0	655.2456	623.2175	0															
91	289.0573	1027.0719	0	330.4560	628.8303	0	623.4142	333.8812	0	820.6217	612.1444	0	653.7747	636.4562	0	654.9077	623.6937	0															
92	287.4675	1027.4021	0	331.5457	629.7538	0	621.3792	333.4240	0	818.2854	617.5109	0	653.2477	637.0169	0	654.1012	624.7262	0															
93	287.8264	1026.5496	0	330.5851	632.6241	0	621.0163	333.7926	0	819.4790	614.1658	0	645.6780	645.5087	0	654.2692	624.6410	0															
94	288.5375	1024.8820	0	330.8089	631.9311	0	622.8670	330.2315	0	823.2107	616.8624	0	646.0165	645.5481	0	654.2811	624.6405	0															
95	287.9215	1024.4561	0	332.7234	634.8361	0	626.7938	330.5016	0	826.2714	616.8437	0	646.6207	645.1515	0	654.0638	624.5266	0															
96	288.4282	1025.3591	0	332.5460	632.7015	0	622.2830	327.2327	0	825.7280	615.9845	0	645.7302	643.4581	0	654.6409	623.8487	0															
97	288.4565	1025.0909	0	338.3807	630.9991	0	624.3813	327.0562	0	825.4784	613.6041	0	646.2068	644.0222	0	654.0699	624.9511	0															
98	288.5659	1025.4723	0	342.4874	632.4409	0	623.7193	328.6694	0	822.7095	614.7359	0	647.1630	643.0139	0																		
99	288.1689	1025.4347	0	345.4365	635.9021	0	624.1273	326.9674	0	820.8271	615.5011	0	647.1210	641.4306	0																		
100	288.4280	1024.9455	0	345.5968	633.8438	0	622.1982	327.7887	0	821.0174	617.0051	0	646.9818	642.1612	0																		
101	287.6927	1024.0193	0	343.6041	635.3354	0	624.6827	329.0992	0	821.1990	617.7003	0	651.5034	640.5271	0																		
102	291.0000	1021.5000	0	339.7996	635.2198	0	627.0000	330.0000	0	822.4927	616.7604	0	652.4197	639.7229	0																		
103	289.5000	1023.0000	0	339.7328	637.6326	0	625.3121	329.1640	0	823.2058	617.5126	0	652.3448	640.7945	0																		
104	288.0000	1024.5000	0	343.6763	640.1237	0	624.2919	323.0056	0	820.8348	617.2943	0	649.7500	644.5969	0																		
105	282.1581	1029.2088	0	345.0000	637.5000	0	625.1609	325.2694	0	819.0000	613.5000	0	652.4292	639.6940	0																		
106	283.4976	1028.3570	0	348.0000	639.0000	0	625.2503	326.9320	0	820.7857	612.1170	0	652.9861	637.9452	0																		
107	284.4987	1029.0208	0	348.0000	637.5000	0	622.3683	325.0892	0	819.5729	612.9405	0	652.3512	640.2714	0																		
108	282.7769	1035.2418	0	346.5000	633.0000	0	622.0905	326.2935	0	820.7327	611.0664	0	652.4493	641.7815	0																		
109	283.9308	1037.5910	0	345.3391	634.5208	0	623.4562	328.5176	0	822.3129	609.8131	0	647.7571	646.2025	0																		
110	282.1740	1036.2253	0	344.7912	635.9401	0	623.8099	328.9528	0	817.5000	606.0000	0	647.7617	646.0546	0																		
111	282.6025	1036.7340	0	342.5329	633.8419	0	624.9390	328.8609	0	819.0000	604.5000	0	646.2912	647.9086	0																		
112	281.9705	1037.1818	0	343.1091	632.5049	0	623.2163	329.6491	0	816.0000	603.0000	0	652.3391	640.9924	0																		
113	283.4544	1035.3809	0	346.0107	634.4766	0	622.1287	326.5983	0	813.0000	603.0000	0	652.7796	639.1169	0																		
114	282.4356	1033.8426	0	352.3273	631.7273	0	624.5454	332.2191	0	810.0000	606.0000	0	653.0601	638.8995	0																		
115	280.3954	1034.7932	0	353.2685	632.6244	0	621.0000	330.0000	0	811.5000	607.5000	0	652.3255	642.5288	0																		
116	280.9053	1034.8623	0	352.1048	634.7035	0	615.3297	334.7038	0	810.3004	608.8279	0	652.4626	641.7389	0																		
117	278.0497	1031.0517	0	353.3837	631.4331	0	621.1630	335.6678	0	810.6302	609.6436	0	653.7226	643.4587	0																		
118	281.6249	1028.6799	0	350.8986	629.3891	0	622.6426	337.9175	0	810.7860	609.0203	0	652.9240	644.0584	0																		
119	282.5020	1029.0621	0	351.0170	632.7007	0	621.7275	333.9944	0	811.5754	610.5847	0	654.8479	642.2505	0																		
120	283.4582	1028.4502	0	349.7826	631.7483	0	621.1394	336.3212	0	808.4139	613.7319	0	653.3009	652.1091	0																		
121	281.8183	1030.1416	0	349.0899	630.8233	0	618.7912	340.2106	0	804.7190	609.4586	0	655.5820	650.3856	0																		
122	279.8391	1033.3717	0	345.4848	633.8647	0	617.6759	343.1638	0	807.0409	605.9875	0	654.4583	648.3703	0																		
123	281.9137	1029.9461	0	345.3344	630.6917	0	619.4992	345.7636	0	808.1952	609.3895	0	651.7615	650.3697	0																		
124	277.8082	1034.0366	0	345.9284	632.2251	0	618.5975	348.0935	0	807.5335	608.8527	0	654.4805	649.2326	0																		
125	280.9446	1034.6192	0	347.3382	630.2043	0	622.0618	347.9811	0	808.6727	607.0419	0	652.8730	651.7076	0																		
126	282.6930	1033.4035	0	351.3383	631.3575	0	621.5218	351.5780	0	808.6152	610.9988	0	653.3971	648.4033	0																		
127	280.3984	1034.0161	0	356.6476	635.0919	0	622.9738	351.1428	0	808.4967	611.9947	0	652.9456	646.7655	0																		
128	277.0736	1039.3406	0	354.4806	635.5897	0	622.6436	349.5396	0	809.9724	608.5954	0	653.3363	647.4072	0																		
129	280.0476	1033.8738	0	355.8888	633.5503	0	624.7178	349.0189	0	811.4949	606.5908	0	653.3103	647.6361	0																		
130	279.1663	1028.8465	0	354.7881	631.3172	0	629.5701	348.1745	0	808.8059	604.7184	0	653.5815	648.1988	0																		
131	281.0093	1029.3598	0	355.9108	630.2745	0	630.5026	350.4328	0	806.3735	604.5011	0	654.3618	648.4354	0																		
132	282.2570	1028.0613	0	361.5000	624.0000	0	630.7452	348.3263	0	807.0168	602.4272	0	652.6854	650.7551	0																		
133	280.5000	1030.5000	0	356.2112	626.7596	0	628.2288	346.6590	0	807.1405	602.5481	0	652.7476	650.8204	0																		
134	280.5000	1035.0000	0	355.2763	624.6948	0	627.5114	346.7426	0	808.9350	600.0804	0	652.8680	649.8412	0																		
135	282.0000	1036.5000	0	355.1725	627.0701	0	624.8227	350.9228	0	808.9330	599.5293	0	651.5774	652.6488	0																		
136	283.5000	1036.5000	0	358.5000	625.5000	0	625.8064	352.5544	0	809.9679	597.7132	0																					
137	283.5000	1033.5000	0	358.5000	622.5000	0	626.5961	353.1454	0	808.0673	597.7873	0																					
138	280.1114	1033.6745	0	358.5000	622.5000	0	625.1260	357.0190	0	808.8687	596.8649	0																					
139	279.1087	1033.1063	0	358.5000	622.5000	0	626.0624	357.1815	0	805.0997	594.1029	0																					
140	276.1782	1032.1360	0	360.0000	621.0000	0	622.6611	355.3814	0	805.2774	594.3985	0																					
141	278.7427	1032.9409	0	360.0000	619.5000	0	622.8373	355.2739	0	802.5000	594.0000	0																					
142	276.7388	1033.0955	0	361.5000	622.5000	0	623.0758	351.9660	0	802.8634	589.8981	0																					
143	278.3316	1035.0069	0	363.0000	621.0000	0	621.3123	352.8752	0	802.1352	587.6432	0																					
144	279.0000	1032.0000	0	366.0000	621.0000	0	620.2586	352.0952	0	800.7371	586.5042	0																					
145	276.0000	1033.5000	0	366.0000	624.0000	0	620.7287	347.1059	0	801.9569	585.8554	0																					
146	277.5000	1030.5000	0	366.0000	625.5000	0	622.5525	349.2285	0	800.9090	587.4613	0																					
147	280.5000	1030.5000	0	369.0000	624.0000	0	626.1911	348.5140	0	799.6268	590.1401	0																					
148	280.5000	1030.5000	0	367.5000	625.5000	0	628.3547	352.5834	0	801.4696	590.9502	0																					
149	280.5000	1032.0000	0	367.3722	625.3850	0	622.7759	348.8964	0	799.2694	594.1081	0																					
150	277.5000	1033.5000	0	368.3885	623.7799	0	625.4284	349.9531	0	800.4946	592.0256	0																					
151	282.0000	1032.0000	0	367.5000	622.5000	0	625.0303	351.4474	0	800.4935	593.1513	0																					
152	280.5000	1035.0000	0	366.0116	625.0270	0	624.8732	351.6559	0	801.5674	592.0502	0																					
153	282.0000	1036.5000	0	366.9014	624.8524	0	625.1515	351.7962	0	800.2184	589.8421	0																					
154	280.5000	1038.0000	0	372.2040	626.2666	0	624.9367	351.2462	0	800.2591	591.4920	0																					
155	282.0000	1039.5000	0	371.7954	627.3896	0	626.9235	351.4255	0	800.8230	589.9900	0																					
156	282.0000	1038.0000	0	373.5000	627.0000	0	626.0112	349.3535	0	804.3016	589.8988	0																					
157	279.9106	1037.3556	0	370.8046	627.4505	0	628.7120	347.5451	0	805.6469	583.0604	0																					
158	285.7651	1026.4453	0	370.1429	626.6635	0	628.6459	344.9322	0	801.1007	590.5099	0																					
159	285.1218	1037.5206	0	370.1116	623.7945	0	631.1020	346.6636	0	803.0610	584.8441	0																					
160	286.5000	1035.0000	0	369.8953	625.8726	0	631.0247	349.1718	0	805.8345	580.6283	0																					
161	284.8161	1032.1780	0	368.6714	626.9425	0	629.9420	348.3088	0	805.2171	584.7287	0																					
162	284.1735	1032.7803	0	367.6837	627.2195	0	630.8856	347.0809	0	803.9535	582.9154	0																					
163	283.3528	1033.5377	0	368.8920	629.6578	0	631.5172	348.8645	0	805.7975	584.1977	0																					
164	282.9028	1033.4552	0	370.4807	630.9352	0	636.8598	350.1550	0	805.6705	589.5555	0																					
165	280.4958	1033.3470	0	370.1910	629.1635	0	635.3071	347.2960	0	805.7803	588.0794	0																					
166	282.2247	1030.3921	0	370.2037	629.7892	0	636.2060	348.2242	0	809.0777	583.6194	0																					
167	283.7747	1030.5302	0	371.8754	628.5717	0	636.6380	346.8193	0	808.4229	585.7028	0																					
168	285.0554	1034.5318	0	375.2418	627.3640	0	638.1025	347.8456	0	808.9900	587.3911	0																					
169	280.0802	1034.5726	0	374.5039	626.0565	0	638.0248	347.8555	0	810.0121	589.8967	0																					
170	280.6902	1033.8939	0	370.1708	629.1914	0	637.1014	345.3604	0	813.7358	588.8074	0																					
171	285.0380	1032.5484	0	370.9706	628.8723	0	638.9376	347.6338	0	813.4289	587.8755	0																					
172	285.3509	1032.2868	0	368.2755	629.9380	0	637.5418	351.0550	0	815.4589	582.9094	0																					
173	283.0461	1032.8276	0	365.6522	631.5808	0	635.5146	349.7859	0	813.8929	586.4087	0																					
174	285.0000	1033.5000	0	364.5323	631.5667	0	632.5460	345.0255	0	812.5738	584.4888	0																					
175	282.2450	1032.8000	0	364.7504	632.8726	0	629.7536	345.5471	0	811.8991	582.6160	0																					
176	283.5000	1029.0000	0	362.5227	632.1641	0	628.5451	347.7231	0	812.2086	579.8822	0																					
177	282.0000	1027.5000	0	364.9676	634.7556	0	632.1766	349.0996	0	809.5718	578.3548	0																					
178	282.0000	1027.5000	0	366.3123	634.8581	0	636.4948	348.0093	0	813.0402	579.3883	0																					
179	279.0000	1026.0000	0	366.4017	634.9322	0	636.7071	347.5451	0	815.0701	580.7976	0																					
180	279.0000	1027.5000	0	366.3911	633.9378	0	633.7783	346.0776	0	814.1154	583.5818	0																					
181	278.4941	1029.5661	0	364.6442	633.1509	0	635.3728	348.9802	0	812.7898	583.4125	0																					
182	282.0000	1026.0000	0	361.8155	635.6505	0	631.7490	349.4269	0	811.5106	584.8335	0																					
183	283.9648	1028.9363	0	361.6048	637.1456	0	630.4869	349.7147	0	811.7548	582.9595	0																					
184	283.5000	1026.0000	0	360.1214	637.6764	0	632.9536	350.3763	0	810.7057	579.2205	0																					
185	282.0000	1023.0000	0	362.3867	635.9256	0	632.4144	347.3725	0	805.4107	582.6481	0																					
186	280.5000	1020.0000	0	361.4560	634.9765	0	635.3289	349.8974	0	806.5538	583.6013	0																					
187	280.5000	1018.5000	0	359.0861	636.2521	0	634.4753	349.3039	0	802.6841	581.8934	0																					
188	282.0000	1015.5000	0	358.0573	638.7337	0	635.2273	350.4429	0	803.6146	580.3795	0																					
189	286.5000	1017.0000	0	356.6984	641.6636	0	628.9968	348.3256	0	806.2087	577.5608	0																					
190	286.5000	1017.0000	0	352.9934	639.9297	0	628.6172	346.5559	0	804.9361	574.4103	0																					
191	286.5000	1015.5000	0	352.6116	640.2516	0	625.1880	344.3042	0	804.5689	576.4331	0																					
192	288.0000	1012.5000	0	352.5000	642.0000	0	630.7668	341.0861	0	806.2908	576.5347	0																					
193	288.0000	1014.0000	0	357.0000	643.5000	0	628.8041	340.2171	0	807.1317	576.3998	0																					
194	289.5000	1015.5000	0	354.3332	647.2356	0	632.8323	340.9973	0	809.8908	576.9684	0																					
195	294.0000	1018.5000	0	357.0000	646.5000	0	633.2424	341.3241	0	808.8864	576.9729	0																					
196	293.0009	1021.2984	0	356.4818	645.1238	0	632.3352	341.8071	0	806.7992	579.7108	0																					
197	294.0156	1020.6562	0	358.3175	647.6835	0	632.4633	344.3738	0	810.9735	579.0278	0																					
198	287.0492	1018.2752	0	358.5000	648.0000	0	631.1651	345.9651	0	809.4857	575.4293	0																					
199	286.5000	1018.5000	0	357.0000	649.5000	0	634.6213	345.0490	0	810.7317	575.3035	0																					
200	289.5000	1023.0000	0	357.0000	648.0000	0	634.7185	345.7529	0	812.5495	574.6588	0																					
201	289.8841	1026.1894	0	355.5000	648.0000	0	635.2308	345.2193	0	812.0767	571.7114	0																					
202	287.6731	1026.2149	0	356.5837	645.1918	0	638.5567	343.3168	0	813.9960	570.0241	0																					
203	289.7449	1025.3386	0	355.5000	642.0000	0	637.4070	343.8434	0	816.0603	567.7601	0																					
204	290.2850	1024.1147	0	357.0000	642.0000	0	636.9046	347.2460	0	816.9035	570.9323	0																					
205	286.9780	1023.8807	0	354.0000	642.0000	0	637.0555	348.2360	0	820.2110	569.7500	0																					
206	285.0000	1023.0000	0	352.5000	642.0000	0	636.5155	344.7061	0	825.0047	567.5183	0																					
207	282.0000	1024.5000	0	354.0000	640.5000	0	635.4757	344.3242	0	823.1934	565.8692	0																					
208	283.5000	1021.5000	0	354.0000	639.0000	0	634.9786	344.6187	0	823.1207	570.7394	0																					
209	285.0000	1021.5000	0	358.5000	639.0000	0	636.3394	343.0707	0	821.1429	572.2325	0																					
210	280.5000	1023.0000	0	354.1916	639.7043	0	637.2744	342.6807	0	822.6801	573.0838	0																					
211	279.0000	1023.0000	0	351.6581	639.8869	0	639.4854	344.3051	0	821.4778	570.9571	0																					
212	282.0000	1026.0000	0	354.8865	641.7738	0	639.1610	344.3878	0	816.0000	574.5000	0																					
213	285.8521	1027.5115	0	355.4633	640.5262	0	640.6611	345.6510	0	814.6136	576.4509	0																					
214	288.4454	1027.0989	0	353.3668	642.8437	0	635.6586	337.6774	0	816.2035	575.4532	0																					
215	286.0947	1032.7732	0	352.5324	645.3240	0	637.4143	344.7882	0	813.4326	571.2235	0																					
216	287.1924	1035.4065	0	354.0751	643.7378	0	638.5496	345.6531	0	815.4621	569.2921	0																					
217	286.4939	1036.9219	0	356.2833	643.1352	0	639.5571	347.3244	0	812.9586	567.8620	0																					
218	281.4477	1038.7485	0	353.2746	640.8762	0	639.1080	347.2516	0	813.7441	565.4235	0																					
219	282.8728	1040.2493	0	349.7622	639.2548	0	639.3449	347.8169	0	812.1285	564.6911	0																					
220	283.9471	1040.4142	0	352.3695	641.2446	0	640.6626	345.4476	0	810.7558	560.5698	0																					
221	284.5562	1041.8071	0	355.5000	643.5000	0	638.5188	345.7157	0	809.2377	561.0851	0																					
222	286.1307	1042.9742	0	358.5000	643.5000	0	639.6123	342.8440	0	810.2894	560.3513	0																					
223	288.1194	1039.6971	0	361.5000	643.5000	0	639.8365	342.0112	0	809.8782	555.9457	0																					
224	291.0445	1039.9837	0	360.0000	643.5000	0	637.4888	340.8490	0	809.3313	558.7484	0																					
225	289.1357	1041.6701	0	364.5000	643.5000	0	638.2582	341.6697	0	808.5950	558.3516	0																					
226	286.7210	1043.6880	0	363.0000	645.0000	0	640.0523	342.6734	0	808.6570	558.5587	0																					
227	288.1964	1044.2431	0	360.0000	646.5000	0	641.2208	342.0061	0	808.3919	554.8084	0																					
228	286.5606	1041.1180	0	361.5000	642.0000	0	640.0344	342.5096	0	806.2672	557.0083	0																					
229	287.4664	1043.0637	0	361.5000	643.5000	0	640.6174	341.9178	0	804.5385	554.5087	0																					
230	288.3879	1045.3049	0	363.0000	643.5000	0	640.2777	339.9860	0	800.8044	551.2004	0																					
231	286.3409	1046.5838	0	364.5000	642.0000	0	640.5751	340.1644	0	799.4869	553.0369	0																					
232	284.7053	1051.6032	0	366.0000	642.0000	0	649.4522	341.9356	0	804.3254	550.9890	0																					
233	285.6168	1049.1686	0	366.0000	640.5000	0	652.9388	341.7015	0	807.2066	548.8469	0																					
234	282.9009	1046.6439	0	364.5000	636.0000	0	655.7697	341.7418	0	807.3809	551.9256	0																					
235	283.8893	1050.3563	0	364.5000	634.5000	0	655.5097	340.6732	0	805.9548	549.7205	0																					
236	283.4679	1047.9092	0	364.5000	631.5000	0	661.6763	336.9196	0	805.3536	546.8663	0																					
237	283.3034	1046.0791	0	367.5000	631.5000	0	662.3153	338.5369	0	801.6612	547.5207	0																					
238	284.0860	1043.3772	0	369.0000	633.0000	0	661.4451	338.8113	0	803.6380	548.4665	0																					
239	284.1777	1041.0240	0	372.0000	633.0000	0	660.6658	339.3522	0	803.4360	544.1602	0																					
240	284.6659	1042.1115	0	372.0000	633.0000	0	659.3293	340.9119	0	803.7870	544.4468	0																					
241	288.9484	1040.7068	0	373.5000	631.5000	0																											
