Frame	X1	Y1	Flag1	X2	Y2	Flag2	X3	Y3	Flag3	X4	Y4	Flag4
1	-19.1234	18.7603	0	-0.1128	0.0543	0	-59.9945	12.0420	0	-51.5346	14.0411	0
2	-19.1387	18.6851	0	-0.0837	0.0019	0	-60.0844	11.9877	0	-51.5142	13.9433	0
3	-19.1276	18.6611	0	-0.0842	-0.0309	0	-59.9977	11.9463	0	-51.5220	14.0574	0
4	-19.1727	18.7489	0	-0.0787	0.0880	0	-59.9975	12.0313	0	-51.5074	14.0623	0
5	-19.2072	18.8040	0	-0.0990	0.0109	0	-59.9743	12.1149	0	-51.5103	14.0318	0
6	-19.2241	18.7986	0	-0.1405	-0.0509	0	-59.9789	12.1033	0	-51.4650	14.0732	0
7	-19.2460	18.8539	0	-0.1250	-0.0348	0	-60.0048	12.1715	0	-51.4415	14.0724	0
8	-19.2429	18.8177	0	-0.1349	-0.0397	0	-59.9801	12.1281	0	-51.4989	14.0120	0
9	-19.2684	18.8023	0	-0.1603	-0.0665	0	-60.0934	12.0216	0	-51.5085	13.9994	0
10	-19.1820	18.8409	0	-0.1410	-0.0685	0	-60.0401	12.0563	0	-51.4876	14.0209	0
11	-19.2787	18.8028	0	-0.1316	-0.0398	0	-60.0220	12.1577	0	-51.5217	13.9713	0
12	-19.2818	18.7998	0	-0.0845	-0.0467	0	-59.9874	12.1010	0	-51.5115	13.9376	0
13	-19.3115	18.8214	0	-0.1073	-0.0460	0	-60.0038	12.1157	0	-51.4728	13.9801	0
14	-19.3572	18.7828	0	-0.0698	0.0806	0	-60.0802	12.0807	0	-51.4844	14.0267	0
15	-19.3080	18.8077	0	-0.0884	0.0445	0	-60.0078	12.0941	0	-51.5115	14.0048	0
16	-19.1980	18.8041	0	-0.1158	-0.0816	0	-60.0150	12.0327	0	-51.5029	13.9791	0
17	-19.1685	18.7531	0	-0.1221	-0.0056	0	-60.0172	12.0351	0	-51.4950	13.9402	0
18	-19.2249	18.7626	0	-0.1140	0.0358	0	-59.9783	12.0054	0	-51.4492	14.0232	0
19	-19.2541	18.7049	0	-0.1325	-0.0177	0	-59.9753	11.9985	0	-51.4822	14.0531	0
20	-19.2386	18.7194	0	-0.0414	-0.0166	0	-59.9723	11.9693	0	-51.4532	14.0092	0
21	-19.2236	18.7518	0	-0.0317	0.0095	0	-59.9577	12.0436	0	-51.5084	13.9766	0
22	-19.2049	18.6662	0	-0.0997	0.0144	0	-59.9851	12.0100	0	-51.5277	13.9829	0
23	-19.2891	18.7232	0	-0.1005	0.0148	0	-59.9706	12.0708	0	-51.5156	14.0238	0
24	-19.2214	18.7763	0	-0.1105	0.0316	0	-59.9396	12.0494	0	-51.5611	14.0049	0
25	-19.1854	18.7064	0	-0.1231	0.0335	0	-59.9846	11.9499	0	-51.5006	13.9759	0
26	-19.2260	18.6980	0	-0.0837	0.0172	0	-59.9420	12.0783	0	-51.5048	14.0011	0
27	-19.1664	18.6810	0	-0.1273	0.0307	0	-59.8878	12.0180	0	-51.5205	14.0043	0
28	-19.2409	18.6775	0	-0.0905	-0.0157	0	-59.9744	11.9952	0	-51.5396	14.0163	0
29	-19.2068	18.6556	0	-0.0865	0.0217	0	-60.0280	12.0630	0	-51.5278	13.9921	0
30	-19.1908	18.6004	0	-0.1358	0.0380	0	-60.0079	12.0549	0	-51.5299	13.9499	0
31	-19.1685	18.6584	0	-0.0831	0.0259	0	-59.9972	12.0830	0	-51.5095	14.0553	0
32	-19.1883	18.6782	0	-0.1067	0.0227	0	-59.9936	12.0959	0	-51.5500	13.9546	0
33	-19.1649	18.7206	0	-0.0996	-0.0054	0	-60.0019	12.0205	0	-51.5404	13.9698	0
34	-19.2138	18.7136	0	-0.1177	-0.0121	0	-60.0443	11.9749	0	-51.5186	14.0028	0
35	-19.1898	18.7261	0	-0.0864	0.0326	0	-60.0684	12.0797	0	-51.4730	14.0388	0
36	-19.1478	18.7446	0	-0.0729	-0.0085	0	-60.0178	12.0549	0	-51.5184	13.9719	0
37	-19.1083	18.7250	0	-0.0792	-0.0598	0	-59.9785	11.9834	0	-51.5388	13.9897	0
38	-19.1401	18.7198	0	-0.1235	-0.0029	0	-59.9594	12.0793	0	-51.5202	14.0471	0
39	-19.1327	18.7785	0	-0.0965	0.0644	0	-60.0448	12.0929	0	-51.5373	14.0707	0
40	-19.1704	18.6894	0	-0.1414	0.0237	0	-60.0788	12.0223	0	-51.5532	13.9881	0
41	-19.2227	18.6462	0	-0.1008	-0.0159	0	-59.9907	12.0003	0	-51.5375	14.0577	0
42	-19.2124	18.6687	0	-0.1064	0.0812	0	-59.9781	12.0458	0	-51.5673	13.9646	0
43	-19.2172	18.6845	0	-0.0960	-0.0250	0	-59.9596	12.0402	0	-51.5029	13.9516	0
44	-19.2314	18.6934	0	-0.1290	-0.0409	0	-59.9193	12.0691	0	-51.4969	14.0329	0
45	-19.2876	18.7516	0	-0.1189	0.0061	0	-59.9630	12.1392	0	-51.4904	13.9737	0
46	-19.1946	18.6467	0	-0.1008	0.0212	0	-59.9760	12.1160	0	-51.5159	13.9380	0
47	-19.2838	18.6522	0	-0.1064	0.0066	0	-60.0000	12.1113	0	-51.4916	13.9414	0
48	-19.2094	18.7612	0	-0.0980	-0.0050	0	-59.9844	12.0957	0	-51.4765	14.0115	0
49	-19.2334	18.7824	0	-0.1013	0.0540	0	-59.9713	12.0661	0	-51.4896	14.0252	0
50	-19.2298	18.7546	0	-0.1451	-0.0357	0	-59.9636	12.0439	0	-51.4843	14.0135	0
51	-19.1109	18.6890	0	-0.1406	-0.0059	0	-60.0161	12.0469	0	-51.4776	14.0538	0
52	-19.1129	18.7466	0	-0.0672	-0.0038	0	-60.0221	12.0350	0	-51.4873	14.0855	0
53	-19.1370	18.7289	0	-0.1017	0.0244	0	-60.0619	12.0771	0	-51.5079	14.0088	0
54	-19.1178	18.7216	0	-0.1276	0.0353	0	-60.0453	12.0860	0	-51.4914	14.0201	0
55	-19.1158	18.6962	0	-0.1173	0.0784	0	-60.0352	12.2228	0	-51.5264	14.0705	0
56	-19.2560	18.6929	0	-0.2016	0.0207	0	-59.9962	12.1972	0	-51.5147	14.0804	0
57	-19.2339	18.6122	0	-0.1165	0.0096	0	-60.0370	12.2063	0	-51.5400	14.0090	0
58	-19.2466	18.5968	0	-0.0893	0.0070	0	-60.0821	12.1503	0	-51.5064	14.0772	0
59	-19.3340	18.6346	0	-0.1188	0.0294	0	-60.0740	12.1444	0	-51.4702	14.1106	0
60	-19.2602	18.6170	0	-0.1358	0.0201	0	-60.1009	12.1172	0	-51.4978	14.0764	0
61	-19.2168	18.6923	0	-0.0793	-0.0119	0	-60.0998	12.1080	0	-51.4832	14.0816	0
62	-19.1759	18.6980	0	-0.1065	0.0089	0	-60.0674	12.1479	0	-51.4906	14.0559	0
63	-19.1917	18.7042	0	-0.1071	0.0455	0	-60.1182	12.2239	0	-51.4745	14.0412	0
64	-19.1693	18.6317	0	-0.0803	-0.0032	0	-60.0459	12.1276	0	-51.5077	14.0387	0
65	-19.2230	18.6528	0	-0.0803	-0.1047	0	-60.0839	12.0644	0	-51.4986	14.0833	0
66	-19.2293	18.5959	0	-0.0813	0.0069	0	-60.0693	12.1299	0	-51.4986	14.0891	0
67	-19.1997	18.6233	0	-0.0747	0.0225	0	-60.0217	12.0373	0	-51.4930	14.0783	0
68	-19.1712	18.5770	0	-0.0870	-0.0179	0	-59.9968	12.0341	0	-51.4226	14.0898	0
69	-19.1521	18.5938	0	-0.1124	0.0516	0	-59.9846	12.0738	0	-51.4596	14.0751	0
70	-19.1271	18.6218	0	-0.1147	0.0579	0	-60.0520	12.0905	0	-51.4651	14.0531	0
71	-19.1245	18.4724	0	-0.0812	0.0436	0	-60.0667	12.0780	0	-51.4782	14.0320	0
72	-19.1699	18.4793	0	-0.0954	-0.0216	0	-60.1016	12.0518	0	-51.4939	14.0333	0
73	-19.1657	18.5207	0	-0.1544	0.0338	0	-60.1005	12.0967	0	-51.4629	14.0987	0
74	-19.2022	18.5328	0	-0.1056	-0.0073	0	-60.0495	12.1029	0	-51.4733	14.0781	0
75	-19.2596	18.4916	0	-0.0910	-0.0514	0	-60.0072	12.1337	0	-51.5376	14.0698	0
76	-19.2414	18.5649	0	-0.1528	-0.0550	0	-60.0033	12.0748	0	-51.5131	14.0120	0
77	-19.2145	18.7036	0	-0.1205	-0.0009	0	-60.0379	12.1267	0	-51.5078	14.0452	0
78	-19.2583	18.6507	0	-0.1583	-0.0134	0	-60.0411	12.0517	0	-51.5182	14.0006	0
79	-19.2363	18.6381	0	-0.1486	-0.0369	0	-60.0099	12.0131	0	-51.4917	14.0912	0
80	-19.2385	18.5973	0	-0.0781	-0.0078	0	-60.0338	12.0402	0	-51.4832	14.0348	0
81	-19.2688	18.6545	0	-0.1210	0.0174	0	-60.0337	12.0896	0	-51.5047	14.0454	0
82	-19.1738	18.6691	0	-0.1498	0.0068	0	-59.9847	12.1093	0	-51.5261	14.1121	0
83	-19.1291	18.6081	0	-0.1134	-0.0233	0	-59.9960	12.0789	0	-51.5038	14.1210	0
84	-19.1142	18.6600	0	-0.1001	0.0294	0	-60.0201	12.0940	0	-51.5464	14.0791	0
85	-19.1863	18.6158	0	-0.0612	-0.0032	0	-60.0795	12.0835	0	-51.5291	14.1007	0
86	-19.1596	18.6860	0	-0.1230	0.0070	0	-60.0408	12.1191	0	-51.5195	14.0838	0
87	-19.1843	18.7652	0	-0.1425	-0.0234	0	-60.0481	12.0938	0	-51.5394	14.0673	0
88	-19.1398	18.7461	0	-0.1118	-0.0411	0	-60.0301	12.0452	0	-51.4688	14.0642	0
89	-19.0678	18.6841	0	-0.1313	-0.0317	0	-59.9894	12.0540	0	-51.4597	14.0830	0
90	-19.1270	18.6883	0	-0.1190	-0.0353	0	-59.9536	12.0920	0	-51.4467	14.0534	0
91	-19.1671	18.6564	0	-0.1474	-0.0772	0	-59.9933	12.0295	0	-51.4786	14.0913	0
92	-19.1551	18.6320	0	-0.1167	-0.0190	0	-60.0163	12.0742	0	-51.4900	14.0966	0
93	-19.1603	18.6242	0	-0.0449	-0.0081	0	-60.0425	12.1026	0	-51.4932	14.0896	0
94	-19.1770	18.6230	0	-0.0832	-0.0348	0	-60.0210	12.0403	0	-51.4668	14.1568	0
95	-19.1439	18.6256	0	-0.0898	-0.0297	0	-60.0223	12.0234	0	-51.4776	14.1199	0
96	-19.1517	18.6126	0	-0.0871	-0.0099	0	-60.0033	11.9270	0	-51.5136	14.1024	0
97	-19.1888	18.6286	0	-0.1186	-0.0740	0	-60.0073	11.9856	0	-51.5030	14.1408	0
98	-19.2261	18.6896	0	-0.1286	0.0243	0	-60.0064	11.9525	0	-51.4857	14.0953	0
99	-19.2322	18.7476	0	-0.1288	0.0405	0	-59.9502	11.9031	0	-51.4810	14.0880	0
100	-19.2038	18.7279	0	-0.0843	0.0222	0	-59.9948	11.9098	0	-51.4915	14.0375	0
101	-19.1237	18.6880	0	-0.1549	0.0019	0	-59.9853	11.9693	0	-51.4561	14.1074	0
102	-19.1651	18.6988	0	-0.1439	-0.0173	0	-59.9350	11.9781	0	-51.4795	14.1177	0
103	-19.1897	18.7303	0	-0.1253	0.0188	0	-59.9189	12.0164	0	-51.4419	14.0614	0
104	-19.2366	18.6879	0	-0.0837	0.0247	0	-60.0030	12.0350	0	-51.4646	14.0564	0
105	-19.1899	18.6733	0	-0.0690	-0.0213	0	-60.0146	12.1039	0	-51.4464	14.0668	0
106	-19.1471	18.6795	0	-0.0854	0.0714	0	-60.0890	12.1257	0	-51.4423	14.0617	0
107	-19.1827	18.6960	0	-0.1184	0.0548	0	-59.9931	12.0804	0	-51.4524	14.0631	0
108	-19.2010	18.6920	0	-0.1300	0.0406	0	-60.0290	12.0027	0	-51.4745	14.0704	0
109	-19.1874	18.6368	0	-0.0862	0.0616	0	-59.9969	11.9680	0	-51.5256	14.0390	0
110	-19.2445	18.7146	0	-0.0155	0.0461	0	-60.0402	11.9965	0	-51.5015	13.9989	0
111	-19.2531	18.6512	0	-0.0716	0.0325	0	-59.9847	12.0143	0	-51.4876	14.0276	0
112	-19.2572	18.6628	0	-0.0539	0.0273	0	-59.9578	11.9681	0	-51.4623	14.0600	0
113	-19.2174	18.6988	0	-0.0612	0.0028	0	-60.0157	11.9234	0	-51.4967	13.9906	0
114	-19.1644	18.6585	0	-0.0761	0.0877	0	-60.0132	11.9846	0	-51.4895	14.0361	0
115	-19.2360	18.7193	0	-0.0384	0.0726	0	-60.0331	12.0025	0	-51.4711	14.0461	0
116	-19.1761	18.7334	0	-0.1270	0.0121	0	-60.0078	12.0920	0	-51.4718	14.0076	0
117	-19.1730	18.7641	0	-0.1810	0.0502	0	-59.9861	12.1108	0	-51.5904	14.0978	0
118	-19.1790	18.7569	0	-0.1363	-0.0151	0	-60.0115	12.0998	0	-51.5806	14.0831	0
119	-19.1872	18.8235	0	-0.0854	0.0449	0	-60.0437	12.0932	0			
120	-19.2083	18.7693	0	-0.0669	0.0007	0						
