Frame	X1	Y1	Flag1	X3	Y3	Flag3	X4	Y4	Flag4	X5	Y5	Flag5	X2	Y2	Flag2
1	-1.4386	-10.8049	0	-10.8845	23.8708	0	42.9375	-31.0180	0	38.6263	-14.5403	0	-32.3362	6.5596	0
2	-1.1870	-10.9326	0	-11.0000	24.1110	0	42.9778	-31.1598	0	38.6234	-14.5870	0	-32.4435	6.4527	0
3	-1.1971	-10.9302	0	-11.0821	24.1753	0	42.9089	-31.3770	0	38.5865	-14.5314	0	-32.5157	6.3136	0
4	-1.2265	-11.0420	0	-10.9321	24.1440	0	43.0328	-31.0993	0	38.5457	-14.7194	0	-32.5643	6.3039	0
5	-1.2585	-10.9415	0	-11.1195	24.0557	0	43.1292	-30.7992	0	38.6322	-14.4542	0	-32.4300	6.5129	0
6	-1.2640	-10.8533	0	-10.9681	24.1460	0	42.9541	-30.9481	0	38.8068	-14.4923	0	-32.4687	6.5585	0
7	-1.4595	-10.8663	0	-11.0569	24.0281	0	42.9900	-31.1168	0	38.9255	-14.4226	0	-32.6257	6.6858	0
8	-1.3429	-10.7788	0	-11.1453	23.9098	0	42.9525	-30.9312	0	38.9258	-14.1150	0	-32.7231	6.5651	0
9	-1.2381	-10.8244	0	-11.0884	24.1078	0	42.9993	-30.7911	0	38.9855	-14.2156	0	-32.7456	6.5233	0
10	-1.3570	-10.8624	0	-11.1612	24.1456	0	43.1086	-30.9672	0	38.8016	-14.1524	0	-32.7097	6.4835	0
11	-1.6168	-10.9540	0	-11.3644	24.4106	0	42.9842	-30.8602	0	38.7619	-14.3411	0	-32.8205	6.7085	0
12	-1.5031	-11.1285	0	-11.1355	24.2159	0	43.0840	-30.9870	0	38.6855	-14.5061	0	-32.7659	6.7017	0
13	-1.3959	-11.3427	0	-11.1132	24.1894	0	43.0941	-30.9156	0	38.7099	-14.4601	0	-32.7260	6.6373	0
14	-1.4639	-11.2761	0	-11.1068	24.1990	0	43.1437	-30.9158	0	38.7388	-14.2747	0	-32.5424	6.5630	0
15	-1.6136	-11.3435	0	-11.0106	24.1758	0	43.1616	-30.9488	0	38.6416	-14.1602	0	-32.2980	6.4775	0
16	-1.6978	-11.3843	0	-10.9055	24.2902	0	43.2773	-31.0210	0	38.5506	-14.0434	0	-32.3190	6.4457	0
17	-1.9237	-11.2540	0	-11.0417	24.5924	0	43.3288	-30.7888	0	38.4323	-13.9860	0	-32.4354	6.6441	0
18	-1.9900	-11.2888	0	-11.2858	24.5293	0	43.2470	-30.8409	0	38.3082	-13.9005	0	-32.4553	6.9233	0
19	-1.8787	-11.3397	0	-11.2819	24.5976	0	43.0924	-30.9535	0	38.1256	-13.9424	0	-32.4139	6.8248	0
20	-1.8242	-11.3644	0	-11.1970	24.4171	0	43.2416	-30.9725	0	38.0343	-13.9184	0	-32.2170	6.9784	0
21	-1.8625	-11.3484	0	-11.2078	24.6619	0	43.3943	-30.9791	0	37.9463	-13.7525	0	-32.2903	6.9511	0
22	-1.8321	-11.3365	0	-11.1789	24.4527	0	43.3603	-30.9568	0	38.0320	-13.7730	0	-32.1665	6.9242	0
23	-1.7302	-11.3445	0	-11.1608	24.5339	0	43.3602	-30.8121	0	38.1041	-13.7004	0	-32.3074	6.8855	0
24	-1.6251	-11.2306	0	-11.1216	24.5442	0	43.2088	-30.6423	0	38.0140	-13.7625	0	-32.3618	6.8134	0
25	-1.5578	-11.2968	0	-11.0961	24.5182	0	43.0994	-30.7710	0	37.9428	-13.7344	0	-32.5391	6.7452	0
26	-1.6673	-11.4045	0	-11.2189	24.2650	0	43.1814	-30.9749	0	38.0105	-13.8665	0	-32.6888	6.6786	0
27	-1.7455	-10.9885	0	-11.2461	24.2519	0	43.1282	-30.9007	0	37.9919	-13.7410	0	-32.6382	6.6409	0
28	-1.6900	-10.8673	0	-11.2371	24.1352	0	43.1946	-30.9925	0	38.1373	-13.9137	0	-32.5093	6.7230	0
29	-1.6045	-11.1371	0	-11.1676	24.1554	0	43.2865	-30.9703	0	38.1434	-13.9386	0	-32.6211	6.8225	0
30	-1.4820	-11.1081	0	-11.1650	24.2869	0	43.3888	-31.1699	0	38.3579	-13.9629	0	-32.3758	6.9212	0
31	-1.5778	-10.8723	0	-11.2084	24.2584	0	43.3039	-31.0789	0	38.5545	-13.8344	0	-32.3393	6.9042	0
32	-1.5569	-10.8254	0	-11.2201	24.1878	0	43.1916	-31.1249	0	38.7298	-13.7662	0	-32.3543	6.7443	0
33	-1.6243	-10.8111	0	-11.1022	24.1644	0	43.1256	-30.8439	0	38.8064	-13.9572	0	-32.3933	6.8246	0
34	-1.5631	-10.6216	0	-11.1181	24.1644	0	43.1373	-30.8771	0	38.6444	-13.8280	0	-32.2016	6.7839	0
35	-1.6609	-10.7170	0	-11.3597	24.1853	0	43.0591	-30.9524	0	38.7237	-13.6453	0	-32.1951	6.6698	0
36	-1.4761	-10.7620	0	-11.3322	24.0220	0	43.0480	-31.1274	0	38.8678	-13.4945	0	-32.2804	6.5223	0
37	-1.4878	-10.8486	0	-11.4563	23.8900	0	43.1167	-31.1056	0	38.7603	-13.5542	0	-32.3113	6.4850	0
38	-1.4458	-10.9669	0	-11.3391	23.8908	0	43.0928	-31.0526	0	38.8589	-13.5443	0	-32.4932	6.3459	0
39	-1.3196	-10.8839	0	-11.3591	23.9015	0	43.1265	-30.9553	0	38.8695	-13.5885	0	-32.5002	6.3204	0
40	-1.1218	-10.8023	0	-11.4169	23.8566	0	43.3652	-31.0523	0	38.9481	-13.4843	0	-32.5434	6.3689	0
41	-0.9578	-10.8126	0	-11.4170	23.8367	0	43.5690	-30.7715	0	38.8396	-13.3865	0	-32.6682	6.3725	0
42	-0.9588	-10.9700	0	-11.4418	24.0278	0	43.6106	-30.9030	0	38.9298	-13.4001	0	-32.6223	6.3931	0
43	-0.9663	-10.8780	0	-11.5388	24.0687	0	43.6191	-30.8359	0	38.8032	-13.4433	0	-32.7221	6.5334	0
44	-1.0503	-10.9581	0	-11.5405	23.9178	0	43.5600	-30.6888	0	38.6933	-13.4113	0	-32.9444	6.6451	0
45	-1.1328	-11.0197	0	-11.6060	23.9897	0	43.5282	-30.7252	0	38.6417	-13.5415	0	-32.9399	6.5554	0
46	-1.2590	-11.1524	0	-11.7252	23.9790	0	43.5452	-30.7017	0	38.6857	-13.4992	0	-32.9272	6.4771	0
47	-1.2787	-11.4329	0	-11.7580	24.0758	0	43.3928	-30.6631	0	38.7071	-13.3730	0	-32.8295	6.3750	0
48	-1.1560	-11.4628	0	-11.5221	23.9867	0	43.4844	-30.6435	0	38.7007	-13.4831	0	-32.8574	6.1604	0
49	-1.2036	-11.5249	0	-11.3688	24.1331	0	43.6132	-30.7258	0	38.7568	-13.3654	0	-32.6159	6.3863	0
50	-1.1332	-11.5358	0	-11.4571	24.1425	0	43.5271	-30.8612	0	38.4937	-13.2240	0	-32.7187	6.4920	0
51	-1.1284	-11.4663	0	-11.3152	24.0692	0	43.5141	-30.9943	0	38.4310	-13.2645	0	-32.6880	6.5267	0
52	-1.2315	-11.4709	0	-11.3159	24.0726	0	43.4048	-31.1234	0	38.4974	-13.0619	0	-32.5964	6.5589	0
53	-1.1778	-11.5116	0	-11.2922	24.0419	0	43.5009	-30.9231	0	38.4777	-13.1741	0	-32.4239	6.7338	0
54	-1.2975	-11.3571	0	-11.2042	23.9779	0	43.4685	-30.8910	0	38.5547	-13.1320	0	-32.2976	6.9340	0
55	-1.2016	-11.2844	0	-11.2131	23.9818	0	43.5747	-30.7023	0	38.4822	-13.1585	0	-32.4118	7.0691	0
56	-1.2635	-11.2219	0	-11.3760	24.1110	0	43.5974	-30.7410	0	38.5811	-13.2814	0	-32.4122	7.0337	0
57	-1.3501	-11.0160	0	-11.3907	24.2052	0	43.5274	-30.7697	0	38.6228	-13.3259	0	-32.3871	7.0479	0
58	-1.3066	-11.0445	0	-11.3301	24.2320	0	43.5685	-30.7146	0	38.4285	-13.4933	0	-32.3496	6.8434	0
59	-1.1834	-11.0025	0	-11.3078	24.1898	0	43.5095	-30.7286	0	38.3533	-13.2755	0	-32.4772	6.7751	0
60	-1.1813	-11.1401	0	-11.4428	24.2202	0	43.4244	-30.7372	0	38.5191	-13.0318	0	-32.6072	6.7513	0
61	-1.2690	-11.0006	0	-11.2778	24.2115	0	43.6100	-30.7828	0	38.7211	-12.9310	0	-32.5749	6.8471	0
62	-1.1732	-10.9569	0	-11.0282	24.1812	0	43.5440	-30.7148	0	38.8090	-12.8999	0	-32.3327	6.7872	0
63	-1.2353	-10.9892	0	-10.8120	24.2372	0	43.4844	-30.4657	0	38.7927	-12.8104	0	-32.3871	6.8496	0
64	-1.3490	-10.8789	0	-10.9595	24.5332	0	43.4857	-30.4971	0	39.0219	-12.8241	0	-32.3316	6.7186	0
65	-1.4278	-10.8810	0	-10.8411	24.4014	0	43.3079	-30.6384	0	38.9797	-12.9493	0	-32.3794	6.7372	0
66	-1.5206	-10.8898	0	-10.6649	24.3556	0	43.2509	-30.6872	0	38.9582	-12.8287	0	-32.3865	6.7342	0
67	-1.5211	-10.8729	0	-10.5755	24.5288	0	42.9937	-30.6843	0	38.8799	-12.7418	0	-32.3279	6.7438	0
68	-1.3455	-10.9643	0	-10.2464	24.2788	0	42.9840	-30.7907	0	39.0340	-12.8394	0	-32.3276	6.6883	0
69	-1.3288	-10.8602	0	-10.3285	24.0651	0	42.9812	-30.8134	0	39.0008	-12.9340	0	-32.3289	6.7680	0
70	-1.4198	-10.7873	0	-10.1812	23.8582	0	43.1765	-30.8535	0	38.7857	-12.9396	0	-32.4938	6.8585	0
71	-1.4510	-10.8022	0	-10.0456	23.8819	0	43.3326	-31.0644	0	38.8250	-13.0172	0	-32.4717	6.8788	0
72	-1.5917	-10.9274	0	-9.9271	23.8200	0	43.4692	-30.9982	0	38.8835	-13.2402	0	-32.0933	7.0212	0
73	-1.6756	-10.9759	0	-9.8793	23.8778	0	43.5586	-31.0913	0	38.6972	-13.4311	0	-32.1539	7.0143	0
74	-1.6591	-10.8826	0	-9.8610	23.9402	0	43.6547	-30.8717	0	38.7357	-13.5500	0	-32.2889	6.9743	0
75	-1.6926	-10.8612	0	-9.8116	23.7035	0	43.7756	-30.8720	0	38.8454	-13.5780	0	-32.3193	6.8791	0
76	-1.6704	-11.1210	0	-9.5914	23.6096	0	43.8938	-30.9472	0	38.8659	-13.7006	0	-32.3808	6.9236	0
77	-1.8492	-11.0932	0	-9.5880	23.6037	0	43.9261	-30.9321	0	38.9681	-13.6981	0	-32.4094	6.7962	0
78	-1.7319	-11.2138	0	-9.6333	23.5189	0	44.0887	-30.9935	0	38.9473	-13.7400	0	-32.4919	7.0051	0
79	-1.5304	-11.2206	0	-9.4991	23.4736	0	44.0606	-30.8392	0	38.9526	-13.6599	0	-32.5852	6.9870	0
80	-1.7142	-11.3018	0	-9.4673	23.6163	0	44.1744	-30.6562	0	38.7943	-13.7311	0	-32.7265	6.8413	0
81	-1.7370	-11.3509	0	-9.7195	23.5853	0	44.2411	-30.4757	0	38.7403	-13.8029	0	-32.5063	6.8025	0
82	-1.6726	-11.2728	0	-9.8794	23.6982	0	44.4151	-30.4089	0	38.8106	-13.9714	0	-32.5222	6.8101	0
83	-1.5327	-11.2169	0	-9.7390	23.6281	0	44.6186	-30.4147	0	38.4769	-14.0994	0	-32.7632	6.9688	0
84	-1.4343	-11.2145	0	-9.7888	23.4748	0	44.4834	-30.4511	0	38.4544	-14.3421	0	-32.8139	6.8853	0
85	-1.5348	-11.0772	0	-9.6643	23.4702	0	44.4485	-30.1418	0	38.4377	-14.3685	0	-32.5400	6.7919	0
86	-1.5295	-10.8909	0	-9.5562	23.4516	0	44.5097	-30.1507	0	38.4716	-14.5665	0	-32.7604	6.7917	0
87	-1.2988	-10.9163	0	-9.5657	23.5074	0	44.4082	-30.2666	0	38.2878	-14.3633	0	-32.5941	6.7746	0
88	-1.3300	-10.9629	0	-9.6774	23.4473	0	44.5100	-30.1475	0	38.2292	-14.4146	0	-32.6094	6.9157	0
89	-1.1631	-11.0192	0	-9.3935	23.4009	0	44.7009	-30.0344	0	38.1108	-14.4376	0	-32.7735	7.0941	0
90	-1.0356	-10.9285	0	-9.2284	23.1598	0	44.7277	-29.9714	0	38.0879	-14.4623	0	-32.5279	7.2447	0
91	-1.1527	-11.0185	0	-9.0379	22.9699	0	44.7077	-30.1238	0	37.9763	-14.7286	0	-32.7415	7.2520	0
92	-0.9699	-11.3933	0	-8.8960	22.8774	0	44.5119	-30.2766	0	37.9893	-14.7045	0	-32.7814	7.1246	0
93	-1.1121	-11.4540	0	-8.8785	23.0550	0	44.4404	-30.3461	0	37.9772	-14.6110	0	-32.6735	7.2318	0
94	-1.1608	-11.2509	0	-8.7211	23.1015	0	44.5379	-30.4504	0	37.8687	-14.4266	0	-32.7613	7.0940	0
95	-0.8414	-11.2133	0	-8.8297	22.8673	0	44.6056	-30.4949	0	37.9535	-14.3677	0	-32.7508	7.0364	0
96	-1.0599	-11.3779	0	-8.7725	22.7175	0	44.7157	-30.3793	0	38.0870	-14.3978	0	-33.3156	7.3315	0
97	-0.9113	-11.2155	0	-8.7871	22.7160	0	44.7299	-30.3004	0	37.9718	-14.6329	0	-33.0982	7.3758	0
98	-0.9103	-11.2737	0	-9.0124	22.6056	0	44.7273	-30.4827	0	38.0792	-14.4179	0	-33.3855	7.3576	0
99	-1.0713	-11.1455	0	-9.0837	22.5478	0	44.6429	-30.5219	0	38.1305	-14.4510	0	-33.0165	7.5314	0
100	-1.1910	-11.0596	0	-9.0464	22.7023	0	44.8410	-30.4330	0	38.2801	-14.2603	0	-32.8492	7.4114	0
101	-1.2465	-10.9696	0	-8.8167	22.7277	0	44.8088	-30.4662	0	38.2103	-14.0144	0	-32.9629	7.5156	0
102	-1.2260	-10.8804	0	-8.8601	22.4662	0	44.8225	-30.1708	0	38.2120	-13.9460	0	-33.0799	7.6367	0
103	-1.2532	-11.0011	0	-8.7634	22.3992	0	44.9129	-30.1543	0	38.4720	-13.9124	0	-33.1904	7.5566	0
104	-1.0451	-10.9494	0	-8.9004	22.5276	0	44.9324	-30.1922	0	38.4657	-13.8718	0	-33.2819	7.4641	0
105	-1.1120	-11.0514	0	-8.9205	22.7083	0	45.0046	-30.0879	0	38.5305	-13.7779	0	-33.2993	7.5020	0
106	-1.3668	-11.0455	0	-8.8553	22.5629	0	45.0809	-30.2425	0	38.5590	-13.8204	0	-33.2703	7.3177	0
107	-1.1899	-11.0792	0	-8.8383	22.7475	0	45.1146	-30.1905	0	38.6750	-13.7101	0	-33.2749	7.1859	0
108	-1.2185	-11.0301	0	-8.8861	22.7353	0	45.1260	-30.0350	0	38.6723	-13.6968	0	-33.2594	6.8997	0
109	-1.1932	-11.1924	0	-8.8164	22.6012	0	45.3035	-30.2053	0	38.7524	-13.6481	0	-32.9255	7.1007	0
110	-1.2245	-11.3666	0	-8.7798	22.3854	0	45.5223	-30.2042	0	38.7876	-13.5966	0	-32.8543	7.0447	0
111	-1.1182	-11.3427	0	-8.6713	22.6475	0	45.3726	-30.2004	0	38.7839	-13.5025	0	-32.8519	7.0528	0
112	-1.4086	-11.1408	0	-8.6737	22.9568	0	45.4729	-30.2558	0	38.7556	-13.3698	0	-33.1115	6.7597	0
113	-1.5062	-11.1049	0	-9.0205	23.0094	0	45.5517	-30.3647	0	38.8541	-13.4231	0	-33.2600	6.8969	0
114	-1.4568	-11.3520	0	-8.8554	22.9827	0	45.7509	-30.3174	0	38.9091	-13.1342	0	-33.2484	6.8981	0
115	-1.3743	-11.2841	0	-9.0151	23.0373	0	45.8439	-30.4866	0	38.8582	-13.1943	0	-32.9413	7.1547	0
116	-1.2386	-11.1933	0	-9.0470	23.1797	0	45.7988	-30.3139	0	38.8588	-13.1010	0	-33.0900	7.0508	0
117	-1.2528	-11.1755	0	-9.1044	23.2408	0	45.9006	-30.4899	0	38.9079	-12.9861	0	-33.2575	6.9098	0
118	-1.3316	-11.2678	0	-9.4291	23.0165	0	45.8413	-30.6188	0	38.8048	-13.1308	0	-33.2262	6.8820	0
119	-1.0243	-11.2829	0	-9.4256	23.1537	0	45.9327	-30.6792	0	39.0375	-13.0978	0	-33.2597	6.9048	0
120	-0.8814	-11.3372	0	-9.4488	23.0885	0	45.9381	-30.5170	0	38.9922	-13.0298	0	-33.3591	7.5790	0
121	-0.6904	-11.3075	0	-9.6274	23.3900	0	45.8930	-30.6769	0	39.0404	-12.9774	0	-33.3575	7.5050	0
122	-0.9822	-11.2789	0	-9.7945	23.2404	0	45.7336	-30.4683	0	39.1813	-12.8940	0	-33.0710	7.5071	0
123	-0.9815	-11.3133	0	-9.6982	23.2786	0	45.6687	-30.3648	0	39.0490	-12.8761	0	-33.1333	7.7767	0
124	-0.7857	-11.3480	0	-9.6935	23.3669	0	45.7679	-30.3084	0	38.9541	-12.7575	0	-33.5330	7.1262	0
125	-0.8841	-11.2798	0	-9.4685	23.5824	0	45.6457	-30.3585	0	38.9947	-12.6129	0	-33.5584	7.1632	0
126	-0.8226	-11.1862	0	-9.6382	23.6230	0	45.6308	-30.1901	0	39.0754	-12.7093	0	-33.5375	7.5028	0
127	-0.9322	-11.3083	0	-9.7764	23.7516	0	45.7536	-30.1714	0	39.1043	-12.8279	0	-33.6967	6.8268	0
128	-0.8997	-11.2617	0	-9.8680	23.8194	0	45.6552	-30.1679	0	39.2542	-12.7792	0	-33.6463	6.9195	0
129	-1.0022	-11.3063	0	-9.9485	23.7183	0	45.7412	-30.1048	0	39.2818	-12.8720	0	-33.3583	7.1948	0
130	-0.9244	-11.5187	0	-10.2092	23.5642	0	45.6194	-30.0596	0	39.1256	-12.8430	0	-33.5376	7.0993	0
131	-0.7371	-11.4263	0	-10.3233	23.5106	0	45.7276	-30.0073	0	39.0766	-13.0327	0	-33.4061	7.0841	0
132	-0.8671	-11.5500	0	-10.3553	23.5167	0	45.7604	-29.7961	0	39.1876	-13.0682	0	-33.1623	6.8511	0
133	-0.9184	-11.5216	0	-10.1537	23.7284	0	45.8961	-29.8728	0	38.9876	-12.9243	0	-33.1992	7.2146	0
134	-0.9925	-11.4694	0	-10.2798	23.8855	0	45.7491	-29.7876	0	38.8829	-12.9051	0	-33.3500	7.1840	0
135	-1.0847	-11.4431	0	-10.4627	23.8371	0	45.8467	-29.6889	0	38.8893	-12.9567	0	-33.0066	7.1252	0
136	-0.9633	-11.4477	0	-10.6961	23.8550	0	45.7490	-29.5981	0	38.8090	-12.9663	0	-32.9368	7.0131	0
137	-0.7622	-11.3125	0	-10.5805	23.9728	0	45.9780	-29.6307	0	38.8913	-13.0408	0	-32.9455	6.9956	0
138	-0.7841	-11.3431	0	-10.5259	24.0488	0	46.1424	-29.8274	0	38.8809	-13.2134	0	-33.1434	6.8351	0
139	-0.9381	-11.3773	0	-10.4150	24.0874	0	46.2754	-29.9804	0	39.0055	-13.2517	0	-32.5657	6.7248	0
140	-0.6314	-11.3509	0	-10.4521	24.2275	0	46.2429	-30.0391	0	39.0789	-13.3323	0	-32.4227	6.8611	0
141	-0.6025	-11.4821	0	-10.4188	24.0056	0	46.2405	-30.0381	0	39.1832	-13.2121	0	-32.6614	7.1194	0
142	-0.7610	-11.3071	0	-10.3597	24.1790	0	46.1478	-30.1257	0	39.3057	-13.3776	0	-32.4815	7.2979	0
143	-0.6906	-11.2027	0	-10.4179	24.2700	0	46.0293	-30.2462	0	39.2900	-13.3351	0	-32.7433	7.1393	0
144	-0.5110	-11.2565	0	-10.4011	24.2276	0	45.9435	-30.3570	0	39.1872	-13.2569	0	-32.5644	7.3686	0
145	-0.2658	-11.3020	0	-10.4277	24.2171	0	45.9427	-30.3758	0	39.0788	-13.2726	0	-32.8464	7.1426	0
146	-0.2889	-11.2674	0	-10.3322	24.3921	0	45.9263	-30.4426	0	38.8760	-13.2758	0	-32.9745	6.8906	0
147	-0.2162	-11.2171	0	-10.2397	24.3094	0	46.0328	-30.5003	0	38.8730	-13.3393	0	-32.8973	6.9335	0
148	-0.3612	-11.2452	0	-10.2689	24.1673	0	45.9600	-30.5500	0	38.8114	-13.2845	0	-33.0618	6.6994	0
149	-0.1543	-10.9600	0	-10.4003	24.2850	0	46.0325	-30.3659	0	38.8468	-13.0715	0	-32.9466	6.7893	0
150	-0.0461	-11.2602	0	-10.4239	24.1576	0	45.9547	-30.4263	0	38.9141	-13.0170	0	-32.7112	6.9242	0
151	-0.0294	-11.4773	0	-10.3076	24.3311	0	46.0408	-30.4741	0	38.8061	-13.2528	0	-32.6495	6.9658	0
152	-0.0141	-11.2964	0	-10.2491	24.3866	0	45.8637	-30.3800	0	38.7153	-13.0913	0	-32.7728	7.1383	0
153	-0.0573	-11.4161	0	-10.3811	24.4145	0	45.8223	-30.3892	0	38.5998	-13.0555	0	-32.4216	7.0880	0
154	-0.1120	-11.3547	0	-10.3889	24.4206	0	45.7255	-30.3458	0	38.5727	-13.2500	0	-32.5263	7.2015	0
155	-0.1280	-11.4314	0	-10.5877	24.2894	0	45.7947	-30.4138	0	38.5849	-13.3161	0	-32.5576	7.4080	0
156	-0.2521	-11.5479	0	-10.4618	24.2728	0	45.7160	-30.2115	0	38.5640	-13.4288	0	-32.4892	7.4094	0
157	-0.4326	-11.6735	0	-10.5168	24.3344	0	45.6926	-30.1592	0	38.3377	-13.5563	0	-32.5249	7.4164	0
158	-0.2508	-11.6916	0	-10.4528	24.3049	0	45.6294	-30.0881	0	38.5261	-13.6395	0	-32.5639	7.3190	0
159	-0.3504	-11.7615	0	-10.2531	24.2936	0	45.9109	-30.0405	0	38.4362	-13.6792	0	-32.5192	7.4131	0
160	-0.4607	-11.7323	0	-10.2861	24.4330	0	45.8672	-30.2446	0	38.4555	-13.5928	0	-32.5890	7.3061	0
161	-0.5439	-11.8483	0	-10.4232	24.3008	0	45.9870	-30.2004	0	38.3663	-13.5546	0	-32.7249	7.1912	0
162	-0.2172	-11.7529	0	-10.3262	24.2874	0	46.1110	-30.1628	0	38.5722	-13.5737	0	-32.8081	7.1416	0
163	-0.2030	-11.6771	0	-10.3148	24.2347	0	46.1073	-30.2389	0	38.5724	-13.3508	0	-32.5468	6.9401	0
164	-0.1215	-11.8564	0	-10.2297	24.0190	0	46.3246	-30.2701	0	38.5792	-13.3924	0	-32.4807	7.0581	0
165	-0.0805	-12.0225	0	-10.0851	23.8840	0	46.4209	-30.2707	0	38.5244	-13.4445	0	-32.4284	7.0931	0
166	0.0094	-11.9176	0	-10.0519	23.9584	0	46.6868	-30.3616	0	38.5550	-13.3427	0	-32.4134	7.2223	0
167	0.0034	-12.0481	0	-10.0637	24.0711	0	46.8270	-30.4566	0	38.5238	-13.1436	0	-32.3085	7.2477	0
168	0.0296	-12.2500	0	-10.0097	24.1164	0	46.7610	-30.3524	0	38.6481	-13.4176	0	-32.1332	6.9303	0
169	0.0628	-12.2725	0	-9.9398	24.0945	0	46.8242	-30.2501	0	38.8046	-13.4809	0	-32.0135	6.7248	0
170	0.0563	-12.1804	0	-9.8483	24.0565	0	46.8814	-30.0882	0	38.8873	-13.4672	0	-32.2104	6.7222	0
171	0.0665	-12.2773	0	-9.9662	24.2749	0	46.7883	-30.2650	0	39.0922	-13.6791	0	-32.2147	6.3551	0
172	0.2171	-11.9673	0	-10.0654	24.2298	0	46.6887	-30.1887	0	39.0266	-13.7828	0	-32.0567	6.3585	0
173	0.1654	-11.8783	0	-10.1699	24.2595	0	46.6537	-30.2764	0	38.9076	-13.7319	0	-31.9005	6.4815	0
174	-0.0576	-12.0471	0	-10.2823	24.1053	0	46.6594	-30.3516	0	38.8442	-13.7154	0	-31.8672	6.4861	0
175	0.3933	-12.0298	0	-10.3461	24.0511	0	46.7668	-30.3197	0	38.8004	-13.5363	0	-32.0061	6.4752	0
176	0.4776	-12.0894	0	-10.1066	24.0095	0	46.5695	-30.1577	0	38.9965	-13.5285	0	-31.8870	6.4009	0
177	0.5480	-11.9202	0	-10.0445	23.8213	0	46.5650	-30.0553	0	38.9794	-13.4511	0	-31.8995	6.3089	0
178	0.6749	-12.1131	0	-9.8117	23.8097	0	46.5614	-30.2584	0	39.0100	-13.5621	0	-31.9557	6.1936	0
179	0.7432	-12.3837	0	-9.7309	23.5924	0	46.5602	-30.3743	0	39.0043	-13.7418	0	-31.9761	6.2883	0
180	0.5679	-12.5069	0	-9.7483	23.8039	0	46.6063	-30.3081	0	39.0299	-13.6751	0	-31.8678	6.3636	0
181	0.4898	-12.5184	0	-9.6933	23.5175	0	46.6574	-30.2962	0	38.9588	-13.5285	0	-31.9706	6.3400	0
182	0.3346	-12.6831	0	-9.7191	23.5091	0	46.9189	-30.4265	0	39.1965	-13.4609	0	-32.0274	6.2502	0
183	0.2873	-12.5707	0	-9.7861	23.6196	0	47.0720	-30.3820	0	39.2231	-13.3308	0	-31.9514	6.4137	0
184	0.0936	-12.6181	0	-9.9507	23.7252	0	46.8881	-30.4853	0	39.2841	-13.4340	0	-32.0546	6.4306	0
185	0.0301	-12.6458	0	-9.7206	23.7046	0	46.8240	-30.5222	0	39.3263	-13.2291	0	-31.9771	6.2296	0
186	-0.1430	-12.5655	0	-9.9051	23.7113	0	46.7582	-30.7178	0	39.4390	-13.2071	0	-32.1525	6.1595	0
187	-0.1539	-12.8440	0	-9.9995	23.6885	0	46.6774	-30.5841	0	39.2594	-13.2069	0	-32.0909	6.1929	0
188	0.1848	-12.8211	0	-9.9662	23.7379	0	46.5248	-30.4315	0	39.2412	-13.3409	0	-31.9712	6.3113	0
189	-0.0583	-12.7217	0	-9.9030	23.9917	0	46.4119	-30.5005	0	39.3796	-13.2488	0	-32.0832	6.1501	0
190	0.0640	-12.8143	0	-10.0273	24.1438	0	46.6509	-30.3728	0	39.3528	-13.2325	0	-32.2650	6.2321	0
191	0.2303	-12.7772	0	-9.8532	24.1714	0	46.5356	-30.1787	0	39.4059	-13.2004	0	-32.1123	6.0976	0
192	0.1255	-12.8500	0	-10.0012	24.2709	0	46.3710	-30.2044	0	39.4332	-13.3196	0	-32.1271	6.2869	0
193	0.2202	-12.7455	0	-9.8309	24.1787	0	46.4411	-30.3295	0	39.4128	-13.2830	0	-32.0711	6.2966	0
194	0.1377	-12.6539	0	-9.9019	24.2184	0	46.3480	-30.2621	0	39.4332	-13.1484	0	-31.9958	6.3395	0
195	0.2436	-12.7416	0	-9.8780	24.2788	0	46.3752	-30.4343	0	39.4644	-13.0290	0	-31.7420	6.2622	0
196	0.2113	-12.7720	0	-9.8745	24.2725	0	46.4471	-30.4565	0	39.7617	-13.0981	0	-31.8779	6.2386	0
197	0.3249	-12.7947	0	-9.7745	24.2434	0	46.3931	-30.4335	0	39.6870	-13.2098	0	-31.8234	6.2920	0
198	0.3427	-12.6187	0	-9.7809	24.2758	0	46.5804	-30.4164	0	39.8555	-13.1737	0	-31.7500	6.3303	0
199	0.3019	-12.7763	0	-9.8122	23.9968	0	46.5942	-30.3716	0	40.0003	-13.2111	0	-31.8137	6.2439	0
200	0.3618	-12.8656	0	-9.9026	24.0270	0	46.4691	-30.5639	0	40.0624	-13.2684	0	-31.9373	6.2938	0
201	0.6646	-12.9988	0	-9.9869	24.1138	0	46.4898	-30.6676	0	40.0783	-13.3840	0	-31.8727	6.2312	0
202	0.5683	-12.9528	0	-10.0316	23.8948	0	46.6689	-30.5507	0	39.9933	-13.5697	0	-31.8384	6.3807	0
203	0.4057	-12.8841	0	-10.0965	23.9740	0	46.5877	-30.5234	0	40.1867	-13.7594	0	-31.7673	6.3911	0
204	0.2145	-12.9275	0	-10.1696	23.9669	0	46.5149	-30.4862	0	40.1467	-13.9076	0	-31.7950	6.3335	0
205	-0.0431	-12.7791	0	-10.0608	24.0706	0	46.5613	-30.5761	0	40.1692	-13.6934	0	-31.7092	6.3579	0
206	-0.1237	-12.8464	0	-9.8525	24.3114	0	46.5264	-30.7920	0	40.2041	-13.7946	0	-31.7007	6.2379	0
207	-0.2139	-12.7528	0	-9.8959	24.0593	0	46.4831	-30.6958	0	40.2587	-13.9232	0	-31.6939	6.1945	0
208	-0.3216	-12.5509	0	-9.6959	24.0496	0	46.2278	-30.7035	0	40.4802	-13.9758	0	-31.6250	6.0537	0
209	-0.1964	-12.4746	0	-9.5271	24.0927	0	46.2511	-30.6555	0	40.3605	-13.9760	0	-31.4795	6.1194	0
210	-0.2231	-12.3786	0	-9.5692	23.8991	0	46.1475	-30.5035	0	40.2857	-14.1411	0	-31.4737	6.1842	0
211	-0.1773	-12.4576	0	-9.4862	23.7713	0	46.0900	-30.6973	0	40.3163	-14.2213	0	-31.5147	6.1621	0
212	-0.0883	-12.2940	0	-9.4000	23.7241	0	46.1542	-30.7317	0	40.2360	-14.2240	0	-31.5761	6.3314	0
213	0.0173	-12.3291	0	-9.5003	23.6584	0	46.0725	-30.6583	0	40.4029	-14.3084	0	-31.8568	6.2664	0
214	0.2705	-12.4260	0	-9.5016	23.6816	0	45.9635	-30.5895	0	40.4671	-14.1712	0	-31.7371	6.4153	0
215	0.1300	-12.2698	0	-9.3884	23.5459	0	45.9626	-30.5344	0	40.5955	-14.3531	0	-31.8363	6.4645	0
216	0.2026	-12.2174	0	-9.2991	23.6086	0	46.1764	-30.6556	0	40.8006	-14.3089	0	-31.7602	6.5378	0
217	0.2233	-12.2334	0	-9.2314	23.7262	0	46.1099	-30.8183	0	40.8099	-14.3869	0	-31.8201	6.4476	0
218	0.2023	-12.5089	0	-9.2717	23.5747	0	45.9532	-30.8516	0	40.8767	-14.3909	0	-31.8338	6.3308	0
219	0.3367	-12.5803	0	-9.1969	23.6862	0	45.8151	-30.9027	0	40.6409	-14.6128	0	-31.6803	6.1223	0
220	0.3720	-12.5863	0	-9.2277	23.7101	0	45.9646	-30.7773	0	40.7389	-14.6295	0	-31.5442	6.1371	0
221	0.2938	-12.6619	0	-9.4620	23.7876	0	46.0991	-30.9594	0	40.8865	-14.6369	0	-31.5118	6.0780	0
222	0.2516	-12.5125	0	-9.4592	23.8955	0	46.1373	-30.6977	0	40.8719	-14.6901	0	-31.5920	5.9650	0
223	0.3526	-12.5210	0	-9.3564	23.4722	0	46.2508	-30.8552	0	41.0764	-14.6822	0	-31.4867	5.7805	0
224	0.5013	-12.5442	0	-9.3428	23.4620	0	46.3291	-30.7068	0	40.9854	-14.7376	0	-31.4258	5.7142	0
225	0.7196	-12.7682	0	-9.1330	23.2168	0	46.5541	-30.7678	0	41.0487	-14.6292	0	-31.6708	5.6309	0
226	0.7838	-12.8218	0	-8.9137	23.3877	0	46.4851	-30.6146	0	41.0926	-14.7204	0	-31.6229	5.4648	0
227	0.8738	-12.7053	0	-8.9721	23.1566	0	46.5202	-30.4643	0	41.0257	-14.7500	0	-31.6841	5.3481	0
228	0.9091	-12.6667	0	-9.0056	23.3853	0	46.5504	-30.4120	0	41.1091	-14.8312	0	-31.7336	5.3010	0
229	1.0398	-12.6806	0	-8.9596	23.1791	0	46.4688	-30.6512	0	41.0863	-14.7316	0	-31.7539	5.2044	0
230	0.9513	-12.8436	0	-9.0893	22.9586	0	46.5400	-30.6205	0	41.2352	-14.7134	0	-31.7325	5.1094	0
231	0.9387	-12.5825	0	-9.1199	23.0402	0	46.4015	-30.6180	0	41.2293	-14.6895	0	-31.5561	5.0674	0
232	1.2830	-12.4836	0	-9.1861	23.0844	0	46.2604	-30.6652	0	41.1542	-14.6680	0	-31.5946	5.0199	0
233	1.3059	-12.3069	0	-9.1753	23.2788	0	46.1776	-30.6947	0	41.2392	-14.5092	0	-31.4195	5.0701	0
234	1.2880	-12.4733	0	-8.9693	23.1049	0	46.2629	-30.8586	0	41.1850	-14.4410	0	-31.3244	4.8655	0
235	1.2913	-12.5488	0	-8.9280	22.8119	0	46.2774	-30.8159	0	41.2660	-14.4050	0	-31.2902	4.8762	0
236	0.8804	-12.0948	0	-8.9554	22.6839	0	46.2949	-30.8959	0	41.1675	-14.3284	0	-31.3016	5.0047	0
237	1.3508	-12.4238	0	-8.8129	22.5391	0	46.5473	-30.8557	0	41.0375	-14.3588	0	-31.3124	4.9975	0
238	1.0264	-11.8869	0	-8.6781	22.6923	0	46.4923	-30.8858	0	40.9780	-14.2087	0	-31.3986	4.9234	0
239	1.1080	-12.1986	0	-8.6843	22.7882	0	46.3481	-30.9356	0	41.0581	-14.3000	0	-31.4382	4.9826	0
240	1.4193	-12.4241	0	-8.6029	22.6168	0	46.3523	-30.9106	0	41.1323	-14.4145	0			
