Frame	X1	Y1	Flag1	X2	Y2	Flag2	X3	Y3	Flag3	X4	Y4	Flag4	X5	Y5	Flag5	X6	Y6	Flag6	X7	Y7	Flag7	X8	Y8	Flag8	X9	Y9	Flag9	X10	Y10	Flag10	X11	Y11	Flag11	X12	Y12	Flag12	X13	Y13	Flag13	X14	Y14	Flag14	X15	Y15	Flag15	X16	Y16	Flag16	X17	Y17	Flag17	X18	Y18	Flag18	X19	Y19	Flag19	X20	Y20	Flag20	X21	Y21	Flag21	X22	Y22	Flag22	X23	Y23	Flag23	X24	Y24	Flag24	X25	Y25	Flag25	X26	Y26	Flag26	X27	Y27	Flag27	X28	Y28	Flag28	X29	Y29	Flag29	X30	Y30	Flag30	X31	Y31	Flag31	X32	Y32	Flag32	X33	Y33	Flag33	X34	Y34	Flag34	X35	Y35	Flag35	X36	Y36	Flag36
Tracks 1 to 36
1	322.01106	456.97968	 	578.98510	335.94867	 	564.03866	365.92200	 	 	 	 	 	 	 	353.71832	468.07967	 	 	 	 	1360.78425	799.19627	 	 	 	 	 	 	 	 	 	 	1329.26235	792.31492	 	 	 	 	 	 	 	 	 	 	 	 	 	 	 	 	 	 	 	 	 	 	 	 	 	 	 	 	 	 	 	 	 	 	 	 	 	 	 	 	 	 	 	 	 	 	 	 	 	 	 	 	 	 	 	 	 	 	 	 	 	 	 	 	 	 	 	 	 	 	 	 	 
2	324.46121	453.40819	 	577.95454	335.46416	 	564.73956	366.41591	 	651.22781	484.70487	 	638.99545	513.94722	 	349.18064	474.09024	 	 	 	 	1360.89745	798.47479	 	 	 	 	 	 	 	 	 	 	1328.94170	793.70570	 	 	 	 	 	 	 	 	 	 	 	 	 	 	 	 	 	 	 	 	 	 	 	 	 	 	 	 	 	 	 	 	 	 	 	 	 	 	 	 	 	 	 	 	 	 	 	 	 	 	 	 	 	 	 	 	 	 	 	 	 	 	 	 	 	 	 	 	 	 	 	 	 
3	325.80680	452.76167	 	576.74991	335.29587	 	565.60683	367.58951	 	652.21712	485.06648	 	638.58458	513.48430	 	348.54181	475.25581	 	 	 	 	 	 	 	 	 	 	 	 	 	 	 	 	 	 	 	 	 	 	 	 	 	 	 	 	 	 	 	 	 	 	 	 	 	 	 	 	 	 	 	 	 	 	 	 	 	 	 	 	 	 	 	 	 	 	 	 	 	 	 	 	 	 	 	 	 	 	 	 	 	 	 	 	 	 	 	 	 	 	 	 	 	 	 	 	 	 	 
4	324.86887	453.74478	 	574.82235	334.16924	 	567.63609	366.42058	 	654.11343	486.26633	 	637.58769	512.75339	 	350.21689	473.76722	 	 	 	 	1361.21711	797.09565	*	 	 	 	 	 	 	 	 	 	1328.72058	796.59835	*	 	 	 	 	 	 	 	 	 	 	 	 	 	 	 	 	 	 	 	 	 	 	 	 	 	 	 	 	 	 	 	 	 	 	 	 	 	 	 	 	 	 	 	 	 	 	 	 	 	 	 	 	 	 	 	 	 	 	 	 	 	 	 	 	 	 	 	 	 	 	 	 
5	325.15846	453.28685	 	574.08300	334.45603	 	567.95047	367.33029	 	653.11029	485.24520	 	638.36196	512.84608	 	349.37418	474.43239	 	 	 	 	1360.79707	798.20150	 	 	 	 	 	 	 	 	 	 	1328.72260	794.35072	 	 	 	 	 	 	 	 	 	 	 	 	 	 	 	 	 	 	 	 	 	 	 	 	 	 	 	 	 	 	 	 	 	 	 	 	 	 	 	 	 	 	 	 	 	 	 	 	 	 	 	 	 	 	 	 	 	 	 	 	 	 	 	 	 	 	 	 	 	 	 	 	 
6	324.89401	453.42412	 	576.99624	335.06253	 	565.55797	366.71370	 	654.86223	486.82498	 	637.17922	512.39594	 	349.51174	474.18174	 	 	 	 	1361.36857	798.04064	 	 	 	 	 	 	 	 	 	 	1329.08150	794.69908	 	 	 	 	 	 	 	 	 	 	 	 	 	 	 	 	 	 	 	 	 	 	 	 	 	 	 	 	 	 	 	 	 	 	 	 	 	 	 	 	 	 	 	 	 	 	 	 	 	 	 	 	 	 	 	 	 	 	 	 	 	 	 	 	 	 	 	 	 	 	 	 	 
7	323.36396	454.91610	 	576.52820	335.14525	 	565.68879	367.68352	 	652.78193	484.93826	 	638.51075	512.81039	 	351.71817	471.74133	 	 	 	 	1361.49409	797.23141	 	 	 	 	 	 	 	 	 	 	1328.96389	796.31008	 	 	 	 	 	 	 	 	 	 	 	 	 	 	 	 	 	 	 	 	 	 	 	 	 	 	 	 	 	 	 	 	 	 	 	 	 	 	 	 	 	 	 	 	 	 	 	 	 	 	 	 	 	 	 	 	 	 	 	 	 	 	 	 	 	 	 	 	 	 	 	 	 
8	322.87675	454.80529	 	572.14172	334.61467	 	569.29627	368.67942	 	654.71305	485.63884	 	637.97280	511.86070	 	351.24073	471.76407	 	 	 	 	1361.33165	798.99048	 	 	 	 	 	 	 	1046.26607	494.62820	 	1329.58212	792.80985	 	 	 	 	 	 	 	 	 	 	 	 	 	 	 	 	 	 	 	 	 	 	 	 	 	 	 	 	 	 	 	 	 	 	 	 	 	 	 	 	 	 	 	 	 	 	 	 	 	 	 	 	 	 	 	 	 	 	 	 	 	 	 	 	 	 	 	 	 	 	 	 	 
9	321.82826	456.29322	 	566.67784	335.18819	 	574.38307	367.82491	 	654.69280	485.49316	 	638.09823	511.82822	 	353.07998	469.16569	 	 	 	 	 	 	 	 	 	 	 	 	 	1046.39341	495.30789	 	 	 	 	 	 	 	 	 	 	 	 	 	 	 	 	 	 	 	 	 	 	 	 	 	 	 	 	 	 	 	 	 	 	 	 	 	 	 	 	 	 	 	 	 	 	 	 	 	 	 	 	 	 	 	 	 	 	 	 	 	 	 	 	 	 	 	 	 	 	 	 	 	 	 	 
10	321.95680	458.17011	 	571.38898	334.61573	 	569.94213	368.75902	 	656.01417	487.03927	 	637.03913	511.55603	 	354.37117	466.36998	 	 	 	 	1362.74174	794.35868	*	 	 	 	 	 	 	1046.86386	494.97369	 	1330.22960	800.84417	*	 	 	 	 	 	 	 	 	 	 	 	 	 	 	 	 	 	 	 	 	 	 	 	 	 	 	 	 	 	 	 	 	 	 	 	 	 	 	 	 	 	 	 	 	 	 	 	 	 	 	 	 	 	 	 	 	 	 	 	 	 	 	 	 	 	 	 	 	 	 	 	 
11	321.70246	457.58109	 	577.61165	335.48216	 	566.76038	365.00675	 	655.38494	487.13026	 	636.99626	512.12314	 	353.94480	467.19098	 	 	 	 	1362.72592	794.53802	 	 	 	 	 	 	 	1045.86071	494.92979	 	1330.16399	800.61482	 	 	 	 	 	 	 	 	 	 	 	 	 	 	 	 	 	 	 	 	 	 	 	 	 	 	 	 	 	 	 	 	 	 	 	 	 	 	 	 	 	 	 	 	 	 	 	 	 	 	 	 	 	 	 	 	 	 	 	 	 	 	 	 	 	 	 	 	 	 	 	 	 
12	322.39064	454.98530	 	578.94311	336.00328	 	563.60505	368.38566	 	655.14338	487.65149	 	636.67291	512.77763	 	351.33697	471.25196	 	 	 	 	1361.85650	793.37424	 	 	 	 	 	 	 	1045.90435	495.82658	 	1330.31501	802.69988	 	 	 	 	 	 	 	 	 	 	 	 	 	 	 	 	 	 	 	 	 	 	 	 	 	 	 	 	 	 	 	 	 	 	 	 	 	 	 	 	 	 	 	 	 	 	 	 	 	 	 	 	 	 	 	 	 	 	 	 	 	 	 	 	 	 	 	 	 	 	 	 	 
13	323.11812	453.95506	 	581.46337	337.98220	 	561.23621	365.66811	 	653.14650	486.27375	 	637.56511	513.65837	 	349.95369	472.80412	 	 	 	 	1361.93978	792.67032	 	 	 	 	 	 	 	1047.25103	494.86383	 	1330.88296	803.64577	 	 	 	 	 	 	 	 	 	 	 	 	 	 	 	 	 	 	 	 	 	 	 	 	 	 	 	 	 	 	 	 	 	 	 	 	 	 	 	 	 	 	 	 	 	 	 	 	 	 	 	 	 	 	 	 	 	 	 	 	 	 	 	 	 	 	 	 	 	 	 	 	 
14	326.76066	451.37499	 	584.13298	341.21361	 	559.47154	363.00273	 	652.20219	485.97259	 	637.95568	514.26993	 	345.93189	476.68627	 	 	 	 	1363.08894	794.98429	 	 	 	 	 	 	 	1046.03263	495.31877	 	1330.19949	799.72451	 	 	 	 	 	 	 	 	 	 	 	 	 	 	 	 	 	 	 	 	 	 	 	 	 	 	 	 	 	 	 	 	 	 	 	 	 	 	 	 	 	 	 	 	 	 	 	 	 	 	 	 	 	 	 	 	 	 	 	 	 	 	 	 	 	 	 	 	 	 	 	 	 
15	328.69864	449.87598	 	583.77893	340.71795	 	559.79977	363.32811	 	652.35294	486.35587	 	637.74617	514.54672	 	343.08721	478.10218	 	 	 	 	1363.13610	796.06197	 	 	 	 	 	 	 	1045.40144	496.00097	 	1330.06494	798.09543	 	 	 	 	 	 	 	 	 	 	 	 	 	 	 	 	 	 	 	 	 	 	 	 	 	 	 	 	 	 	 	 	 	 	 	 	 	 	 	 	 	 	 	 	 	 	 	 	 	 	 	 	 	 	 	 	 	 	 	 	 	 	 	 	 	 	 	 	 	 	 	 	 
16	333.64833	448.21381	 	585.43831	343.19764	 	558.16412	361.63579	 	650.85256	485.62347	 	638.24142	515.27142	 	336.94770	479.76338	 	 	 	 	1362.99718	796.28412	 	 	 	 	 	 	 	1046.10350	495.92244	 	1329.98494	797.71501	 	 	 	 	 	 	 	 	 	 	 	 	 	 	 	 	 	 	 	 	 	 	 	 	 	 	 	 	 	 	 	 	 	 	 	 	 	 	 	 	 	 	 	 	 	 	 	 	 	 	 	 	 	 	 	 	 	 	 	 	 	 	 	 	 	 	 	 	 	 	 	 	 
17	333.38808	448.76643	 	585.89336	344.32865	 	557.28395	360.83958	 	650.41412	485.41492	 	638.60051	515.56364	 	337.77833	480.13445	 	 	 	 	1363.28339	792.67946	 	 	 	 	 	 	 	1046.48055	496.11061	 	1331.40438	803.15239	 	 	 	 	 	 	 	 	 	 	 	 	 	 	 	 	 	 	 	 	 	 	 	 	 	 	 	 	 	 	 	 	 	 	 	 	 	 	 	 	 	 	 	 	 	 	 	 	 	 	 	 	 	 	 	 	 	 	 	 	 	 	 	 	 	 	 	 	 	 	 	 	 
18	330.28828	449.17224	 	585.30361	343.34445	 	561.14810	360.33450	 	650.43490	484.64891	 	639.04300	514.47365	 	340.85953	478.92296	 	 	 	 	1363.50060	793.87229	 	 	 	 	 	 	 	1045.96389	496.98116	 	1330.80172	801.25745	 	 	 	 	 	 	 	 	 	 	 	 	 	 	 	 	 	 	 	 	 	 	 	 	 	 	 	 	 	 	 	 	 	 	 	 	 	 	 	 	 	 	 	 	 	 	 	 	 	 	 	 	 	 	 	 	 	 	 	 	 	 	 	 	 	 	 	 	 	 	 	 	 
19	326.62195	453.89172	 	578.60573	339.92133	 	 	 	 	649.43730	483.92069	 	639.76181	514.54089	 	341.59222	473.19479	 	354.42456	477.89451	 	1363.87634	794.82937	 	 	 	 	 	 	 	1045.63326	497.57818	 	1330.55692	799.75589	 	 	 	 	 	 	 	 	 	 	 	 	 	 	 	 	 	 	 	 	 	 	 	 	 	 	 	 	 	 	 	 	 	 	 	 	 	 	 	 	 	 	 	 	 	 	 	 	 	 	 	 	 	 	 	 	 	 	 	 	 	 	 	 	 	 	 	 	 	 	 	 	 
20	325.65515	453.45676	 	 	 	 	 	 	 	646.07102	483.68776	 	641.48898	516.21232	 	340.00848	473.53717	 	 	 	 	1363.51511	793.07509	 	 	 	 	 	 	 	1046.01204	497.63036	 	1331.22617	802.49690	 	 	 	 	 	 	 	 	 	 	 	 	 	 	 	 	 	 	 	 	 	 	 	 	 	 	 	 	 	 	 	 	 	 	 	 	 	 	 	 	 	 	 	 	 	 	 	 	 	 	 	 	 	 	 	 	 	 	 	 	 	 	 	 	 	 	 	 	 	 	 	 	 
21	 	 	 	 	 	 	 	 	 	642.00051	483.70051	 	644.55413	516.34336	 	 	 	 	 	 	 	1363.55314	793.43676	 	 	 	 	 	 	 	1045.89329	497.93462	 	1331.01544	801.95205	 	 	 	 	 	 	 	 	 	 	 	 	 	 	 	 	 	 	 	 	 	 	 	 	 	 	 	 	 	 	 	 	 	 	 	 	 	 	 	 	 	 	 	 	 	 	 	 	 	 	 	 	 	 	 	 	 	 	 	 	 	 	 	 	 	 	 	 	 	 	 	 	 
22	323.81494	461.83880	*	579.74817	336.08703	*	566.00093	366.07397	*	643.95252	483.85248	 	642.48849	517.33935	 	345.66434	467.55261	*	 	 	 	1363.10564	792.00488	 	 	 	 	 	 	 	1046.98861	496.78241	 	1331.94662	804.30536	 	 	 	 	 	 	 	 	 	 	 	 	 	 	 	 	 	 	 	 	 	 	 	 	 	 	 	 	 	 	 	 	 	 	 	 	 	 	 	 	 	 	 	 	 	 	 	 	 	 	 	 	 	 	 	 	 	 	 	 	 	 	 	 	 	 	 	 	 	 	 	 	 
23	 	 	 	 	 	 	 	 	 	645.19497	483.88683	 	641.85364	517.05322	 	344.42248	474.50028	 	327.26920	450.56788	*	1363.80842	791.53832	 	 	 	 	 	 	 	1046.22601	497.10847	 	1332.43166	804.65996	 	 	 	 	 	 	 	 	 	 	 	 	 	 	 	 	 	 	 	 	 	 	 	 	 	 	 	 	 	 	 	 	 	 	 	 	 	 	 	 	 	 	 	 	 	 	 	 	 	 	 	 	 	 	 	 	 	 	 	 	 	 	 	 	 	 	 	 	 	 	 	 	 
24	 	 	 	 	 	 	 	 	 	 	 	 	 	 	 	344.44968	474.50737	 	325.43808	446.96259	 	1363.34664	791.95614	 	 	 	 	 	 	 	1046.11464	498.01049	 	1331.98975	804.16761	 	 	 	 	 	 	 	 	 	 	 	 	 	 	 	 	 	 	 	 	 	 	 	 	 	 	 	 	 	 	 	 	 	 	 	 	 	 	 	 	 	 	 	 	 	 	 	 	 	 	 	 	 	 	 	 	 	 	 	 	 	 	 	 	 	 	 	 	 	 	 	 	 
25	 	 	 	565.57072	336.82271	*	571.27732	371.23475	*	642.22067	483.90132	*	644.09994	516.75866	*	345.44311	473.42243	 	325.90695	452.08741	 	1362.85261	791.60986	 	 	 	 	 	 	 	1045.25906	499.41597	 	1332.17584	804.87869	 	 	 	 	 	 	 	 	 	 	 	 	 	 	 	 	 	 	 	 	 	 	 	 	 	 	 	 	 	 	 	 	 	 	 	 	 	 	 	 	 	 	 	 	 	 	 	 	 	 	 	 	 	 	 	 	 	 	 	 	 	 	 	 	 	 	 	 	 	 	 	 	 
26	 	 	 	 	 	 	 	 	 	 	 	 	 	 	 	345.55089	473.29533	 	323.85132	448.51092	 	1363.56010	791.61106	 	 	 	 	 	 	 	1048.14537	498.05604	 	1332.36795	804.73864	 	 	 	 	 	 	 	 	 	 	 	 	 	 	 	 	 	 	 	 	 	 	 	 	 	 	 	 	554.32993	370.07443	 	 	 	 	 	 	 	 	 	 	 	 	 	 	 	 	 	 	 	 	 	 	 	 	 	 	 	 	 	 	 	 	 	 	 	 	 	 	 	 	 	 	 
27	 	 	 	 	 	 	 	 	 	 	 	 	 	 	 	343.61968	470.46503	 	325.88396	452.28857	 	1363.69565	791.16411	 	 	 	 	 	 	 	1048.94045	497.62344	 	1332.72698	805.08902	 	 	 	 	 	 	 	 	 	 	 	 	 	 	 	 	 	 	 	 	 	 	 	 	 	 	 	 	 	 	 	 	 	 	 	 	 	 	 	 	 	 	 	 	 	 	 	 	 	 	 	 	 	 	 	 	 	 	 	 	 	 	 	 	 	 	 	 	 	 	 	 	 
28	 	 	 	 	 	 	 	 	 	 	 	 	 	 	 	345.11354	468.37134	 	324.21681	460.22024	 	1361.56298	789.91038	 	 	 	 	 	 	 	1049.82430	496.10354	 	1333.86263	807.35640	 	 	 	 	 	 	 	 	 	 	 	 	 	 	 	 	 	 	 	 	 	 	 	 	 	 	 	 	549.45708	364.31829	*	 	 	 	 	 	 	 	 	 	 	 	 	 	 	 	 	 	 	 	 	 	 	 	 	 	 	 	 	 	 	 	 	 	 	 	 	 	 	 	 	 	 
29	 	 	 	 	 	 	 	 	 	 	 	 	 	 	 	346.24440	463.51254	 	318.77598	463.75135	 	1360.13397	787.47632	 	 	 	 	 	 	 	1048.43497	496.77807	 	1336.78183	810.13308	 	 	 	 	 	 	 	 	 	 	 	 	 	 	 	 	 	 	 	 	 	 	 	 	 	 	 	 	546.74070	356.71937	 	 	 	 	 	 	 	 	 	 	 	 	 	 	 	 	 	 	 	 	 	 	 	 	 	 	 	 	 	 	 	 	 	 	 	 	 	 	 	 	 	 	 
30	 	 	 	 	 	 	 	 	 	 	 	 	 	 	 	 	 	 	318.89160	468.18668	 	1358.19954	786.71424	 	644.91811	484.63168	 	639.70080	519.77014	 	1048.91269	496.57749	 	1338.15343	811.81561	 	 	 	 	 	 	 	 	 	 	 	 	 	 	 	 	 	 	 	 	 	 	 	 	 	 	 	 	547.10756	352.62366	 	 	 	 	 	 	 	 	 	 	 	 	 	 	 	 	 	 	 	 	 	 	 	 	 	 	 	 	 	 	 	 	 	 	 	 	 	 	 	 	 	 	 
31	 	 	 	 	 	 	 	 	 	 	 	 	 	 	 	346.14848	456.43950	*	320.38950	471.86847	 	1358.14435	786.30792	 	646.67784	484.55653	 	638.44971	519.86545	 	1051.11406	493.77827	 	1338.67411	811.98521	 	 	 	 	 	 	 	 	 	 	 	 	 	 	 	 	 	 	 	 	 	 	 	 	 	 	 	 	546.62655	357.34398	 	 	 	 	 	 	 	 	 	 	 	 	 	 	 	 	 	 	 	 	 	 	 	 	 	 	 	 	 	 	 	 	 	 	 	 	 	 	 	 	 	 	 
32	 	 	 	 	 	 	 	 	 	 	 	 	 	 	 	 	 	 	 	 	 	1355.57533	784.16670	 	648.40019	484.27332	 	635.00051	518.89589	 	1049.64877	496.95574	 	1343.73472	813.58302	 	 	 	 	320.10847	457.03988	 	 	 	 	 	 	 	 	 	 	 	 	 	 	 	 	 	 	 	345.48429	466.96180	 	 	 	 	 	 	 	 	 	 	 	 	 	 	 	 	 	 	 	 	 	 	 	 	 	 	 	 	 	 	 	 	 	 	 	 	 	 	 	 	 	 	 	 	 	 
33	 	 	 	 	 	 	 	 	 	 	 	 	 	 	 	 	 	 	 	 	 	1351.55939	782.87177	 	648.64930	484.27334	 	633.96650	519.42979	 	1049.67016	497.44646	 	1348.77129	814.47930	 	 	 	 	320.64292	454.22164	 	 	 	 	 	 	 	 	 	 	 	 	 	 	 	 	 	 	 	344.78557	467.88684	 	 	 	 	 	 	 	 	 	 	 	 	 	 	 	 	 	 	 	 	 	 	 	 	 	 	 	 	 	 	 	 	 	 	 	 	 	 	 	 	 	 	 	 	 	 
34	 	 	 	 	 	 	 	 	 	 	 	 	 	 	 	 	 	 	 	 	 	1344.64089	786.86244	 	651.10856	486.58929	 	630.85520	518.25318	 	1049.17307	498.66900	 	1356.70055	813.68999	 	1341.58631	777.35381	 	322.13189	449.99381	 	 	 	 	 	 	 	 	 	 	 	 	 	 	 	 	 	 	 	346.36066	471.69044	 	 	 	 	 	 	 	 	 	 	 	 	 	 	 	 	 	 	 	 	 	 	 	 	 	 	 	 	 	 	 	 	 	 	 	 	 	 	 	 	 	 	 	 	 	 
35	 	 	 	 	 	 	 	 	 	 	 	 	 	 	 	 	 	 	 	 	 	1344.05421	787.07589	 	651.66223	486.14373	 	631.87777	519.34295	 	1050.86145	497.71863	 	1357.60216	813.43053	 	1340.07656	777.54296	 	321.18461	450.98526	 	 	 	 	 	 	 	 	 	 	 	 	 	 	 	 	 	 	 	346.90532	470.54662	 	552.37553	359.80196	*	 	 	 	 	 	 	 	 	 	 	 	 	 	 	 	 	 	 	 	 	 	 	 	 	 	 	 	 	 	 	 	 	 	 	 	 	 	 	 	 	 	 
36	 	 	 	 	 	 	 	 	 	 	 	 	 	 	 	 	 	 	 	 	 	1341.08415	788.64599	 	651.25928	486.98144	 	635.05085	517.52259	 	1049.26432	498.35841	 	1360.98837	811.67359	 	1335.05664	779.36295	 	322.85564	448.80330	 	 	 	 	 	 	 	 	 	 	 	 	 	 	 	 	 	 	 	345.93638	472.13813	 	554.40645	363.83139	 	 	 	 	 	 	 	 	 	 	 	 	 	 	 	 	 	 	 	 	 	 	 	 	 	 	 	 	 	 	 	 	 	 	 	 	 	 	 	 	 	 	 
37	 	 	 	 	 	 	 	 	 	 	 	 	 	 	 	 	 	 	 	 	 	1336.99653	788.06108	 	650.67999	484.93824	 	633.15331	519.29113	 	1050.79074	497.80096	 	1364.44935	808.44793	 	 	 	 	320.44215	451.26766	 	 	 	 	 	 	 	 	 	 	 	 	 	 	 	 	 	 	 	346.78274	469.64254	 	554.12094	363.09600	 	 	 	 	 	 	 	 	 	 	 	 	 	 	 	 	 	 	 	 	 	 	 	 	 	 	 	 	 	 	 	 	 	 	 	 	 	 	 	 	 	 	 
38	 	 	 	 	 	 	 	 	 	 	 	 	 	 	 	 	 	 	 	 	 	1340.25048	789.45973	 	650.72016	484.43921	 	633.64159	519.23595	 	1050.95300	496.41083	 	1362.25979	810.72024	 	1334.21442	780.18063	*	320.43144	451.31112	 	 	 	 	 	 	 	 	 	 	 	 	 	 	 	 	 	 	 	346.79746	469.60347	 	555.29281	364.54162	 	 	 	 	 	 	 	 	 	 	 	 	 	 	 	 	 	 	 	 	 	 	 	 	 	 	 	 	 	 	 	 	 	 	 	 	 	 	 	 	 	 	 
39	 	 	 	 	 	 	 	 	 	 	 	 	 	 	 	 	 	 	 	 	 	1345.82254	786.29949	 	650.56908	484.51573	 	633.91930	519.25187	 	1051.34159	496.86671	 	1355.13900	813.97165	 	1343.05714	776.94377	 	320.66940	450.33599	 	 	 	 	 	 	 	 	 	 	 	 	 	 	 	 	 	 	 	346.40563	469.86497	 	553.95393	362.57518	 	 	 	 	 	 	 	 	 	 	 	 	 	 	 	 	 	 	 	 	 	 	 	 	 	 	 	 	 	 	 	 	 	 	 	 	 	 	 	 	 	 	 
40	 	 	 	 	 	 	 	 	 	 	 	 	 	 	 	 	 	 	 	 	 	1348.55834	786.02608	 	647.66734	484.54852	 	637.18970	519.65133	 	1050.64343	498.08689	 	1353.32759	814.19506	 	 	 	 	322.25293	448.06662	 	 	 	 	 	 	 	 	 	 	 	 	 	 	 	 	 	 	 	345.38670	470.99677	 	558.12692	361.77138	 	 	 	 	 	 	 	 	 	 	 	 	 	 	 	 	 	 	 	 	 	 	 	 	 	 	 	 	 	 	 	 	 	 	 	 	 	 	 	 	 	 	 
41	 	 	 	 	 	 	 	 	 	 	 	 	 	 	 	 	 	 	 	 	 	 	 	 	648.85061	484.68854	 	635.18527	518.87379	 	1049.43335	499.59696	 	1359.55058	808.27068	 	 	 	 	321.08694	449.90136	 	 	 	 	 	 	 	 	 	 	 	 	 	 	 	 	 	 	 	346.26597	470.26996	 	 	 	 	 	 	 	 	 	 	 	 	 	 	 	 	 	 	 	 	 	 	 	 	 	 	 	 	 	 	 	 	 	 	 	 	 	 	 	 	 	 	 	 	 	 
42	 	 	 	 	 	 	 	 	 	 	 	 	 	 	 	 	 	 	 	 	 	1337.96596	790.02284	*	650.08219	486.64877	 	631.52924	517.10779	 	1049.19324	499.53763	 	1359.54565	808.27101	 	 	 	 	324.22213	447.60207	 	 	 	 	 	 	 	586.32630	367.66051	 	 	 	 	 	 	 	 	 	 	345.12536	473.36205	 	 	 	 	 	 	 	 	 	 	 	 	 	 	 	 	 	 	 	 	 	 	 	 	 	 	 	 	 	 	 	 	 	 	 	 	 	 	 	 	 	 	 	 	 	 
43	 	 	 	 	 	 	 	 	 	 	 	 	 	 	 	 	 	 	 	 	 	 	 	 	651.09818	486.09005	 	632.37382	518.99681	 	1052.03694	501.07215	 	1352.25111	814.50910	 	1348.66908	782.78044	*	322.88980	448.60431	 	 	 	 	 	 	 	 	 	 	 	 	 	 	 	 	 	 	 	345.85138	472.02718	 	 	 	 	 	 	 	 	 	 	 	 	 	 	 	 	 	 	 	 	 	 	 	 	 	 	 	 	 	 	 	 	 	 	 	 	 	 	 	 	 	 	 	 	 	 
44	 	 	 	 	 	 	 	 	 	 	 	 	 	 	 	 	 	 	 	 	 	 	 	 	651.35370	487.01281	 	631.55701	518.58541	 	1050.73293	499.75217	 	1354.47264	814.29312	 	1346.24635	782.83985	 	323.51146	447.56032	 	 	 	 	 	 	 	592.34745	349.68130	*	 	 	 	 	 	 	 	 	 	345.30743	472.11877	 	555.42214	355.68268	*	 	 	 	 	 	 	 	 	 	 	 	 	 	 	 	 	 	 	 	 	 	 	 	 	 	 	 	 	 	 	 	 	 	 	 	 	 	 	 	 	 	 
45	 	 	 	 	 	 	 	 	 	 	 	 	 	 	 	 	 	 	 	 	 	 	 	 	654.26559	492.75908	 	627.89331	511.86835	 	1051.60297	498.53502	 	1352.98364	814.48478	 	1348.15600	782.70884	 	323.78315	447.51588	 	1026.46982	490.86930	 	 	 	 	588.51708	351.52250	 	 	 	 	 	 	 	 	 	 	345.22486	472.65205	 	555.43942	354.20597	 	 	 	 	 	 	 	 	 	 	 	 	 	 	 	 	 	 	 	 	 	 	 	 	 	 	 	 	 	 	 	 	 	 	 	 	 	 	 	 	 	 	 
46	 	 	 	 	 	 	 	 	 	 	 	 	 	 	 	 	 	 	 	 	 	 	 	 	 	 	 	 	 	 	1049.94727	500.95109	 	1347.40693	813.94247	 	1353.74435	783.28078	 	325.82920	445.98364	 	 	 	 	 	 	 	 	 	 	 	 	 	 	 	 	 	 	 	344.00866	473.82556	 	557.85834	360.72249	 	 	 	 	 	 	 	 	 	 	 	 	 	 	 	 	 	 	 	 	 	 	 	 	 	 	 	 	 	 	 	 	 	 	 	 	 	 	 	 	 	 	 
47	 	 	 	 	 	 	 	 	 	 	 	 	 	 	 	 	 	 	 	 	 	 	 	 	 	 	 	 	 	 	 	 	 	1340.38877	811.45974	 	1360.56713	786.04095	 	324.93624	446.99522	 	1043.54173	480.72653	*	 	 	 	588.58532	351.73992	*	 	 	 	 	 	 	 	 	 	344.80991	473.75627	 	555.31871	353.85056	 	 	 	 	 	 	 	 	 	 	 	 	 	 	 	 	 	 	 	 	 	 	 	 	 	 	 	 	 	 	 	 	 	 	 	 	 	 	 	 	 	 	 
48	 	 	 	 	 	 	 	 	 	 	 	 	 	 	 	 	 	 	 	 	 	 	 	 	 	 	 	 	 	 	 	 	 	1340.94977	811.99554	 	1358.74849	785.02902	 	327.24855	445.29936	 	1044.62641	481.47418	 	 	 	 	588.11339	358.16707	 	 	 	 	 	 	 	 	 	 	343.15348	474.74434	 	555.42891	347.18761	 	 	 	 	 	 	 	 	 	 	 	 	 	 	 	 	 	 	 	 	 	 	 	 	 	 	 	 	 	 	 	 	 	 	 	 	 	 	 	 	 	 	 
49	 	 	 	 	 	 	 	 	 	 	 	 	 	 	 	 	 	 	 	 	 	 	 	 	 	 	 	 	 	 	 	 	 	 	 	 	1366.02179	790.68181	 	330.30338	444.15861	 	1041.83258	483.50090	 	 	 	 	588.53361	352.55457	 	 	 	 	 	 	 	 	 	 	341.08333	476.33387	 	554.70109	352.86168	 	 	 	 	 	 	 	 	 	 	 	 	 	 	 	 	 	 	 	 	 	 	 	 	 	 	 	 	 	 	 	 	 	 	 	 	 	 	 	 	 	 	 
50	 	 	 	 	 	 	 	 	 	 	 	 	 	 	 	 	 	 	 	 	 	 	 	 	 	 	 	 	 	 	 	 	 	1337.59030	807.89067	*	1364.71553	788.50834	 	328.63491	444.56373	 	1042.96755	484.37075	 	625.74416	510.57724	 	588.69782	353.91034	 	 	 	 	 	 	 	 	 	 	341.73220	475.16946	 	555.30135	351.95462	 	 	 	 	655.91167	497.67089	 	 	 	 	 	 	 	 	 	 	 	 	 	 	 	 	 	 	 	 	 	 	 	 	 	 	 	 	 	 	 	 	 	 	 	 	 
51	 	 	 	 	 	 	 	 	 	 	 	 	 	 	 	 	 	 	 	 	 	 	 	 	 	 	 	 	 	 	 	 	 	1339.53571	808.47765	 	1364.07082	788.02823	 	327.40701	445.39873	 	1043.18645	484.72025	 	625.82690	513.17320	 	588.59687	354.31635	 	 	 	 	 	 	 	 	 	 	343.38923	475.26996	 	554.65843	350.42067	 	 	 	 	655.55390	497.65792	 	 	 	 	 	 	 	 	 	 	 	 	 	 	 	 	 	 	 	 	 	 	 	 	 	 	 	 	 	 	 	 	 	 	 	 	 
52	 	 	 	 	 	 	 	 	 	 	 	 	 	 	 	 	 	 	 	 	 	 	 	 	 	 	 	 	 	 	 	 	 	 	 	 	 	 	 	328.20892	449.88229	 	1043.56392	485.45199	 	626.50574	515.07626	 	588.62782	355.43651	 	 	 	 	 	 	 	 	 	 	343.53661	475.59227	 	555.61545	350.63745	 	324.49742	441.35797	 	655.08868	497.09275	 	 	 	 	 	 	 	 	 	 	 	 	 	 	 	 	 	 	 	 	 	 	 	 	 	 	 	 	 	 	 	 	 	 	 	 	 
53	 	 	 	 	 	 	 	 	 	 	 	 	 	 	 	 	 	 	 	 	 	 	 	 	 	 	 	 	 	 	 	 	 	 	 	 	 	 	 	320.87606	453.79441	 	1044.30695	487.57316	 	627.15596	515.70782	 	588.17562	349.57839	 	 	 	 	 	 	 	 	 	 	344.68500	468.18179	 	555.75699	355.76390	 	 	 	 	654.92461	496.68349	 	 	 	 	 	 	 	 	 	 	 	 	 	 	 	 	 	 	 	 	 	 	 	 	 	 	 	 	 	 	 	 	 	 	 	 	 
54	 	 	 	 	 	 	 	 	 	 	 	 	 	 	 	 	 	 	 	 	 	 	 	 	 	 	 	 	 	 	 	 	 	 	 	 	 	 	 	324.20829	456.31975	 	 	 	 	632.71650	518.85805	 	 	 	 	 	 	 	 	 	 	1056.93343	491.48887	 	344.44631	468.91065	 	 	 	 	317.66377	448.54617	*	653.38412	494.79630	 	 	 	 	 	 	 	 	 	 	1026.18889	484.64467	 	 	 	 	 	 	 	 	 	 	 	 	 	 	 	 	 	 	 	 	 	 	 	 	 
55	 	 	 	 	 	 	 	 	 	 	 	 	 	 	 	 	 	 	 	 	 	 	 	 	 	 	 	 	 	 	 	 	 	 	 	 	 	 	 	 	 	 	 	 	 	639.49105	519.83113	 	 	 	 	 	 	 	 	 	 	1055.93048	493.95654	 	344.95601	473.66200	 	 	 	 	324.75672	447.23660	 	651.12029	492.92291	 	 	 	 	 	 	 	 	 	 	1026.85887	482.85672	 	 	 	 	 	 	 	 	 	 	 	 	 	 	 	 	 	 	 	 	 	 	 	 	 
56	 	 	 	 	 	 	 	 	 	 	 	 	 	 	 	 	 	 	 	 	 	 	 	 	 	 	 	 	 	 	 	 	 	 	 	 	 	 	 	 	 	 	 	 	 	635.49990	518.84503	 	 	 	 	 	 	 	1339.94819	803.65170	 	1054.33214	495.80018	 	343.18814	475.02311	 	 	 	 	327.45857	445.22580	 	653.58829	493.15245	 	 	 	 	 	 	 	 	 	 	1027.51645	481.00763	 	 	 	 	1358.09149	786.84840	 	 	 	 	 	 	 	 	 	 	 	 	 	 	 	 	 	 	 
57	 	 	 	 	 	 	 	 	 	 	 	 	 	 	 	 	 	 	 	 	 	 	 	 	 	 	 	 	 	 	 	 	 	 	 	 	 	 	 	 	 	 	1044.33970	487.39743	*	637.79346	519.43184	 	556.28551	357.33430	*	 	 	 	1337.77968	799.53942	 	 	 	 	339.75232	476.89343	 	546.86833	358.54733	*	332.23648	443.67486	 	652.23270	492.98512	 	 	 	 	 	 	 	 	 	 	 	 	 	 	 	 	1361.24630	794.09004	 	 	 	 	 	 	 	 	 	 	 	 	 	 	 	 	 	 	 
58	 	 	 	 	 	 	 	 	 	 	 	 	 	 	 	 	 	 	 	 	 	 	 	 	 	 	 	 	 	 	 	 	 	 	 	 	 	 	 	 	 	 	1043.63630	484.94822	 	643.03487	519.60211	 	 	 	 	579.29976	362.45836	 	1337.16366	794.55183	 	 	 	 	337.79779	477.50554	 	 	 	 	335.31224	443.36196	 	648.81354	492.03012	 	 	 	 	 	 	 	 	 	 	 	 	 	 	 	 	 	 	 	 	 	 	 	 	 	 	 	 	 	 	 	 	 	 	 	 	 
59	 	 	 	 	 	 	 	 	 	 	 	 	 	 	 	 	 	 	 	 	 	 	 	 	 	 	 	 	 	 	 	 	 	 	 	 	 	 	 	 	 	 	1046.01224	483.66990	 	639.41555	519.99284	 	 	 	 	 	 	 	1337.44718	792.40234	 	 	 	 	332.28111	476.67587	 	 	 	 	340.18240	444.12391	 	651.02513	493.22106	 	 	 	 	 	 	 	 	 	 	 	 	 	 	 	 	1361.49396	805.59697	*	 	 	 	 	 	 	 	 	 	 	 	 	 	 	 	 	 	 
60	 	 	 	 	 	 	 	 	 	 	 	 	 	 	 	 	 	 	 	 	 	 	 	 	 	 	 	 	 	 	 	 	 	 	 	 	 	 	 	 	 	 	 	 	 	642.39112	520.27712	 	 	 	 	 	 	 	1337.42641	792.52553	 	1056.53292	492.15552	*	331.11713	475.77507	 	 	 	 	341.35571	444.44649	 	648.60741	493.14524	 	 	 	 	 	 	 	 	 	 	1026.17337	483.54254	*	 	 	 	1361.43708	805.74189	 	 	 	 	 	 	 	 	 	 	 	 	 	 	 	 	 	 	 
61	 	 	 	 	 	 	 	 	 	 	 	 	 	 	 	 	 	 	 	 	 	 	 	 	 	 	 	 	 	 	 	 	 	 	 	 	 	 	 	 	 	 	 	 	 	 	 	 	556.72233	359.19189	*	586.03487	347.75706	*	1337.65753	795.10602	 	1052.95633	498.01200	 	330.05112	475.46063	 	548.45106	361.58057	*	342.83436	445.37044	 	654.35183	494.65501	 	631.18494	517.76437	 	 	 	 	 	 	 	1028.18668	481.12641	 	 	 	 	1362.68917	801.43173	 	 	 	 	 	 	 	 	 	 	 	 	 	 	 	 	 	 	 
62	 	 	 	 	 	 	 	 	 	 	 	 	 	 	 	 	 	 	 	 	 	 	 	 	 	 	 	 	 	 	 	 	 	 	 	 	 	 	 	 	 	 	 	 	 	 	 	 	551.46443	356.35678	 	586.67412	351.56541	 	1335.84208	799.93970	 	1046.61858	503.61045	 	332.45689	476.62236	 	 	 	 	340.08081	444.07600	 	653.02406	494.67689	 	633.52536	519.31718	 	 	 	 	 	 	 	1034.08672	476.35285	 	 	 	 	1366.87267	793.26516	 	 	 	 	 	 	 	 	 	 	 	 	 	 	 	 	 	 	 
63	 	 	 	 	 	 	 	 	 	 	 	 	 	 	 	 	 	 	 	 	 	 	 	 	 	 	 	 	 	 	 	 	 	 	 	 	 	 	 	 	 	 	 	 	 	 	 	 	552.11234	349.73223	 	585.11792	357.29080	 	1338.42206	798.10906	 	1048.59522	503.63990	 	333.67506	476.47806	 	 	 	 	338.37344	443.56563	 	652.42978	494.86731	 	634.47786	520.04436	 	 	 	 	 	 	 	1033.24377	477.22387	 	 	 	 	1367.05004	796.30742	 	 	 	 	 	 	 	 	 	 	 	 	 	 	 	 	 	 	 
64	 	 	 	 	 	 	 	 	 	 	 	 	 	 	 	 	 	 	 	 	 	 	 	 	 	 	 	 	 	 	 	 	 	 	 	 	 	 	 	 	 	 	 	 	 	 	 	 	552.33033	348.73608	 	584.63274	357.94626	 	1338.60906	799.93618	 	1051.36448	502.61835	 	337.52376	476.69239	 	 	 	 	333.77704	443.38987	 	652.76566	495.28632	 	632.23123	519.58750	 	 	 	 	 	 	 	1032.34969	478.50697	 	 	 	 	1361.30770	792.62919	 	 	 	 	 	 	 	 	 	 	 	 	 	 	 	 	 	 	 
65	 	 	 	 	 	 	 	 	 	 	 	 	 	 	 	 	 	 	 	 	 	 	 	 	 	 	 	 	 	 	 	 	 	 	 	 	 	 	 	 	 	 	 	 	 	 	 	 	559.58579	343.62591	 	581.11370	364.46819	 	1337.80766	797.78438	 	1055.24536	499.29990	 	334.48762	477.24338	 	554.46827	337.78421	*	337.41290	443.51141	 	651.42323	495.16853	 	631.35990	519.56250	 	 	 	 	 	 	 	1030.43171	480.71416	 	 	 	 	1362.12141	796.62173	 	 	 	 	 	 	 	 	 	 	 	 	 	 	 	 	 	 	 
66	 	 	 	 	 	 	 	 	 	 	 	 	 	 	 	 	 	 	 	 	 	 	 	 	 	 	 	 	 	 	 	 	 	 	 	 	 	 	 	 	 	 	 	 	 	 	 	 	565.09799	340.29323	 	576.72247	367.48292	 	 	 	 	1055.63710	497.43298	 	333.02026	476.62760	 	561.87510	332.90836	 	339.22738	443.79930	 	651.92530	496.03002	 	629.51431	518.82367	 	 	 	 	 	 	 	1029.03480	481.19162	 	 	 	 	 	 	 	 	 	 	 	 	 	 	 	 	 	 	 	 	 	 	 	 	 
67	 	 	 	 	 	 	 	 	 	 	 	 	 	 	 	 	 	 	 	 	 	 	 	 	 	 	 	 	 	 	 	 	 	 	 	 	 	 	 	 	 	 	 	 	 	 	 	 	564.47569	340.61380	 	577.41709	366.92483	 	 	 	 	1052.85547	500.80467	 	 	 	 	561.36444	333.01829	 	340.82821	448.75057	 	653.94140	496.69610	 	628.53173	517.50508	 	 	 	 	 	 	 	1031.05092	479.19970	 	 	 	 	 	 	 	 	 	 	 	 	 	 	 	 	 	 	 	 	 	 	 	 	 
68	 	 	 	 	 	 	 	 	 	 	 	 	 	 	 	 	 	 	 	 	 	 	 	 	 	 	 	 	 	 	 	 	 	 	 	 	 	 	 	 	 	 	 	 	 	 	 	 	559.09287	338.40353	 	579.61190	365.02010	 	 	 	 	1052.16099	501.84535	 	 	 	 	 	 	 	343.28724	450.41586	 	653.63271	496.49991	 	629.12219	518.03704	 	 	 	 	 	 	 	1031.59692	478.89927	 	 	 	 	 	 	 	 	 	 	 	 	 	 	 	 	 	 	 	 	 	 	 	 	 
69	 	 	 	 	 	 	 	 	 	 	 	 	 	 	 	 	 	 	 	 	 	 	 	 	 	 	 	 	 	 	 	 	 	 	 	 	 	 	 	 	 	 	 	 	 	 	 	 	 	 	 	574.19907	368.16513	 	1341.47571	806.41358	*	1048.56776	504.89981	 	 	 	 	566.19330	335.16268	*	338.57093	447.29967	 	653.03282	495.94112	 	630.91353	519.14714	 	 	 	 	 	 	 	1034.18942	477.82412	 	 	 	 	1354.04281	782.60722	*	 	 	 	 	 	 	 	 	 	 	 	 	 	 	 	 	 	 
70	 	 	 	 	 	 	 	 	 	 	 	 	 	 	 	 	 	 	 	 	 	 	 	 	 	 	 	 	 	 	 	 	 	 	 	 	 	 	 	 	 	 	 	 	 	 	 	 	 	 	 	575.04318	368.33830	 	1340.20574	803.41038	 	1052.09987	501.92606	 	341.79223	477.05017	*	564.22064	335.79027	 	330.10029	444.27722	 	649.42056	494.91122	 	633.21547	521.11440	 	 	 	 	 	 	 	1031.80612	478.84498	 	 	 	 	1358.60144	787.10526	 	 	 	 	 	 	 	 	 	 	 	 	 	 	 	 	 	 	 
71	 	 	 	 	 	 	 	 	 	 	 	 	 	 	 	 	 	 	 	 	 	 	 	 	 	 	 	 	 	 	 	 	 	 	 	 	 	 	 	 	 	 	 	 	 	 	 	 	 	 	 	576.41577	364.01878	 	1340.16520	802.88858	 	1056.98439	495.28397	 	338.41672	477.30491	 	562.64794	336.84987	 	334.20339	443.55844	 	651.13604	495.27260	 	631.45795	519.81255	 	574.57208	375.54465	 	 	 	 	1028.19743	482.54768	 	 	 	 	1363.22185	785.50289	 	 	 	 	 	 	 	 	 	 	 	 	 	 	 	 	 	 	 
72	 	 	 	 	 	 	 	 	 	 	 	 	 	 	 	 	 	 	 	 	 	 	 	 	 	 	 	 	 	 	 	 	 	 	 	 	 	 	 	 	 	 	 	 	 	 	 	 	 	 	 	 	 	 	1336.75970	802.03946	 	1057.91171	492.63988	 	334.51365	476.72552	 	569.44457	334.48756	 	337.32358	443.47820	 	650.82987	495.44437	 	631.30021	520.02850	 	571.68252	369.39083	 	 	 	 	1027.18002	484.43633	 	 	 	 	1366.21623	789.76021	 	 	 	 	 	 	 	 	 	 	 	 	 	 	 	 	 	 	 
73	 	 	 	 	 	 	 	 	 	 	 	 	 	 	 	 	 	 	 	 	 	 	 	 	 	 	 	 	 	 	 	 	 	 	 	 	 	 	 	 	 	 	 	 	 	 	 	 	 	 	 	573.39653	365.96372	*	1336.74309	802.79970	 	1054.92252	497.93343	 	332.63563	476.52106	 	567.87622	334.39998	 	339.84066	444.04848	 	650.37638	495.74950	 	630.91669	520.29536	 	 	 	 	 	 	 	1029.08476	480.70790	 	 	 	 	1365.48223	789.33650	 	 	 	 	 	 	 	 	 	 	 	 	 	 	 	 	 	 	 
74	 	 	 	 	 	 	 	 	 	 	 	 	 	 	 	 	 	 	 	 	 	 	 	 	 	 	 	 	 	 	 	 	 	 	 	 	 	 	 	 	 	 	 	 	 	 	 	 	 	 	 	 	 	 	1336.26979	799.80148	 	1057.50112	493.33064	 	336.18797	476.90557	 	573.29444	334.50923	 	335.32197	443.34116	 	651.13138	495.94829	 	630.28497	519.60025	 	568.95572	369.29584	*	 	 	 	1027.24950	483.60997	 	 	 	 	1367.54908	793.11847	 	 	 	 	 	 	 	 	 	 	 	 	 	 	 	 	 	 	 
75	 	 	 	 	 	 	 	 	 	 	 	 	 	 	 	 	 	 	 	 	 	 	 	 	 	 	 	 	 	 	 	 	 	 	 	 	 	 	 	 	 	 	 	 	 	 	 	 	 	 	 	575.54909	365.14120	*	1336.50811	798.72825	 	1057.01922	493.39779	 	337.41031	476.94191	 	567.48352	339.41326	 	334.18124	443.51095	 	650.48658	495.46530	 	631.51844	520.32703	 	 	 	 	 	 	 	1026.41316	484.32387	 	 	 	 	1368.22529	794.55287	 	564.60817	331.70581	 	 	 	 	 	 	 	 	 	 	 	 	 	 	 	 
76	 	 	 	 	 	 	 	 	 	 	 	 	 	 	 	 	 	 	 	 	 	 	 	 	 	 	 	 	 	 	 	 	 	 	 	 	 	 	 	 	 	 	 	 	 	 	 	 	 	 	 	573.81472	368.74568	 	1336.40228	799.98013	 	1057.10882	490.57037	 	336.70242	477.06471	 	567.54268	339.34725	 	335.22186	443.41855	 	649.62498	495.64863	 	631.66693	520.99215	 	 	 	 	 	 	 	1025.89834	485.05095	 	 	 	 	1367.49257	792.60959	 	565.08321	331.49462	 	 	 	 	 	 	 	 	 	 	 	 	 	 	 	 
77	 	 	 	 	 	 	 	 	 	 	 	 	 	 	 	 	 	 	 	 	 	 	 	 	 	 	 	 	 	 	 	 	 	 	 	 	 	 	 	 	 	 	 	 	 	 	 	 	 	 	 	 	 	 	1335.49303	796.89302	 	 	 	 	339.66385	476.99271	 	 	 	 	332.64729	443.71466	 	650.96993	496.45556	 	629.55741	519.63446	 	582.93284	362.92351	*	1044.49147	488.11029	 	 	 	 	 	 	 	1367.82708	797.28410	 	 	 	 	 	 	 	 	 	 	 	 	 	 	 	 	 	 	 
78	 	 	 	 	 	 	 	 	 	 	 	 	 	 	 	 	 	 	 	 	 	 	 	 	 	 	 	 	 	 	 	 	 	 	 	 	 	 	 	 	 	 	 	 	 	 	 	 	 	 	 	 	 	 	1335.31874	791.55162	 	1056.57387	492.88561	*	339.96210	476.30062	 	 	 	 	331.01014	443.81927	 	653.44743	497.65704	 	627.48183	517.41570	 	582.48462	362.66052	 	 	 	 	1026.47290	483.73946	*	 	 	 	1366.60947	804.53382	 	 	 	 	 	 	 	 	 	 	 	 	 	 	 	 	 	 	 
79	 	 	 	 	 	 	 	 	 	 	 	 	 	 	 	 	 	 	 	 	 	 	 	 	 	 	 	 	 	 	 	 	 	 	 	 	 	 	 	 	 	 	 	 	 	 	 	 	 	 	 	 	 	 	1338.12022	793.13757	 	1053.89470	497.00969	 	345.18341	472.97428	 	556.50714	349.95698	*	323.93349	447.69770	 	652.22707	497.01899	 	628.05297	518.17918	 	581.94529	360.07781	 	 	 	 	1027.66132	481.47014	 	 	 	 	1365.87766	806.38233	 	 	 	 	 	 	 	 	 	 	 	 	 	 	 	 	 	 	 
80	 	 	 	 	 	 	 	 	 	 	 	 	 	 	 	 	 	 	 	 	 	 	 	 	 	 	 	 	 	 	 	 	 	 	 	 	 	 	 	 	 	 	 	 	 	 	 	 	 	 	 	 	 	 	1337.58933	793.42001	 	1054.96437	499.91940	 	343.21244	474.40737	 	562.37285	342.33300	 	327.07330	445.28243	 	653.95140	498.05060	 	626.56797	516.28319	 	577.77656	363.48431	 	1048.00911	491.90890	*	1029.81944	477.43144	 	 	 	 	1361.91984	804.82259	 	557.30986	335.06722	*	 	 	 	 	 	 	 	 	 	 	 	 	 	 	 
81	 	 	 	 	 	 	 	 	 	 	 	 	 	 	 	 	 	 	 	 	 	 	 	 	 	 	 	 	 	 	 	 	 	 	 	 	 	 	 	 	 	 	 	 	 	 	 	 	 	 	 	 	 	 	 	 	 	1055.57865	499.01299	 	345.25663	472.50631	 	558.93733	345.55790	 	323.71516	447.57691	 	653.71449	498.17218	 	626.61366	516.51560	 	579.42355	362.40314	 	1048.49990	490.92396	 	1029.37510	477.45852	 	 	 	 	 	 	 	553.02729	338.96942	 	 	 	 	 	 	 	 	 	 	 	 	 	 	 	 
82	 	 	 	 	 	 	 	 	 	 	 	 	 	 	 	 	 	 	 	 	 	 	 	 	 	 	 	 	 	 	 	 	 	 	 	 	 	 	 	 	 	 	 	 	 	 	 	 	 	 	 	 	 	 	 	 	 	1053.70407	501.19014	 	346.45954	470.52017	 	 	 	 	321.21556	450.18796	 	650.85319	495.71899	 	630.93360	519.91636	 	579.62193	365.18589	 	1046.41680	493.69655	 	1030.18777	477.00054	 	 	 	 	1358.96068	808.71545	*	559.01968	338.48700	 	 	 	 	 	 	 	 	 	 	 	 	 	 	 	 
83	 	 	 	 	 	 	 	 	 	 	 	 	 	 	 	 	 	 	 	 	 	 	 	 	 	 	 	 	 	 	 	 	 	 	 	 	 	 	 	 	 	 	 	 	 	 	 	 	 	 	 	 	 	 	 	 	 	1055.48443	496.89991	 	345.42570	473.22556	 	 	 	 	323.96829	448.15744	 	649.04099	495.10696	 	633.08604	521.45936	 	579.00696	365.60575	 	 	 	 	1027.52047	475.25636	 	 	 	 	 	 	 	560.18374	337.77470	 	 	 	 	 	 	 	 	 	 	 	 	 	 	 	 
84	 	 	 	 	 	 	 	 	 	 	 	 	 	 	 	 	 	 	 	 	 	 	 	 	 	 	 	 	 	 	 	 	 	 	 	 	 	 	 	 	 	 	 	 	 	 	 	 	 	 	 	 	 	 	 	 	 	 	 	 	342.87224	476.10447	 	 	 	 	327.80270	445.30943	 	647.45931	493.74313	 	637.65169	521.70664	 	575.95237	367.20538	 	1042.99417	506.34202	*	1031.61614	473.85635	 	 	 	 	 	 	 	564.45832	335.67252	 	 	 	 	 	 	 	 	 	 	 	 	 	 	 	 
85	 	 	 	 	 	 	 	 	 	 	 	 	 	 	 	 	 	 	 	 	 	 	 	 	 	 	 	 	 	 	 	 	 	 	 	 	 	 	 	 	 	 	 	 	 	 	 	 	 	 	 	 	 	 	 	 	 	 	 	 	342.36622	476.99090	 	571.82971	338.23965	*	329.49792	449.13341	 	647.49997	493.57719	 	638.38919	521.36952	 	572.46937	366.50368	 	1044.72425	506.61532	 	1030.83504	474.30998	 	 	 	 	1360.42216	790.78306	*	572.09572	329.37334	 	1338.58221	801.04054	 	 	 	 	 	 	 	 	 	 	 	 	 
86	 	 	 	 	 	 	 	 	 	 	 	 	 	 	 	 	 	 	 	 	 	 	 	 	 	 	 	 	 	 	 	 	 	 	 	 	 	 	 	 	 	 	 	 	 	 	 	 	 	 	 	 	 	 	 	 	 	 	 	 	 	 	 	562.98905	336.41830	 	 	 	 	650.00371	494.82816	 	638.76076	521.65502	 	577.25945	367.05738	 	1042.03555	506.00979	 	1033.25115	474.31852	 	629.85625	485.82871	 	 	 	 	 	 	 	1341.24160	806.32630	 	 	 	 	 	 	 	 	 	 	 	 	 
87	 	 	 	 	 	 	 	 	 	 	 	 	 	 	 	 	 	 	 	 	 	 	 	 	 	 	 	 	 	 	 	 	 	 	 	 	 	 	 	 	 	 	 	 	 	 	 	 	 	 	 	 	 	 	 	 	 	 	 	 	 	 	 	 	 	 	 	 	 	650.81004	495.07032	 	636.91147	521.25952	 	568.90741	368.87659	 	1039.68327	504.77258	 	1033.02613	475.25863	 	630.32061	485.46994	 	 	 	 	573.44289	334.62541	*	 	 	 	 	 	 	 	 	 	 	 	 	 	 	 
88	 	 	 	 	 	 	 	 	 	 	 	 	 	 	 	 	 	 	 	 	 	 	 	 	 	 	 	 	 	 	 	 	 	 	 	 	 	 	 	 	 	 	 	 	 	 	 	 	 	 	 	 	 	 	 	 	 	 	 	 	 	 	 	 	 	 	339.39650	447.33625	*	650.98589	494.77037	 	636.97917	520.83088	 	569.45465	368.69565	 	1045.54878	505.64320	 	1029.70512	473.54960	 	 	 	 	1350.13174	781.33521	*	572.49760	334.58694	 	 	 	 	 	 	 	 	 	 	 	 	 	 	 	 
89	 	 	 	 	 	 	 	 	 	 	 	 	 	 	 	 	 	 	 	 	 	 	 	 	 	 	 	 	 	 	 	 	 	 	 	 	 	 	 	 	 	 	 	 	 	 	 	 	 	 	 	 	 	 	 	 	 	 	 	 	 	 	 	 	 	 	 	 	 	648.69919	494.39474	 	641.16582	521.45000	 	 	 	 	1051.20329	499.45582	 	1025.21535	471.02149	 	 	 	 	1353.52628	782.42871	 	 	 	 	1342.64703	807.40389	*	 	 	 	 	 	 	 	 	 	 	 	 
90	 	 	 	 	 	 	 	 	 	 	 	 	 	 	 	 	 	 	 	 	 	 	 	 	 	 	 	 	 	 	 	 	 	 	 	 	 	 	 	 	 	 	 	 	 	 	 	 	 	 	 	 	 	 	 	 	 	 	 	 	 	 	 	 	 	 	 	 	 	647.73093	493.25972	 	642.91498	520.32424	 	 	 	 	1052.13634	498.73616	 	1025.88567	471.58450	 	 	 	 	1355.64786	783.75217	 	 	 	 	1341.09380	805.48886	 	 	 	 	 	 	 	 	 	 	 	 	 
91	 	 	 	 	 	 	 	 	 	 	 	 	 	 	 	 	 	 	 	 	 	 	 	 	 	 	 	 	 	 	 	 	 	 	 	 	 	 	 	 	 	 	 	 	 	 	 	 	 	 	 	 	 	 	 	 	 	 	 	 	 	 	 	 	 	 	 	 	 	 	 	 	 	 	 	559.76944	363.60008	*	1051.61972	498.62537	 	1024.66705	471.34437	 	646.40987	510.65708	*	1351.18707	781.64860	 	576.70070	343.50909	*	1345.10565	808.90346	 	1026.90624	491.73359	 	 	 	 	 	 	 	 	 	 
92	 	 	 	 	 	 	 	 	 	 	 	 	 	 	 	 	 	 	 	 	 	 	 	 	 	 	 	 	 	 	 	 	 	 	 	 	 	 	 	 	 	 	 	 	 	 	 	 	 	 	 	 	 	 	 	 	 	 	 	 	 	 	 	 	 	 	 	 	 	 	 	 	 	 	 	 	 	 	 	 	 	1033.18989	474.17096	 	644.84915	509.36988	 	1353.23310	782.16943	 	570.32750	339.33153	 	1342.38329	807.43839	 	 	 	 	569.98012	371.72561	 	 	 	 	 	 	 
93	 	 	 	 	 	 	 	 	 	 	 	 	 	 	 	 	 	 	 	 	 	 	 	 	 	 	 	 	 	 	 	 	 	 	 	 	 	 	 	 	 	 	 	 	 	 	 	 	 	 	 	 	 	 	 	 	 	 	 	 	 	 	 	 	 	 	 	 	 	 	 	 	 	 	 	 	 	 	 	 	 	 	 	 	645.74275	508.89634	 	1357.27770	785.64839	 	568.04297	338.82220	 	1340.54594	804.32838	 	1036.95437	491.20188	*	572.38985	371.65796	 	 	 	 	 	 	 
94	 	 	 	 	 	 	 	 	 	 	 	 	 	 	 	 	 	 	 	 	 	 	 	 	 	 	 	 	 	 	 	 	 	 	 	 	 	 	 	 	 	 	 	 	 	 	 	 	 	 	 	 	 	 	 	 	 	 	 	 	 	 	 	 	 	 	 	 	 	 	 	 	 	 	 	 	 	 	 	 	 	 	 	 	646.65479	508.00009	 	1360.96927	790.82333	 	566.03921	340.23985	 	1339.02090	800.76209	 	1036.63801	490.79035	 	575.91760	371.61760	 	 	 	 	 	 	 
95	 	 	 	 	 	 	 	 	 	 	 	 	 	 	 	 	 	 	 	 	 	 	 	 	 	 	 	 	 	 	 	 	 	 	 	 	 	 	 	 	 	 	 	 	 	 	 	 	 	 	 	 	 	 	 	 	 	 	 	 	 	 	 	 	 	 	 	 	 	 	 	 	 	 	 	 	 	 	 	 	 	 	 	 	645.60585	508.70788	 	1358.26054	786.79896	 	564.97280	341.78743	 	1340.29558	803.65297	 	1036.30724	490.44496	 	578.73291	371.42535	 	 	 	 	 	 	 
96	 	 	 	 	 	 	 	 	 	 	 	 	 	 	 	 	 	 	 	 	 	 	 	 	 	 	 	 	 	 	 	 	 	 	 	 	 	 	 	 	 	 	 	 	 	 	 	 	 	 	 	 	 	 	 	 	 	 	 	 	 	 	 	 	 	 	 	 	 	 	 	 	 	 	 	 	 	 	 	 	 	 	 	 	645.77897	508.57409	 	 	 	 	563.35670	341.95401	 	1347.37882	809.32914	 	1036.59659	490.82079	 	580.83657	369.92238	 	 	 	 	 	 	 
97	 	 	 	 	 	 	 	 	 	 	 	 	 	 	 	 	 	 	 	 	 	 	 	 	 	 	 	 	 	 	 	 	 	 	 	 	 	 	 	 	 	 	 	 	 	 	 	 	 	 	 	 	 	 	 	 	 	 	 	 	 	 	 	 	 	 	 	 	 	 	 	 	 	 	 	 	 	 	 	 	 	 	 	 	645.88289	508.77645	 	 	 	 	561.95172	343.14141	 	1345.68225	809.14982	 	1035.64669	489.13145	 	583.36494	368.06644	 	 	 	 	 	 	 
98	 	 	 	 	 	 	 	 	 	 	 	 	 	 	 	 	 	 	 	 	 	 	 	 	 	 	 	 	 	 	 	 	 	 	 	 	 	 	 	 	 	 	 	 	 	 	 	 	 	 	 	 	 	 	 	 	 	 	 	 	 	 	 	 	 	 	 	 	 	 	 	 	 	 	 	 	 	 	 	 	 	 	 	 	647.25523	507.38445	 	 	 	 	562.40975	343.55686	 	 	 	 	1036.25981	494.33039	 	583.49010	368.44441	 	 	 	 	 	 	 
99	 	 	 	 	 	 	 	 	 	 	 	 	 	 	 	 	 	 	 	 	 	 	 	 	 	 	 	 	 	 	 	 	 	 	 	 	 	 	 	 	 	 	 	 	 	 	 	 	 	 	 	 	 	 	 	 	 	 	 	 	 	 	 	 	 	 	 	 	 	 	 	 	 	 	 	 	 	 	 	 	 	 	 	 	647.60360	506.82108	 	1357.39034	779.64221	*	563.69160	342.74904	 	1342.99433	810.15556	*	1035.99547	494.42850	 	581.39256	370.14038	 	 	 	 	 	 	 
100	 	 	 	 	 	 	 	 	 	 	 	 	 	 	 	 	 	 	 	 	 	 	 	 	 	 	 	 	 	 	 	 	 	 	 	 	 	 	 	 	 	 	 	 	 	 	 	 	 	 	 	 	 	 	 	 	 	 	 	 	 	 	 	 	 	 	 	 	 	 	 	 	 	 	 	 	 	 	 	 	 	 	 	 	647.49212	506.76968	 	1353.70632	778.25590	 	560.97022	343.89346	 	1346.13556	811.35288	 	1036.67604	503.92416	 	584.79077	366.60171	 	 	 	 	 	 	 
101	 	 	 	 	 	 	 	 	 	 	 	 	 	 	 	 	 	 	 	 	 	 	 	 	 	 	 	 	 	 	 	 	 	 	 	 	 	 	 	 	 	 	 	 	 	 	 	 	 	 	 	 	 	 	 	 	 	 	 	 	 	 	 	 	 	 	 	 	 	 	 	 	 	 	 	 	 	 	 	 	 	 	 	 	647.18581	506.81127	 	1354.33192	778.42876	 	560.64616	344.55203	 	1345.53240	811.37994	 	1034.79328	500.14601	 	585.68206	365.77121	 	 	 	 	 	 	 
102	 	 	 	 	 	 	 	 	 	 	 	 	 	 	 	 	 	 	 	 	 	 	 	 	 	 	 	 	 	 	 	 	 	 	 	 	 	 	 	 	 	 	 	 	 	 	 	 	 	 	 	 	 	 	 	 	 	 	 	 	 	 	 	 	 	 	 	 	 	 	 	 	 	 	 	 	 	 	 	 	 	 	 	 	647.52075	506.74265	 	1353.65331	778.22308	 	559.95939	345.49045	 	1346.00078	811.70868	 	1037.94704	491.94987	 	586.68869	364.41961	 	 	 	 	 	 	 
103	 	 	 	 	 	 	 	 	 	 	 	 	 	 	 	 	 	 	 	 	 	 	 	 	 	 	 	 	 	 	 	 	 	 	 	 	 	 	 	 	 	 	 	 	 	 	 	 	 	 	 	 	 	 	 	 	 	 	 	 	 	 	 	 	 	 	 	 	 	 	 	 	 	 	 	 	 	 	 	 	 	 	 	 	646.95920	507.00941	 	1351.20636	777.85190	 	561.51780	345.36316	 	1347.42051	808.36722	 	1037.51258	491.52082	 	586.11699	366.46436	 	325.50664	454.43934	 	341.88489	472.93947	 
104	 	 	 	 	 	 	 	 	 	 	 	 	 	 	 	 	 	 	 	 	 	 	 	 	 	 	 	 	 	 	 	 	 	 	 	 	 	 	 	 	 	 	 	 	 	 	 	 	 	 	 	 	 	 	 	 	 	 	 	 	 	 	 	 	 	 	 	 	 	 	 	 	 	 	 	 	 	 	 	 	 	 	 	 	 	 	 	1349.75205	777.94045	 	561.21041	346.40351	 	1348.74442	808.63197	 	1038.33091	492.08476	 	587.46294	365.17075	 	327.57094	449.92368	 	340.04742	474.40977	 
105	 	 	 	 	 	 	 	 	 	 	 	 	 	 	 	 	 	 	 	 	 	 	 	 	 	 	 	 	 	 	 	 	 	 	 	 	 	 	 	 	 	 	 	 	 	 	 	 	 	 	 	 	 	 	 	 	 	 	 	 	 	 	 	 	 	 	 	 	 	 	 	 	 	 	 	 	 	 	 	 	 	 	 	 	647.87111	504.02431	*	1341.53203	780.56543	 	561.45457	346.54922	 	1356.74135	809.21155	 	1038.76354	492.11930	 	587.56340	365.30549	 	331.10064	451.69311	 	336.98279	475.35494	 
106	 	 	 	 	 	 	 	 	 	 	 	 	 	 	 	 	 	 	 	 	 	 	 	 	 	 	 	 	 	 	 	 	 	 	 	 	 	 	 	 	 	 	 	 	 	 	 	 	 	 	 	 	 	 	 	 	 	 	 	 	 	 	 	 	 	 	 	 	 	 	 	 	 	 	 	 	 	 	 	 	 	 	 	 	656.24557	498.91755	 	1345.42579	778.83610	 	562.79007	344.96755	 	1353.59073	811.24203	 	1038.35600	491.86481	 	584.96424	368.40043	 	335.47802	451.18969	 	333.03238	479.27429	 
107	 	 	 	 	 	 	 	 	 	 	 	 	 	 	 	 	 	 	 	 	 	 	 	 	 	 	 	 	 	 	 	 	 	 	 	 	 	 	 	 	 	 	 	 	 	 	 	 	 	 	 	 	 	 	 	 	 	 	 	 	 	 	 	 	 	 	 	 	 	 	 	 	 	 	 	 	 	 	 	 	 	 	 	 	648.73306	501.65360	 	1346.80118	778.32679	 	563.31339	344.27557	 	1352.27949	811.86540	 	1037.58600	491.52439	 	583.56593	369.42637	 	339.60596	448.26733	 	330.15086	479.12135	 
108	 	 	 	 	 	 	 	 	 	 	 	 	 	 	 	 	 	 	 	 	 	 	 	 	 	 	 	 	 	 	 	 	 	 	 	 	 	 	 	 	 	 	 	 	 	 	 	 	 	 	 	 	 	 	 	 	 	 	 	 	 	 	 	 	 	 	 	 	 	 	 	 	 	 	 	 	 	 	 	 	 	 	 	 	 	 	 	1349.58414	781.65833	 	563.37958	343.10769	 	1346.99450	809.40268	 	1037.46987	491.52265	 	582.21317	369.66524	 	332.98930	448.39108	 	 	 	 
109	 	 	 	 	 	 	 	 	 	 	 	 	 	 	 	 	 	 	 	 	 	 	 	 	 	 	 	 	 	 	 	 	 	 	 	 	 	 	 	 	 	 	 	 	 	 	 	 	 	 	 	 	 	 	 	 	 	 	 	 	 	 	 	 	 	 	 	 	 	 	 	 	 	 	 	 	 	 	 	 	 	 	 	 	 	 	 	1354.37807	782.93517	 	564.30120	342.45144	 	1342.76051	806.61272	 	1037.89363	491.73000	 	580.30878	370.86535	 	331.95755	448.62892	 	 	 	 
110	 	 	 	 	 	 	 	 	 	 	 	 	 	 	 	 	 	 	 	 	 	 	 	 	 	 	 	 	 	 	 	 	 	 	 	 	 	 	 	 	 	 	 	 	 	 	 	 	 	 	 	 	 	 	 	 	 	 	 	 	 	 	 	 	 	 	 	 	 	 	 	 	 	 	 	 	 	 	 	 	 	 	 	 	 	 	 	1352.32647	781.76459	 	563.94828	342.48189	 	 	 	 	1037.81439	491.61911	 	580.91169	370.38853	 	328.92452	452.31465	 	339.01089	474.40638	*
111	 	 	 	 	 	 	 	 	 	 	 	 	 	 	 	 	 	 	 	 	 	 	 	 	 	 	 	 	 	 	 	 	 	 	 	 	 	 	 	 	 	 	 	 	 	 	 	 	 	 	 	 	 	 	 	 	 	 	 	 	 	 	 	 	 	 	 	 	 	 	 	 	 	 	 	 	 	 	 	 	 	 	 	 	 	 	 	 	 	 	564.96000	342.64225	 	 	 	 	 	 	 	579.81108	371.49807	 	326.71686	453.36178	 	340.69977	473.38663	 
112	 	 	 	 	 	 	 	 	 	 	 	 	 	 	 	 	 	 	 	 	 	 	 	 	 	 	 	 	 	 	 	 	 	 	 	 	 	 	 	 	 	 	 	 	 	 	 	 	 	 	 	 	 	 	 	 	 	 	 	 	 	 	 	 	 	 	 	 	 	 	 	 	 	 	 	 	 	 	 	 	 	 	 	 	 	 	 	1342.80760	784.45986	*	565.46041	342.08882	 	1356.13604	806.26968	*	1039.55491	492.28958	*	578.48238	371.84213	 	328.51722	452.43627	 	339.18396	474.27014	 
113	 	 	 	 	 	 	 	 	 	 	 	 	 	 	 	 	 	 	 	 	 	 	 	 	 	 	 	 	 	 	 	 	 	 	 	 	 	 	 	 	 	 	 	 	 	 	 	 	 	 	 	 	 	 	 	 	 	 	 	 	 	 	 	 	 	 	 	 	 	 	 	 	 	 	 	 	 	 	 	 	 	 	 	 	 	 	 	1342.44836	784.60653	 	567.75077	342.47807	 	1356.08376	806.09390	 	1039.68609	492.38938	 	575.86047	373.41961	 	 	 	 	 	 	 
114	 	 	 	 	 	 	 	 	 	 	 	 	 	 	 	 	 	 	 	 	 	 	 	 	 	 	 	 	 	 	 	 	 	 	 	 	 	 	 	 	 	 	 	 	 	 	 	 	 	 	 	 	 	 	 	 	 	 	 	 	 	 	 	 	 	 	 	 	 	 	 	 	 	 	 	 	 	 	 	 	 	 	 	 	 	 	 	 	 	 	565.94643	341.83652	 	1348.80818	812.13011	 	1039.94607	492.41556	 	577.67077	372.13920	 	322.73454	459.39357	*	349.80616	463.46504	*
115	 	 	 	 	 	 	 	 	 	 	 	 	 	 	 	 	 	 	 	 	 	 	 	 	 	 	 	 	 	 	 	 	 	 	 	 	 	 	 	 	 	 	 	 	 	 	 	 	 	 	 	 	 	 	 	 	 	 	 	 	 	 	 	 	 	 	 	 	 	 	 	 	 	 	 	 	 	 	 	 	 	 	 	 	 	 	 	 	 	 	566.19053	341.50289	 	1345.68902	812.29916	 	1039.38846	492.32486	 	576.92033	372.13287	 	 	 	 	 	 	 
116	 	 	 	 	 	 	 	 	 	 	 	 	 	 	 	 	 	 	 	 	 	 	 	 	 	 	 	 	 	 	 	 	 	 	 	 	 	 	 	 	 	 	 	 	 	 	 	 	 	 	 	 	 	 	 	 	 	 	 	 	 	 	 	 	 	 	 	 	 	 	 	 	 	 	 	 	 	 	 	 	 	 	 	 	 	 	 	1350.57428	781.56269	*	566.74883	340.92917	 	1345.41120	808.98841	 	1040.45236	492.42368	 	575.62404	372.18129	 	 	 	 	 	 	 
117	 	 	 	 	 	 	 	 	 	 	 	 	 	 	 	 	 	 	 	 	 	 	 	 	 	 	 	 	 	 	 	 	 	 	 	 	 	 	 	 	 	 	 	 	 	 	 	 	 	 	 	 	 	 	 	 	 	 	 	 	 	 	 	 	 	 	 	 	 	 	 	 	 	 	 	 	 	 	 	 	 	 	 	 	 	 	 	1353.92549	778.37797	 	569.23730	340.85700	 	1345.48989	808.13471	 	1039.83776	492.75284	 	572.38325	372.84597	 	323.09077	457.20343	*	349.14552	468.01082	*
118	 	 	 	 	 	 	 	 	 	 	 	 	 	 	 	 	 	 	 	 	 	 	 	 	 	 	 	 	 	 	 	 	 	 	 	 	 	 	 	 	 	 	 	 	 	 	 	 	 	 	 	 	 	 	 	 	 	 	 	 	 	 	 	 	 	 	 	 	 	 	 	 	 	 	 	 	 	 	 	 	 	 	 	 	 	 	 	1350.03927	781.61380	 	568.66810	341.29464	 	1345.77758	809.20571	 	1039.50098	493.39643	 	573.45672	373.03997	 	327.53071	452.56880	 	 	 	 
119	 	 	 	 	 	 	 	 	 	 	 	 	 	 	 	 	 	 	 	 	 	 	 	 	 	 	 	 	 	 	 	 	 	 	 	 	 	 	 	 	 	 	 	 	 	 	 	 	 	 	 	 	 	 	 	 	 	 	 	 	 	 	 	 	 	 	 	 	 	 	 	 	 	 	 	 	 	 	 	 	 	 	 	 	 	 	 	1351.43754	777.80733	 	 	 	 	1347.87831	811.38454	 	1038.94321	493.70154	 	 	 	 	328.34337	449.79182	 	 	 	 
120	 	 	 	 	 	 	 	 	 	 	 	 	 	 	 	 	 	 	 	 	 	 	 	 	 	 	 	 	 	 	 	 	 	 	 	 	 	 	 	 	 	 	 	 	 	 	 	 	 	 	 	 	 	 	 	 	 	 	 	 	 	 	 	 	 	 	 	 	 	 	 	 	 	 	 	 	 	 	 	 	 	 	 	 	 	 	 	1353.51696	778.14093	 	 	 	 	1346.30981	811.33519	 	1038.74426	493.62219	 	 	 	 	329.43811	449.53757	 	 	 	 

Track 	Length	Distance traveled	Nr of Frames
1	50.43924	5.18315	21
2	70.27693	13.44283	21
3	61.64979	8.97907	20
4	36.94731	9.04291	23
5	25.20029	5.82752	23
6	92.08407	13.88510	29
7	79.13247	34.56441	10
8	85.83935	24.59322	39
9	26.53541	12.38669	16
10	37.98360	14.20757	16
11	52.73027	7.31643	39
12	140.60011	19.15139	48
13	57.49617	24.88968	14
14	58.23755	4.16258	23
15	34.96482	20.82637	11
16	37.11146	19.26678	11
17	114.50343	39.97038	19
18	64.86531	8.34362	15
19	62.22280	10.50008	22
20	96.30202	5.60169	26
21	121.07149	10.50263	51
22	219.46273	34.75220	39
23	137.24779	16.05374	34
24	65.90065	9.29424	41
25	54.48923	12.00612	30
26	70.82551	19.02080	16
27	46.02984	12.70350	12
28	92.17087	12.59812	35
29	61.43675	24.63252	18
30	250.70543	9.83598	50
31	96.83699	10.41291	38
32	112.47950	12.87229	31
33	51.79537	11.98772	28
34	54.37417	3.71677	27
35	56.99617	6.28362	15
36	47.52009	8.77544	10
