Frame	X1	Y1	Flag1
1	31.5345	5.4177	0
2	31.4832	5.4351	0
3	31.5068	5.4915	0
4	31.6017	5.3494	0
5	31.6345	5.2842	0
6	31.5984	5.2205	0
7	31.5368	5.2137	0
8	31.6551	5.1270	0
9	31.6683	5.0041	0
10	31.5727	4.9725	0
11	31.6198	4.9858	0
12	31.6492	4.9431	0
13	31.7672	4.9510	0
14	31.7471	4.9390	0
15	31.6948	4.8140	0
16	31.7919	4.9369	0
17	31.9200	4.9477	0
18	31.9381	4.9772	0
19	32.0607	5.0119	0
20	31.8961	4.9342	0
21	31.9487	4.9539	0
22	32.0163	4.8658	0
23	32.0736	4.9073	0
24	32.0184	4.8696	0
25	31.9815	4.7513	0
26	31.9581	4.8852	0
27	31.9284	4.7950	0
28	31.9054	4.8316	0
29	31.8716	4.8220	0
30	31.8572	4.7762	0
31	31.7848	4.8773	0
32	31.7450	4.8214	0
33	31.8502	4.8248	0
34	31.9208	4.9676	0
35	32.0113	4.7299	0
36	31.9476	4.6360	0
37	32.2078	4.7928	0
38	32.1184	5.0531	0
39	32.0207	4.9307	0
40	32.0739	4.9596	0
41	32.0631	5.0999	0
42	32.1123	4.9654	0
43	32.1984	4.9210	0
44	32.1600	5.0014	0
45	32.1948	4.9467	0
46	32.1663	4.8949	0
47	32.0961	4.9600	0
48	32.1168	4.8654	0
49	31.9246	4.6918	0
50	31.8648	4.6284	0
51	32.0754	4.6753	0
52	32.0063	4.5483	0
53	31.8421	4.4431	0
54	31.8281	4.5454	0
55	31.8974	4.5670	0
56	32.0714	4.4823	0
57	32.1206	4.4686	0
58	32.2263	4.6910	0
59	32.1481	4.5920	0
60	32.2989	4.7666	0
61	32.1514	4.8224	0
62	32.1243	4.7060	0
63	32.0233	4.7639	0
64	32.0047	4.8649	0
65	31.8890	4.9609	0
66	31.8955	4.9212	0
67	31.7965	4.8927	0
68	31.7375	4.8922	0
69	31.8056	4.8848	0
70	31.7022	4.7580	0
71	31.8961	4.7940	0
72	31.8703	4.8737	0
73	31.7167	4.6902	0
74	31.7468	4.7083	0
75	31.7317	4.8625	0
76	31.6296	4.7280	0
77	31.6837	4.7355	0
78	31.8481	4.6898	0
79	31.6352	4.5056	0
80	31.6714	4.4311	0
81	31.5596	4.4202	0
82	31.5786	4.3143	0
83	31.6093	4.4598	0
84	31.6943	4.5355	0
85	31.7979	4.5842	0
86	31.8001	4.5349	0
87	31.7777	4.5691	0
88	31.7785	4.5766	0
89	31.8255	4.5594	0
90	31.7494	4.4689	0
91	31.7632	4.3953	0
92	31.8838	4.3103	0
93	31.9209	4.2731	0
94	31.8136	4.3970	0
95	31.7890	4.3944	0
96	31.9010	4.2155	0
97	31.9361	4.2140	0
98	32.0451	4.1930	0
99	32.0230	4.2580	0
100	31.9374	4.2297	0
101	31.9934	4.1945	0
102	31.9432	4.2040	0
103	31.8722	4.1990	0
104	31.7721	4.1648	0
105	31.8908	4.1247	0
106	31.9117	4.0539	0
107	31.9877	4.1604	0
108	31.9096	4.1981	0
109	31.9452	4.2395	0
110	31.9884	4.3542	0
111	31.9239	4.3787	0
112	31.9461	4.5017	0
113	32.1956	4.5343	0
114	32.1178	4.5561	0
115	32.0916	4.6532	0
116	31.9418	4.6109	0
117	31.8299	4.5967	0
118	31.7545	4.5710	0
119	31.7423	4.4636	0
120	31.8349	4.3813	0
121	31.6785	4.3574	0
122	31.6660	4.2374	0
123	31.7320	4.2756	0
124	31.6578	4.2144	0
125	31.6556	4.1775	0
126	31.4473	4.2275	0
127	31.3255	4.2890	0
128	31.1868	4.2264	0
129	31.3111	4.3342	0
130	31.3920	4.4306	0
131	31.3899	4.4697	0
132	31.3202	4.4192	0
133	31.2807	4.2067	0
134	31.4023	4.1164	0
135	31.3888	4.1283	0
136	31.3523	4.2207	0
137	31.3879	4.0558	0
138	31.4711	3.9547	0
139	31.5356	4.0489	0
140	31.5712	4.0087	0
141	31.6261	4.0669	0
142	31.6573	4.2711	0
143	31.6108	4.2593	0
144	31.4732	4.1416	0
145	31.4243	4.2839	0
146	31.4417	4.2186	0
147	31.4240	4.0791	0
148	31.4622	4.2565	0
149	31.5328	4.2368	0
150	31.4704	4.1838	0
151	31.4696	4.2190	0
152	31.4379	4.3218	0
153	31.3459	4.0790	0
154	31.4039	4.1947	0
155	31.4505	4.3458	0
156	31.4246	4.3271	0
157	31.3811	4.3670	0
158	31.3944	4.3558	0
159	31.3554	4.3574	0
160	31.3457	4.4297	0
161	31.5298	4.4163	0
162	31.3791	4.1905	0
163	31.2648	4.1834	0
164	31.2894	4.2482	0
165	31.1439	4.0671	0
166	31.1565	4.2000	0
167	31.1097	4.1480	0
168	31.0691	4.1046	0
169	31.0390	4.1434	0
170	31.0527	4.2336	0
171	31.0000	4.1909	0
172	31.0488	4.3540	0
173	31.2189	4.5315	0
174	31.1449	4.2321	0
175	31.1999	4.2360	0
176	31.2856	4.4287	0
177	31.0807	4.2518	0
178	31.1473	4.2448	0
179	31.2159	4.2558	0
180	31.2168	4.1479	0
181	31.0818	4.1877	0
182	31.2351	4.3603	0
183	31.2380	4.3103	0
184	31.1676	4.1629	0
185	31.2251	4.3020	0
186	31.2175	4.2473	0
187	30.9176	4.0345	0
188	30.9128	4.1024	0
189	31.1300	4.1928	0
190	31.0837	4.1873	0
191	31.2294	4.2805	0
192	31.2499	4.3428	0
193	31.2032	4.2819	0
194	31.3027	4.3026	0
195	31.2197	4.2789	0
196	31.1637	4.2282	0
197	30.9994	3.9793	0
198	31.1524	4.0341	0
199	31.1977	3.9958	0
200	31.1960	3.8956	0
201	31.3155	3.8978	0
202	31.4978	3.9338	0
203	31.5388	3.8407	0
204	31.4344	3.8038	0
205	31.5050	3.8053	0
206	31.5343	3.7502	0
207	31.5082	3.8194	0
208	31.5490	3.8237	0
209	31.5853	3.9723	0
210	31.5922	3.9522	0
211	31.6383	3.8171	0
212	31.6631	3.8462	0
213	31.7068	3.8569	0
214	31.6050	3.8378	0
215	31.6001	3.8271	0
216	31.6384	3.9017	0
217	31.6048	3.9124	0
218	31.4617	3.9313	0
219	31.6229	3.9678	0
220	31.6725	3.9815	0
221	31.5810	4.0283	0
222	31.5519	3.8781	0
223	31.5834	3.7402	0
224	31.4556	3.6631	0
225	31.3447	3.7204	0
226	31.3442	3.6852	0
227	31.4618	3.6372	0
228	31.4883	3.5798	0
229	31.5036	3.6277	0
230	31.6208	3.7406	0
231	31.4643	3.7408	0
232	31.4681	3.6188	0
233	31.6076	3.7845	0
234	31.6006	3.7417	0
235	31.5894	3.5218	0
236	31.6070	3.6320	0
237	31.7832	3.7411	0
238	31.8077	3.5969	0
239	31.7007	3.5954	0
240	31.6547	3.6489	0
