Frame	X1	Y1	Flag1	X2	Y2	Flag2	X3	Y3	Flag3
Tracks 1 to 3
1	852.00000	796.50000	 	114.00000	280.50000	 	 	 	 
2	853.50000	796.50000	 	114.00000	280.50000	 	 	 	 
3	848.52225	794.71341	 	117.00000	283.50000	 	 	 	 
4	855.00000	796.50000	 	115.50000	282.00000	 	 	 	 
5	855.00000	795.00000	 	118.50000	280.50000	 	 	 	 
6	853.50000	796.50000	 	120.00000	280.50000	 	 	 	 
7	849.43602	794.41040	 	120.00000	280.50000	 	 	 	 
8	856.50000	796.50000	 	120.00000	279.00000	 	 	 	 
9	855.00000	796.50000	 	118.50000	279.00000	 	 	 	 
10	852.00000	795.00000	 	118.50000	280.50000	 	 	 	 
11	853.50000	795.00000	 	120.00000	279.00000	 	 	 	 
12	846.44402	792.49233	 	121.50000	279.00000	 	 	 	 
13	852.00000	796.50000	 	120.00000	280.50000	 	 	 	 
14	852.60893	797.37129	 	120.00000	279.00000	 	 	 	 
15	852.00000	795.00000	 	118.50000	279.00000	 	 	 	 
16	845.90674	791.14111	 	121.50000	274.50000	 	 	 	 
17	847.50000	793.50000	 	115.50000	277.50000	 	 	 	 
18	847.50000	793.50000	 	117.00000	279.00000	 	 	 	 
19	852.00000	793.50000	 	118.50000	276.00000	 	 	 	 
20	852.00000	793.50000	 	114.00000	276.00000	 	 	 	 
21	847.50000	793.50000	 	114.00000	279.00000	 	 	 	 
22	847.50000	793.50000	 	117.00000	277.50000	 	 	 	 
23	841.50000	784.50000	 	120.00000	279.00000	 	 	 	 
24	849.19422	797.10841	 	120.00000	279.00000	 	 	 	 
25	 	 	 	113.30472	281.72652	 	 	 	 
26	848.24823	796.27501	*	118.50000	276.00000	 	 	 	 
27	844.50000	793.50000	 	114.00000	277.50000	 	 	 	 
28	840.81396	792.40263	 	114.00000	277.50000	 	 	 	 
29	 	 	 	117.00000	276.00000	 	 	 	 
30	844.50000	793.50000	*	117.00000	274.50000	 	 	 	 
31	844.50000	793.50000	 	115.50000	279.00000	 	 	 	 
32	846.00000	792.00000	 	117.00000	279.00000	 	 	 	 
33	844.50000	792.00000	 	117.00000	274.50000	 	 	 	 
34	843.00000	793.50000	 	114.00000	279.00000	 	 	 	 
35	 	 	 	113.41036	282.04970	 	 	 	 
36	841.50000	792.00000	*	113.44008	281.29904	 	 	 	 
37	840.00000	787.50000	 	114.02207	282.31870	 	 	 	 
38	843.00000	792.00000	 	114.00000	280.50000	 	 	 	 
39	844.50000	790.50000	 	114.00000	279.00000	 	 	 	 
40	842.56789	789.65314	 	112.50000	280.50000	 	 	 	 
41	841.17893	789.02376	 	114.00000	279.00000	 	 	 	 
42	840.00000	789.00000	 	114.00000	279.00000	 	 	 	 
43	842.41182	787.95814	 	111.00000	276.00000	 	 	 	 
44	839.94934	788.39238	 	112.50000	277.50000	 	 	 	 
45	840.26195	787.83604	 	112.50000	279.00000	 	 	 	 
46	840.08218	788.28019	 	112.50000	280.50000	 	 	 	 
47	840.00000	789.00000	 	112.50000	277.50000	 	 	 	 
48	844.50000	787.50000	 	112.50000	279.00000	 	 	 	 
49	844.00714	786.86310	 	114.00000	279.00000	 	 	 	 
50	842.23111	786.40194	 	112.50000	277.50000	 	 	 	 
51	841.50000	787.50000	 	114.00000	279.00000	 	 	 	 
52	844.50000	795.00000	 	111.00000	282.00000	 	 	 	 
53	838.50000	786.00000	 	109.50000	283.50000	 	 	 	 
54	838.50000	787.50000	 	114.00000	280.50000	 	 	 	 
55	841.25912	786.31319	 	114.00000	279.00000	 	 	 	 
56	840.29369	787.34751	 	112.50000	280.50000	 	 	 	 
57	841.88132	786.62788	 	111.00000	280.50000	 	 	 	 
58	842.34836	786.96439	 	111.00000	280.50000	 	 	 	 
59	843.05199	786.35665	 	111.00000	282.00000	 	 	 	 
60	 	 	 	109.50000	282.00000	 	 	 	 
61	 	 	 	111.00000	282.00000	 	 	 	 
62	 	 	 	111.00000	280.50000	 	 	 	 
63	 	 	 	112.50000	280.50000	 	 	 	 
64	 	 	 	109.50000	282.00000	 	 	 	 
65	 	 	 	111.00000	283.50000	 	 	 	 
66	 	 	 	114.00000	280.50000	 	 	 	 
67	 	 	 	111.00000	283.50000	 	 	 	 
68	 	 	 	112.50000	283.50000	 	 	 	 
69	 	 	 	111.00000	285.00000	 	 	 	 
70	 	 	 	112.50000	283.50000	 	 	 	 
71	 	 	 	118.50000	277.50000	 	 	 	 
72	 	 	 	118.50000	277.50000	 	 	 	 
73	 	 	 	114.00000	282.00000	 	 	 	 
74	 	 	 	114.00000	282.00000	 	 	 	 
75	 	 	 	115.50000	280.50000	 	 	 	 
76	 	 	 	118.50000	277.50000	 	 	 	 
77	 	 	 	120.00000	276.00000	 	 	 	 
78	 	 	 	118.50000	277.50000	 	 	 	 
79	 	 	 	114.00000	280.50000	 	 	 	 
80	 	 	 	114.00000	280.50000	 	 	 	 
81	 	 	 	118.50000	277.50000	 	 	 	 
82	 	 	 	114.29634	279.97034	 	 	 	 
83	 	 	 	108.00000	283.50000	 	 	 	 
84	 	 	 	118.50000	277.50000	 	840.73917	813.31921	 
85	 	 	 	109.50000	282.00000	 	 	 	 
86	 	 	 	108.00000	282.00000	 	 	 	 
87	 	 	 	109.50000	280.50000	 	 	 	 
88	 	 	 	115.50000	279.00000	 	840.30134	812.86486	*
89	 	 	 	108.00000	282.00000	 	 	 	 
90	 	 	 	114.03147	280.07943	 	 	 	 
91	 	 	 	114.01249	280.07911	 	 	 	 
92	 	 	 	113.99122	280.44358	 	 	 	 
93	 	 	 	105.00000	285.00000	 	843.57037	780.62395	*
94	 	 	 	102.00000	285.00000	 	835.50000	780.00000	 
95	 	 	 	105.00000	285.00000	 	 	 	 
96	 	 	 	 	 	 	 	 	 
97	 	 	 	103.50000	283.50000	*	 	 	 
98	 	 	 	 	 	 	862.74902	779.46413	*
99	 	 	 	 	 	 	 	 	 
100	 	 	 	 	 	 	861.78137	778.42520	*
101	 	 	 	 	 	 	 	 	 
102	 	 	 	 	 	 	 	 	 
103	 	 	 	 	 	 	843.18254	784.26572	*
104	 	 	 	 	 	 	 	 	 
105	 	 	 	 	 	 	835.50000	786.00000	*
106	 	 	 	 	 	 	835.50000	786.00000	 
107	 	 	 	 	 	 	841.20430	785.32009	 
108	 	 	 	 	 	 	842.60431	781.87779	 
109	 	 	 	 	 	 	841.89301	781.38807	 
110	 	 	 	 	 	 	842.58691	781.35820	 
111	 	 	 	 	 	 	842.26439	781.11263	 
112	 	 	 	 	 	 	840.97244	782.16983	 
113	 	 	 	 	 	 	840.00000	784.50000	 
114	 	 	 	 	 	 	838.50000	784.50000	 
115	 	 	 	 	 	 	840.77165	781.53105	 
116	 	 	 	 	 	 	840.14382	781.08675	 
117	 	 	 	 	 	 	834.00000	786.00000	 
118	 	 	 	 	 	 	841.50000	787.50000	 
119	 	 	 	 	 	 	841.26015	779.77206	 
120	 	 	 	 	 	 	840.58929	781.26302	 

Track 	Length	Distance traveled	Nr of Frames
1	180.21697	13.52607	56
2	286.58880	10.92016	96
3	143.68385	32.05654	23
