Frame	X1	Y1	Flag1	X2	Y2	Flag2	X3	Y3	Flag3	X4	Y4	Flag4	X5	Y5	Flag5	X6	Y6	Flag6	X7	Y7	Flag7	X8	Y8	Flag8	X9	Y9	Flag9	X10	Y10	Flag10	X11	Y11	Flag11	X12	Y12	Flag12	X13	Y13	Flag13	X14	Y14	Flag14
Tracks 1 to 14
1	1204.10295	54.44338	 	938.51426	125.95333	 	1145.33871	749.55376	 	148.01847	111.99736	 	952.82812	143.09549	 	932.67515	153.02342	 	1141.11619	784.66686	 	1177.94922	71.98234	 	395.35220	266.10547	 	 	 	 	 	 	 	 	 	 	 	 	 	 	 	 
2	1203.25572	57.46330	 	939.04901	127.50408	 	1146.25468	750.84457	 	148.09211	114.21053	 	954.15195	150.82136	 	 	 	 	1141.18913	784.66748	 	1177.89673	70.93529	 	395.29385	267.29028	 	1119.65625	753.61080	 	 	 	 	 	 	 	 	 	 	 	 	 
3	1203.93770	55.07256	 	938.65347	128.01958	 	1144.53659	751.76748	 	145.34667	115.66667	 	956.43007	147.79895	 	928.35031	158.18534	*	1143.00000	786.00000	 	1178.04071	70.88234	 	393.06159	269.06616	 	1117.94706	756.11471	 	 	 	 	 	 	 	 	 	 	 	 	 
4	1205.52688	57.73607	 	938.41722	127.27990	 	1147.26344	752.67204	 	 	 	 	955.38703	149.57950	 	930.05777	156.94422	 	1143.00000	786.00000	 	1177.50000	75.00000	 	393.10232	267.59956	 	1122.02747	749.78571	 	 	 	 	 	 	 	 	 	 	 	 	 
5	1207.02295	58.79508	 	937.84856	128.20958	 	1149.07092	756.77305	 	 	 	 	 	 	 	940.73337	151.75988	 	1143.00000	786.00000	 	1177.50000	76.50000	 	394.87413	267.43503	 	1119.11429	760.30000	 	 	 	 	 	 	 	 	 	 	 	 	 
6	1203.66860	55.18379	 	938.19289	126.48098	 	 	 	 	 	 	 	952.96007	146.46875	*	930.20141	155.38869	 	1141.72318	785.84525	 	1177.50000	75.00000	 	395.06267	270.38381	 	1122.04585	756.08883	 	 	 	 	 	 	 	 	 	 	 	 	 
7	1202.99900	52.12263	 	938.17182	128.92266	 	1149.45625	756.02500	*	141.99320	122.52381	*	 	 	 	 	 	 	1141.75070	786.15654	 	1177.50000	75.00000	 	393.33919	270.05025	 	1121.11290	757.77419	 	 	 	 	 	 	 	 	 	 	 	 	 
8	 	 	 	939.23458	127.89203	 	 	 	 	 	 	 	950.22897	148.99533	*	924.98843	156.69587	*	1144.50000	786.00000	 	1177.50000	75.00000	 	396.67597	270.22141	 	 	 	 	 	 	 	 	 	 	 	 	 	 	 	 
9	1199.34576	51.62411	*	938.12661	128.25888	 	 	 	 	145.10976	125.11951	*	939.76258	153.27324	 	 	 	 	1141.95593	786.29417	 	1177.50000	75.00000	 	396.77207	272.33719	 	1121.29508	757.62500	*	 	 	 	 	 	 	 	 	 	 	 	 
10	1195.28173	51.01548	 	938.72169	126.92027	 	 	 	 	 	 	 	953.14120	149.52998	 	932.22055	157.47619	*	1143.00000	786.00000	 	1177.50000	75.00000	 	398.41240	273.32597	 	1121.97292	757.68085	 	 	 	 	 	 	 	 	 	 	 	 	 
11	1193.78409	48.66761	 	939.85144	124.98878	 	1141.54777	756.36306	*	 	 	 	952.21951	148.25681	 	926.68112	155.55357	 	1144.50000	786.00000	 	1177.50000	75.00000	 	394.71440	273.89451	 	 	 	 	 	 	 	 	 	 	 	 	 	 	 	 
12	1190.66902	50.55163	 	939.00342	126.96065	 	1143.70543	755.26357	 	151.71751	118.85876	*	950.83255	149.27074	 	927.44503	156.43979	 	1143.00000	786.00000	 	1178.33703	76.17702	 	392.41442	273.09209	 	1121.76018	757.74661	*	 	 	 	 	 	 	 	 	 	 	 	 
13	1193.17080	51.46375	 	941.26021	126.44852	 	1141.26429	756.98214	 	152.42460	117.70238	 	950.13174	149.33234	 	924.01042	157.96354	 	1142.49072	787.52896	 	1177.50000	75.00000	 	391.50000	272.62582	 	1119.65217	765.43478	 	 	 	 	 	 	 	 	 	 	 	 	 
14	1193.94040	51.04447	 	940.77629	126.15273	 	 	 	 	 	 	 	950.96128	146.40319	 	926.81208	156.61074	 	1142.64456	788.14729	 	1177.50000	75.00000	 	390.14061	271.15719	 	 	 	 	 	 	 	 	 	 	 	 	 	 	 	 
15	1171.01706	45.75768	 	941.81288	125.48760	 	 	 	 	 	 	 	949.47321	151.60045	 	923.55245	156.73193	 	1143.10073	788.36084	 	1177.50000	75.00000	 	389.72490	272.26873	 	 	 	 	 	 	 	 	 	 	 	 	 	 	 	 
16	1187.24692	47.65089	 	941.60709	126.83822	 	1146.30748	760.36565	*	 	 	 	949.03753	151.15282	 	924.58983	157.23220	 	1142.12389	788.20664	 	1178.64677	72.52019	 	388.25105	271.91322	 	 	 	 	 	 	 	 	 	 	 	 	 	 	 	 
17	1187.74498	47.54399	 	941.73251	131.43176	 	 	 	 	 	 	 	 	 	 	922.82936	156.76730	 	1142.39661	788.24141	 	1177.50000	75.00000	 	387.90499	269.71782	 	 	 	 	 	 	 	 	 	 	 	 	 	 	 	 
18	1190.59384	48.28679	 	941.45017	123.97824	 	1146.71615	760.66406	*	 	 	 	948.55125	145.60820	*	924.80130	152.03117	 	1141.50000	786.00000	 	1177.50000	75.00000	 	386.44328	269.55033	 	 	 	 	 	 	 	 	 	 	 	 	 	 	 	 
19	1190.54928	50.79253	 	941.23439	124.77687	 	1140.31967	759.82787	 	 	 	 	 	 	 	925.82635	153.96257	 	1143.81330	788.97824	 	1177.50000	75.00000	 	386.51449	272.39948	 	 	 	 	 	 	 	 	 	 	 	 	 	 	 	 
20	 	 	 	941.76739	126.19514	 	 	 	 	151.81513	118.78151	*	949.15421	151.68224	*	920.24665	157.67828	 	1143.41287	789.67012	 	1177.50000	75.00000	 	387.93581	276.30057	 	 	 	 	 	 	 	 	 	 	 	 	 	 	 	 
21	 	 	 	944.22846	124.89991	 	 	 	 	153.36181	116.75879	 	 	 	 	921.04739	153.52607	 	1141.02909	789.74196	 	1179.52169	68.40230	 	386.70671	276.14646	 	 	 	 	 	 	 	 	 	 	 	 	 	 	 	 
22	 	 	 	916.31250	124.12917	 	 	 	 	 	 	 	942.85480	127.45960	*	917.87500	150.32212	 	1140.33685	788.87147	 	1179.33950	66.53649	 	384.75421	276.68449	 	 	 	 	 	 	 	 	 	 	 	 	 	 	 	 
23	 	 	 	916.17123	126.69863	 	 	 	 	 	 	 	943.81786	125.01315	 	921.34568	153.80741	 	1140.95785	789.76925	 	1177.50000	75.00000	 	386.35938	279.81441	 	 	 	 	 	 	 	 	 	 	 	 	 	 	 	 
24	 	 	 	917.14286	124.54978	 	1163.19377	779.98962	*	155.72871	115.12934	*	944.84005	125.48239	 	923.28102	149.61314	 	1140.28450	788.58235	 	1178.66352	67.25274	 	387.51490	278.15951	 	 	 	 	 	 	 	 	 	 	 	 	 	 	 	 
25	 	 	 	919.34983	119.59406	 	1164.21649	778.51546	 	156.58091	114.26971	 	 	 	 	 	 	 	1140.56361	787.85597	 	1178.63673	67.50922	 	386.27362	276.73913	 	 	 	 	 	 	 	 	 	 	 	 	 	 	 	 
26	 	 	 	914.88698	125.11548	 	1165.27586	781.04215	 	 	 	 	941.36805	131.07046	*	916.19417	151.74595	*	1138.13669	787.67957	 	1178.44371	67.84565	 	384.41817	279.32658	 	 	 	 	294.75862	699.35345	 	 	 	 	 	 	 	 	 	 
27	 	 	 	916.43151	127.58676	 	1167.13103	782.12414	 	 	 	 	939.59238	133.75571	 	 	 	 	1137.87084	786.78943	 	1178.39808	67.52815	 	385.99589	282.53796	 	 	 	 	 	 	 	 	 	 	 	 	 	 	 	 
28	 	 	 	916.07317	124.05285	 	 	 	 	 	 	 	944.10627	129.12629	 	919.80220	148.13462	*	1136.88364	785.44368	 	1178.41232	67.88074	 	385.48972	281.59849	 	 	 	 	 	 	 	 	 	 	 	 	 	 	 	 
29	 	 	 	919.91200	122.19733	 	1168.91358	788.96914	*	 	 	 	946.06918	129.45618	 	924.38087	148.10906	 	1136.29685	783.00929	 	1171.50000	60.00000	 	386.83207	281.51675	 	 	 	 	298.93603	698.53535	*	 	 	 	 	 	 	 	 	 
30	 	 	 	 	 	 	 	 	 	 	 	 	948.49816	120.49171	 	923.78571	148.34921	 	1136.45166	782.56260	 	1177.50000	75.00000	 	389.73778	283.76502	 	 	 	 	297.04778	700.95222	 	 	 	 	 	 	 	 	 	 
31	1166.20139	53.04861	 	 	 	 	 	 	 	 	 	 	949.10511	119.54420	 	926.96880	146.45765	 	1136.23986	782.53137	 	1177.50000	75.00000	 	389.12044	278.65530	 	 	 	 	299.60182	701.75882	 	 	 	 	 	 	 	 	 	 
32	1183.73829	53.23183	 	 	 	 	 	 	 	184.79693	108.00383	*	948.24407	120.81525	 	920.30702	149.49123	 	1136.16636	782.79142	 	1178.13259	75.05855	 	387.86170	279.60861	 	 	 	 	302.49383	702.00000	 	 	 	 	 	 	 	 	 	 
33	 	 	 	 	 	 	 	 	 	 	 	 	946.08242	121.98474	 	946.57785	148.32180	 	1136.29876	781.84922	 	1178.99006	71.32860	 	388.75051	280.02792	 	 	 	 	 	 	 	 	 	 	 	 	 	 	 	 
34	 	 	 	 	 	 	 	 	 	 	 	 	948.84686	119.93254	 	926.47464	148.95449	 	1136.08764	783.17719	 	1179.26602	71.31702	 	389.08204	280.53263	 	 	 	 	305.85625	712.16875	*	 	 	 	 	 	 	 	 	 
35	 	 	 	 	 	 	 	 	 	 	 	 	949.23123	119.37237	 	927.47551	147.34286	 	1137.49154	785.67427	 	1179.34270	71.54477	 	388.74194	277.46463	 	 	 	 	303.48686	711.26026	 	 	 	 	 	 	 	 	 	 
36	 	 	 	 	 	 	 	 	 	 	 	 	947.97508	121.13585	 	926.94349	147.68493	 	1137.15485	785.29130	 	1178.01979	75.76178	 	385.40358	276.69415	 	 	 	 	304.99711	710.69408	 	 	 	 	 	 	 	 	 	 
37	 	 	 	 	 	 	 	 	 	 	 	 	 	 	 	936.60301	134.19618	 	1137.55962	786.26963	 	1179.02152	70.19019	 	384.10838	274.83536	 	 	 	 	 	 	 	 	 	 	 	 	 	 	 	 
38	 	 	 	 	 	 	 	 	 	 	 	 	 	 	 	933.00000	133.50000	 	1137.00547	784.53919	 	1178.86915	70.04386	 	383.67895	273.52227	 	 	 	 	 	 	 	 	 	 	 	 	 	 	 	 
39	 	 	 	 	 	 	 	 	 	 	 	 	 	 	 	933.00000	132.00000	 	1136.83064	784.36015	 	1179.23764	70.87022	 	384.17087	273.53871	 	 	 	 	 	 	 	 	 	 	 	 	 	 	 	 
40	1181.16238	52.23197	*	 	 	 	 	 	 	 	 	 	 	 	 	936.88591	133.36825	 	1136.86584	784.66851	 	1177.50000	75.00000	 	383.19974	272.18037	 	 	 	 	 	 	 	 	 	 	 	 	 	 	 	 
41	1190.65053	53.34493	 	 	 	 	 	 	 	 	 	 	 	 	 	936.86623	133.03103	 	1136.18722	782.38396	 	1178.36909	77.31600	 	382.96763	272.81552	 	 	 	 	 	 	 	 	 	 	 	 	 	 	 	 
42	1187.50741	50.34074	 	 	 	 	 	 	 	 	 	 	948.74074	120.18174	*	934.23853	138.91181	 	1136.81658	784.72177	 	1178.36965	77.56574	 	383.33740	271.42231	 	 	 	 	308.36242	711.32886	*	 	 	 	 	 	 	 	 	 
43	1182.61062	53.65692	 	 	 	 	 	 	 	 	 	 	 	 	 	939.00000	130.50000	 	1136.60565	783.89909	 	1178.63688	78.03978	 	384.24091	270.27070	 	 	 	 	 	 	 	 	 	 	 	 	 	 	 	 
44	1182.36135	54.86341	 	 	 	 	 	 	 	 	 	 	 	 	 	937.54381	132.95619	 	1137.04528	784.29360	 	1178.71246	77.90446	 	383.38412	271.16913	 	 	 	 	304.46860	712.46498	*	 	 	 	 	 	 	 	 	 
45	1189.00550	52.69739	 	 	 	 	 	 	 	 	 	 	 	 	 	938.48710	134.12189	 	1136.81623	783.46385	 	1178.65358	78.03673	 	383.34876	270.70537	 	 	 	 	 	 	 	 	 	 	 	 	 	 	 	 
46	1187.01339	52.18435	 	 	 	 	 	 	 	 	 	 	 	 	 	936.88131	137.46133	 	1136.92746	783.58032	 	1178.93073	78.60121	 	383.99460	271.30719	 	 	 	 	304.10256	711.47253	*	 	 	 	 	 	 	 	 	 
47	1182.33270	55.19238	 	 	 	 	 	 	 	 	 	 	 	 	 	938.67319	134.39333	 	1137.23381	783.16905	 	1178.24753	78.87214	 	383.28989	274.21311	 	 	 	 	 	 	 	 	 	 	 	 	 	 	 	 
48	1181.06376	55.59563	 	 	 	 	 	 	 	 	 	 	 	 	 	939.59333	132.18436	 	1137.25673	783.68776	 	1178.59209	78.71917	 	383.03677	272.74303	 	 	 	 	 	 	 	 	 	 	 	 	 	 	 	 
49	1180.90676	56.13321	 	 	 	 	 	 	 	 	 	 	 	 	 	940.92877	130.52705	 	1136.88934	783.21517	 	1178.76084	78.37930	 	382.28304	273.83298	 	 	 	 	 	 	 	 	 	 	 	 	 	 	 	 
50	1180.55925	56.52657	 	 	 	 	 	 	 	198.31875	142.71429	 	 	 	 	940.81763	130.77912	 	1137.55231	782.02731	 	1178.79989	78.44728	 	381.87440	276.04015	 	 	 	 	 	 	 	 	 	 	 	 	 	 	 	 
51	 	 	 	 	 	 	 	 	 	199.73431	140.58517	 	 	 	 	939.91128	130.14718	 	1137.81974	781.88673	 	1179.54810	71.51737	 	382.45900	276.62996	 	 	 	 	 	 	 	 	 	 	 	 	 	 	 	 
52	 	 	 	 	 	 	 	 	 	199.89561	142.10320	 	 	 	 	941.00849	129.26820	 	1137.26430	781.85660	 	1177.50000	75.00000	 	383.41392	275.94534	 	 	 	 	 	 	 	 	 	 	 	 	 	 	 	 
53	 	 	 	 	 	 	 	 	 	196.72783	146.80887	 	 	 	 	939.61925	127.85123	 	1137.71948	781.17749	 	1179.46730	70.95021	 	383.89823	277.50342	 	 	 	 	 	 	 	 	 	 	 	 	 	 	 	 
54	 	 	 	 	 	 	 	 	 	 	 	 	 	 	 	941.70303	129.12807	 	1138.34839	780.90530	 	1179.58875	70.23348	 	383.09612	278.00282	 	 	 	 	 	 	 	 	 	 	 	 	 	 	 	 
55	 	 	 	 	 	 	 	 	 	200.76744	138.45666	*	 	 	 	941.60288	127.41686	 	1136.80980	781.80941	 	1179.46217	70.98236	 	383.14536	277.19445	 	 	 	 	 	 	 	 	 	 	 	 	 	 	 	 
56	 	 	 	 	 	 	 	 	 	196.12825	145.48610	 	 	 	 	942.43700	126.33492	 	1136.00700	780.41357	 	1179.62612	70.13558	 	384.43422	273.47410	 	 	 	 	 	 	 	 	 	 	 	 	 	 	 	 
57	 	 	 	 	 	 	 	 	 	 	 	 	 	 	 	941.12526	128.37287	 	1135.79984	782.09717	 	1179.00000	70.50000	 	384.55601	276.17904	 	 	 	 	 	 	 	 	 	 	 	 	 	 	 	 
58	 	 	 	 	 	 	 	 	 	 	 	 	 	 	 	945.00000	121.50000	 	1135.51183	780.40115	 	1179.17881	69.66125	 	385.17447	275.59489	 	 	 	 	 	 	 	 	 	 	 	 	 	 	 	 
59	1180.22944	59.95275	*	 	 	 	 	 	 	 	 	 	 	 	 	949.31504	113.20431	 	1135.15068	780.93026	 	 	 	 	387.85933	277.66338	 	 	 	 	 	 	 	 	 	 	 	 	 	 	 	 
60	1180.10047	60.38714	 	 	 	 	 	 	 	199.66477	137.90057	*	 	 	 	 	 	 	1135.65733	780.95065	 	1178.88355	85.55302	*	392.23461	274.13298	 	 	 	 	 	 	 	 	 	 	 	 	 	 	 	 
61	1180.34711	60.62011	 	 	 	 	 	 	 	201.78076	135.48354	 	 	 	 	950.27548	113.85675	*	1136.49923	777.45859	 	1180.55086	86.51068	 	400.12987	274.73214	 	 	 	 	 	 	 	 	 	 	 	 	 	 	 	 
62	1180.07676	60.40881	 	 	 	 	 	 	 	201.26585	133.76123	 	 	 	 	 	 	 	1136.79003	780.34551	 	1190.48787	87.51213	 	399.61342	273.69124	 	 	 	 	 	 	 	1168.40856	89.88327	 	 	 	 	 	 	 
63	1180.22260	61.87352	 	 	 	 	 	 	 	204.44203	139.59662	 	 	 	 	 	 	 	1147.82280	787.07449	 	1190.97740	84.81017	 	397.93861	273.66025	 	 	 	 	 	 	 	1166.71789	91.62316	 	 	 	 	 	 	 
64	1179.65196	61.75084	 	 	 	 	 	 	 	206.88527	138.12403	 	 	 	 	 	 	 	1137.05913	783.16631	 	1194.13712	87.24415	 	394.72021	277.32021	 	 	 	 	 	 	 	 	 	 	 	 	 	 	 	 
65	1179.65019	61.92452	 	 	 	 	 	 	 	202.97167	137.31445	 	 	 	 	958.30663	114.65639	*	1136.92578	784.27842	 	1190.50477	86.71374	 	399.69504	275.98903	 	 	 	 	 	 	 	 	 	 	 	 	 	 	 	 
66	1180.41316	60.93200	 	 	 	 	 	 	 	201.80634	139.08803	 	 	 	 	954.93885	114.38280	 	1136.71788	783.91224	 	1188.44945	84.68819	 	399.48785	276.70567	 	 	 	 	 	 	 	 	 	 	 	 	 	 	 	 
67	1181.73339	66.95364	 	 	 	 	 	 	 	204.03333	133.27949	 	 	 	 	951.00000	121.50000	 	1136.54418	783.90050	 	 	 	 	398.73406	278.20443	 	 	 	 	 	 	 	1163.75647	86.68103	*	 	 	 	 	 	 
68	1180.35627	61.50771	 	 	 	 	 	 	 	201.90432	142.05951	 	 	 	 	946.33774	129.21577	 	1138.33086	787.09191	 	1188.75584	84.71072	*	399.42498	273.90355	 	 	 	 	 	 	 	1167.30956	89.49643	 	 	 	 	 	 	 
69	1180.52360	68.46007	 	 	 	 	 	 	 	201.75871	139.21393	 	 	 	 	945.87720	129.63693	 	1140.44421	788.51014	 	 	 	 	398.64049	272.00654	 	 	 	 	 	 	 	 	 	 	 	 	 	 	 	 
70	1181.54976	66.35206	 	 	 	 	 	 	 	199.43939	141.29293	 	 	 	 	963.39529	123.47033	 	1145.69674	788.39022	 	 	 	 	397.67859	268.74444	 	 	 	 	 	 	 	1163.67742	92.53226	*	 	 	 	 	 	 
71	1179.78199	70.37530	 	 	 	 	 	 	 	 	 	 	 	 	 	960.90789	121.56424	 	1145.81825	788.48329	 	 	 	 	397.58428	267.08251	 	 	 	 	 	 	 	 	 	 	 	 	 	 	 	 
72	1179.63272	70.46324	 	 	 	 	 	 	 	200.48867	137.62136	*	 	 	 	960.31073	123.20738	 	1144.50000	786.00000	 	 	 	 	394.72883	266.01810	 	 	 	 	 	 	 	 	 	 	 	 	 	 	 	 
73	1181.47414	67.34799	 	 	 	 	 	 	 	 	 	 	 	 	 	962.39174	125.00389	 	1144.85112	788.27836	 	 	 	 	396.73321	267.41845	 	 	 	 	 	 	 	1163.85427	92.16114	*	 	 	 	 	 	 
74	1180.25573	61.94146	 	 	 	 	 	 	 	 	 	 	 	 	 	961.72383	122.61462	 	1146.83256	790.46370	 	1190.08475	85.35932	*	396.14022	269.17947	 	 	 	 	 	 	 	1166.79559	92.67353	 	 	 	 	 	 	 
75	1180.24709	61.07040	 	 	 	 	 	 	 	191.15423	148.71144	*	 	 	 	 	 	 	1145.31720	789.73350	 	1190.29160	88.63921	 	397.69178	271.25885	 	 	 	 	 	 	 	1167.23315	92.62295	 	 	 	 	 	 	 
76	1181.77055	65.19270	 	 	 	 	 	 	 	197.21311	134.92623	 	 	 	 	961.48600	119.61751	*	1145.18651	788.05120	 	 	 	 	396.03804	270.77436	 	 	 	 	 	 	 	1161.37500	91.25000	 	 	 	 	 	 	 
77	1180.62430	60.05153	 	 	 	 	 	 	 	193.55382	139.95008	 	 	 	 	961.54916	119.07887	 	1145.76761	786.96110	 	1188.04278	87.47237	*	396.47631	272.11847	 	 	 	 	 	 	 	 	 	 	 	 	 	 	 	 
78	1180.77041	60.32156	 	 	 	 	 	 	 	193.71915	141.37660	 	 	 	 	966.93059	116.69125	 	1146.57781	785.99960	 	1184.92400	82.18300	 	398.98065	276.98791	 	 	 	 	 	 	 	 	 	 	 	 	 	 	 	 
79	1182.02725	66.06975	 	 	 	 	 	 	 	195.01399	136.79021	 	 	 	 	959.59604	114.10292	 	1146.48982	784.70316	 	 	 	 	398.59777	273.71712	 	 	 	 	 	 	 	1164.37731	89.58311	*	 	 	 	 	 	 
80	1180.56841	60.16936	 	 	 	 	 	 	 	 	 	 	 	 	 	960.59753	118.89434	 	1145.93190	784.48140	 	 	 	 	401.73333	274.43971	 	 	 	 	 	 	 	1166.35484	91.50538	 	 	 	 	 	 	 
81	1180.37521	60.81862	 	 	 	 	 	 	 	 	 	 	 	 	 	968.11577	120.32513	 	1144.50000	786.00000	 	1189.27573	84.07087	*	402.38805	274.47477	 	 	 	 	 	 	 	1165.39733	90.50133	 	 	 	 	 	 	 
82	1180.43776	60.37991	 	 	 	 	 	 	 	193.78672	141.34205	*	 	 	 	 	 	 	1144.96756	784.26491	 	1189.91418	85.33209	 	402.32890	273.98444	 	 	 	 	 	 	 	1164.05303	90.63636	 	 	 	 	 	 	 
83	1180.48675	61.06208	 	 	 	 	 	 	 	192.78035	146.03179	 	 	 	 	 	 	 	1144.50000	786.00000	 	1192.84267	80.27371	 	400.02948	277.04526	 	 	 	 	 	 	 	1163.84053	92.56478	 	 	 	 	 	 	 
84	1180.48916	60.77363	 	 	 	 	 	 	 	190.48921	147.53237	 	 	 	 	961.83145	114.36003	*	1145.42814	785.18972	 	1187.32432	90.23359	 	398.97149	279.08427	 	 	 	 	 	 	 	1164.12556	92.75785	 	 	 	 	 	 	 
85	1180.74464	60.36296	 	 	 	 	 	 	 	 	 	 	 	 	 	963.04121	115.54204	 	1144.50000	786.00000	 	1184.13661	91.49727	 	397.29937	276.34968	 	 	 	 	 	 	 	1162.06287	90.17964	 	 	 	 	 	 	 
86	1180.85854	59.85318	 	 	 	 	 	 	 	195.21226	140.10849	*	 	 	 	961.69058	115.76420	 	1145.89032	784.16823	 	 	 	 	398.44786	275.85681	 	 	 	 	 	 	 	 	 	 	 	 	 	 	 	 
87	1180.59653	60.47130	 	 	 	 	 	 	 	194.79587	137.94495	 	 	 	 	961.83547	114.95352	 	1145.65157	784.35975	 	1191.81698	88.12997	*	395.75496	275.88324	 	 	 	 	 	 	 	 	 	 	192.96094	113.07031	 	 	 	 
88	1180.75997	60.16188	 	 	 	 	 	 	 	195.71986	134.65248	 	 	 	 	960.31142	115.27093	 	1145.98295	785.86193	 	1193.66875	85.33125	 	394.04341	275.65165	 	 	 	 	 	 	 	 	 	 	 	 	 	 	 	 
89	1180.77755	60.04771	 	 	 	 	 	 	 	196.96774	133.31613	 	 	 	 	 	 	 	1147.12038	786.17081	 	 	 	 	394.76988	274.94980	 	 	 	 	 	 	 	 	 	 	 	 	 	 	 	 
90	1180.63110	59.69940	 	 	 	 	 	 	 	185.61149	135.06621	 	 	 	 	 	 	 	1146.52193	788.79558	 	 	 	 	393.64913	279.60675	 	 	 	 	 	 	 	 	 	 	 	 	 	 	 	 
91	1180.49949	59.43042	 	 	 	 	 	 	 	190.51900	135.77029	 	 	 	 	 	 	 	1145.62999	787.35725	 	 	 	 	394.15118	278.79166	 	 	 	 	 	 	 	 	 	 	 	 	 	302.60947	712.01183	 
92	1180.46523	59.82181	 	 	 	 	 	 	 	189.73797	137.32651	 	 	 	 	 	 	 	1145.12804	789.50486	 	1195.04575	84.72549	*	396.47083	277.59250	 	 	 	 	 	 	 	 	 	 	 	 	 	 	 	 
93	1180.37719	58.96991	 	 	 	 	 	 	 	 	 	 	 	 	 	 	 	 	1144.83690	789.95959	 	1194.65772	86.64430	 	395.64693	276.94715	 	 	 	 	 	 	 	 	 	 	191.81757	111.46959	*	 	 	 
94	1179.43041	61.61296	 	 	 	 	 	 	 	 	 	 	 	 	 	 	 	 	1144.50000	786.00000	 	 	 	 	394.41362	273.12474	 	 	 	 	 	 	 	 	 	 	197.13978	115.85484	 	 	 	 
95	1179.81871	60.34808	 	 	 	 	 	 	 	 	 	 	 	 	 	 	 	 	1145.82010	788.31811	 	 	 	 	394.38775	271.56257	 	 	 	 	 	 	 	 	 	 	199.24399	118.57486	 	 	 	 
96	1179.13050	61.88381	 	 	 	 	 	 	 	 	 	 	 	 	 	 	 	 	1146.98413	787.22516	 	 	 	 	396.56478	271.75303	 	 	 	 	 	 	 	 	 	 	204.14286	123.68293	 	298.83826	714.93565	*
97	1179.02439	62.07467	 	 	 	 	 	 	 	 	 	 	 	 	 	 	 	 	1146.62331	785.19581	 	1201.29825	76.45614	*	397.40885	275.01735	 	 	 	 	 	 	 	 	 	 	 	 	 	297.38476	715.54762	 
98	1178.32489	65.27690	 	 	 	 	 	 	 	 	 	 	 	 	 	 	 	 	1145.09435	782.75656	 	1203.15370	81.44444	 	398.06118	274.40510	 	 	 	 	 	 	 	 	 	 	 	 	 	295.98593	715.65004	 
99	1178.30447	65.22363	 	 	 	 	 	 	 	 	 	 	 	 	 	 	 	 	1144.17494	782.53510	 	1202.57343	83.65035	 	399.37624	274.87313	 	 	 	 	 	 	 	 	 	 	205.60156	126.44531	*	294.33092	712.87440	 
100	1178.41873	64.69915	 	 	 	 	 	 	 	 	 	 	 	 	 	 	 	 	1146.34702	783.36307	 	 	 	 	400.80455	276.84598	 	 	 	 	 	 	 	 	 	 	204.60252	110.96845	 	293.18383	710.42243	 
101	1178.36991	65.52647	 	 	 	 	 	 	 	 	 	 	 	 	 	 	 	 	1147.18853	785.14567	 	1204.34925	78.06281	*	400.56639	275.37616	 	 	 	 	 	 	 	 	 	 	202.69417	107.93204	 	291.76067	708.30488	 
102	1178.12055	66.44555	 	 	 	 	 	 	 	 	 	 	 	 	 	 	 	 	1144.48118	781.69094	 	1204.39007	82.13475	 	401.44076	274.77566	 	 	 	 	 	 	 	 	 	 	201.30233	113.16150	 	 	 	 
103	1178.49685	64.97194	 	 	 	 	 	 	 	 	 	 	 	 	 	 	 	 	1145.65554	782.12523	 	 	 	 	402.72502	271.79923	 	 	 	 	 	 	 	 	 	 	201.28916	121.02410	 	 	 	 
104	1178.50022	64.92582	 	 	 	 	 	 	 	 	 	 	 	 	 	 	 	 	1145.56520	781.87747	 	1204.36943	76.24204	*	401.64028	272.58480	 	 	 	 	 	 	 	 	 	 	 	 	 	291.01702	709.66809	*
105	1178.30530	66.01576	 	 	 	 	 	 	 	 	 	 	 	 	 	 	 	 	1145.02105	781.10064	 	1203.54857	79.70857	 	401.66170	273.80230	 	 	 	 	 	 	 	 	 	 	 	 	 	289.32504	711.03375	 
106	1178.34079	67.76994	 	 	 	 	 	 	 	 	 	 	 	 	 	 	 	 	1144.28191	782.25010	 	1206.93702	79.14132	 	402.36976	274.50229	 	 	 	 	 	 	 	 	 	 	172.34615	101.12393	*	288.36270	712.37004	 
107	1179.00000	61.50000	 	 	 	 	 	 	 	 	 	 	 	 	 	 	 	 	1140.71180	782.93783	 	 	 	 	402.66141	277.15211	 	 	 	 	 	 	 	 	 	 	 	 	 	293.50649	713.64935	 
108	1182.00068	72.29124	 	 	 	 	 	 	 	 	 	 	 	 	 	 	 	 	1140.59902	782.93983	 	 	 	 	402.28714	276.28296	 	 	 	 	 	 	 	 	 	 	 	 	 	 	 	 
109	1178.64701	68.24992	 	 	 	 	 	 	 	 	 	 	 	 	 	 	 	 	1140.93268	783.53332	 	1201.64341	87.67926	*	401.97827	274.93424	 	 	 	 	 	 	 	 	 	 	 	 	 	291.88222	716.10333	*
110	1179.00000	61.50000	 	 	 	 	 	 	 	 	 	 	 	 	 	 	 	 	1141.00538	785.36542	 	1198.46159	88.61953	 	401.89800	275.77824	 	 	 	 	 	 	 	 	 	 	 	 	 	 	 	 
111	1178.53673	68.05406	 	 	 	 	 	 	 	 	 	 	 	 	 	 	 	 	1144.50000	786.00000	 	 	 	 	402.60161	276.96103	 	 	 	 	 	 	 	 	 	 	 	 	 	 	 	 
112	1181.15515	73.58614	 	 	 	 	 	 	 	 	 	 	 	 	 	 	 	 	1144.50000	780.00000	 	 	 	 	402.98854	276.70710	 	 	 	 	 	 	 	 	 	 	 	 	 	 	 	 
113	1182.05888	74.29724	 	 	 	 	 	 	 	 	 	 	 	 	 	 	 	 	1140.55543	786.66351	 	 	 	 	402.95915	275.12977	 	 	 	 	 	 	 	 	 	 	 	 	 	 	 	 
114	1181.96102	73.94539	 	 	 	 	 	 	 	 	 	 	 	 	 	 	 	 	1140.49793	786.41666	 	 	 	 	402.02037	274.29267	 	 	 	 	 	 	 	 	 	 	 	 	 	296.45094	715.66509	*
115	1181.58684	72.22433	 	 	 	 	 	 	 	 	 	 	 	 	 	 	 	 	1139.98751	786.54013	 	 	 	 	399.48922	272.64042	 	 	 	 	 	 	 	 	 	 	190.49522	105.43962	*	297.33787	715.91911	 
116	1178.97040	69.52220	 	 	 	 	 	 	 	 	 	 	 	 	 	 	 	 	1136.58302	785.50692	 	1206.41369	84.46429	*	398.10282	270.62215	 	 	 	 	 	 	 	 	 	 	 	 	 	298.36851	715.47815	 
117	1178.81842	69.19171	 	 	 	 	 	 	 	 	 	 	 	 	 	 	 	 	1136.16571	785.53104	 	1205.89377	80.63456	 	398.47016	270.74687	 	 	 	 	 	 	 	 	 	 	187.33840	100.40304	*	299.14628	715.68600	 
118	1178.93415	69.20991	 	 	 	 	 	 	 	 	 	 	 	 	 	 	 	 	1134.91152	780.97917	 	1205.66608	88.15548	 	395.57474	270.82239	 	 	 	 	 	 	 	 	 	 	 	 	 	 	 	 
119	1178.63877	68.10251	 	 	 	 	 	 	 	 	 	 	 	 	 	 	 	 	1134.49847	780.46863	 	1202.13735	84.91325	 	396.29627	271.50362	 	 	 	 	 	 	 	 	 	 	 	 	 	 	 	 
120	1179.00000	61.50000	 	 	 	 	 	 	 	 	 	 	 	 	 	 	 	 	1142.71647	780.74511	 	1202.62998	84.12055	 	396.51466	271.18860	 	 	 	 	 	 	 	 	 	 	 	 	 	 	 	 

Track 	Length	Distance traveled	Nr of Frames
1	310.46165	26.07593	93
2	95.62686	18.97766	29
3	82.32810	45.92762	17
4	271.64188	48.80659	45
5	140.24373	23.27545	31
6	365.97624	46.78690	76
7	218.40105	4.23569	120
8	294.70575	27.50411	94
9	254.42951	5.21436	120
10	37.64004	11.82399	10
11	36.30356	15.30299	11
12	41.82515	6.35260	16
13	114.59657	13.85903	13
14	37.29713	5.04908	16
