Frame	X1	Y1	Flag1	X2	Y2	Flag2	X4	Y4	Flag4	X5	Y5	Flag5	X3	Y3	Flag3
1	-35.2429	4.8279	0	2.3708	2.6199	0	20.6457	-23.0486	0	-17.2822	32.7968	0	4.6709	32.1441	0
2	-35.1255	4.7930	0	2.4519	2.6655	0	20.7679	-23.1570	0	-17.2603	32.8297	0	4.6588	31.9968	0
3	-34.9515	4.8792	0	2.4209	2.6537	0	20.9475	-23.4281	0	-17.6099	32.8087	0	4.5598	31.9924	0
4	-34.7583	4.8978	0	2.5635	2.6463	0	21.0574	-23.5919	0	-17.5125	32.5832	0	4.7166	32.1022	0
5	-35.1172	4.8432	0	2.9516	2.2870	0	21.1486	-23.6884	0	-17.5921	32.4800	0	4.7112	32.1177	0
6	-35.1632	5.0077	0	2.9708	2.1165	0	20.5733	-23.8509	0	-17.5669	32.4828	0	4.7640	32.1816	0
7	-35.3075	4.8843	0	2.9496	2.0888	0	20.4229	-23.9793	0	-17.4422	32.5938	0	5.0290	32.0342	0
8	-35.2719	4.9063	0	2.9208	2.0673	0	20.6685	-24.1257	0	-17.2921	32.7446	0	5.2099	32.2385	0
9	-35.2460	4.8402	0	2.7914	2.2017	0	20.8717	-24.1835	0	-17.4740	32.8456	0	5.3487	32.3842	0
10	-35.4328	4.9395	0	2.8676	2.0965	0	20.9345	-24.3465	0	-17.4563	32.2583	0	5.4780	32.4055	0
11	-35.4557	5.2006	0	2.8963	2.0661	0	20.8059	-24.3611	0	-17.5154	32.1874	0	5.3772	32.3726	0
12	-35.4890	5.3002	0	3.1039	2.2077	0	20.6657	-24.3429	0	-17.2839	31.9845	0	5.3349	32.5540	0
13	-35.4513	5.1817	0	3.1941	2.3567	0	20.6536	-24.2660	0	-17.2529	32.1722	0	4.9979	32.6034	0
14	-35.6336	5.2423	0	3.1391	2.2448	0	20.4151	-24.1080	0	-17.1558	32.0492	0	4.9065	32.9045	0
15	-35.5928	5.1252	0	2.9801	2.4705	0	20.3825	-24.6398	0	-17.2431	32.2261	0	4.9860	32.8271	0
16	-35.4987	4.9127	0	3.1127	2.4971	0	20.2729	-24.8471	0	-17.3905	32.0324	0	4.8766	32.9217	0
17	-35.8306	4.8299	0	3.0429	2.2911	0	20.0247	-24.8067	0	-17.2807	32.0194	0	4.8191	32.6351	0
18	-35.7536	4.8616	0	3.2142	2.3657	0	20.0265	-24.8637	0	-17.1917	32.0245	0	4.7006	32.6662	0
19	-35.7111	4.6562	0	2.9657	2.1717	0	20.1030	-24.7313	0	-17.3336	31.7907	0	4.7919	32.7107	0
20	-35.7411	4.5801	0	2.8712	1.8678	0	20.2437	-24.7038	0	-17.6681	31.9261	0	4.8732	32.8399	0
21	-36.0294	4.5951	0	2.8142	1.7852	0	20.4014	-24.6238	0	-17.2719	31.8839	0	5.0622	32.7790	0
22	-35.9471	4.5608	0	2.8876	1.6133	0	20.2732	-24.4040	0	-17.2211	31.8536	0	5.2148	32.6275	0
23	-35.8876	4.5228	0	2.7642	1.4966	0	20.3566	-24.4014	0	-16.8351	31.9501	0	5.1938	32.7995	0
24	-36.2626	4.7160	0	2.9044	1.7079	0	20.6591	-24.2025	0	-16.8143	32.1292	0	5.2943	32.9348	0
25	-35.9316	4.4894	0	2.8990	1.6041	0	20.2207	-24.0108	0	-16.7399	32.1569	0	5.2449	33.0001	0
26	-35.7721	4.3857	0	3.0581	1.4992	0	20.5182	-23.8844	0	-16.9199	32.2725	0	5.2686	32.8953	0
27	-35.6428	4.4182	0	2.9099	1.5501	0	20.5599	-23.9703	0	-16.9822	32.1313	0	5.4568	32.8845	0
28	-35.5515	4.4743	0	2.8593	1.5242	0	20.3299	-23.6722	0	-16.9926	32.2690	0	5.8060	32.7604	0
29	-35.5322	4.5662	0	2.7259	1.5771	0	20.2519	-23.7653	0	-16.9740	32.4001	0	5.7099	32.6610	0
30	-35.7228	4.3476	0	2.7052	1.8463	0	20.3682	-23.7912	0	-17.0669	32.0891	0	5.8903	32.8151	0
31	-35.6778	4.1124	0	2.9036	1.4604	0	20.6895	-23.6237	0	-17.2179	31.8442	0	5.5816	32.7444	0
32	-35.8406	4.4045	0	3.0013	1.5291	0	20.6848	-23.7525	0	-17.0147	31.8894	0	5.6541	32.9498	0
33	-35.9614	4.3469	0	3.1605	1.4797	0	20.8916	-23.7105	0	-17.0509	31.9351	0	5.8718	33.0377	0
34	-35.9899	4.2540	0	3.2180	1.6585	0	20.9510	-23.7736	0	-17.0203	32.0322	0	6.0384	32.9171	0
35	-36.2499	4.0047	0	3.2502	1.7130	0	21.1093	-23.7064	0	-16.8061	32.0546	0	5.8768	32.9547	0
36	-36.0850	3.8256	0	3.1480	1.6628	0	20.8722	-23.7225	0	-16.8577	32.1168	0	5.8074	32.9839	0
37	-36.2148	3.8972	0	2.8755	1.5669	0	21.1248	-23.5534	0	-16.8058	31.9970	0	5.7588	33.0873	0
38	-36.0834	4.0846	0	2.7285	1.7564	0	21.0623	-23.3737	0	-16.7262	32.1400	0	5.8644	33.0031	0
39	-36.4890	4.2874	0	2.8047	1.7143	0	21.0874	-23.4009	0	-16.7397	31.9890	0	5.9111	33.0438	0
40	-36.5324	4.3144	0	2.9197	1.7818	0	21.1533	-23.5107	0	-16.6508	31.9406	0	5.9483	33.1471	0
41	-36.7481	4.1667	0	3.0176	1.5390	0	21.2305	-23.6214	0	-16.6939	31.9494	0	5.8275	33.2990	0
42	-37.0000	4.1109	0	3.1105	1.5488	0	21.2834	-23.5283	0	-16.5850	32.1031	0	5.8693	33.2072	0
43	-37.0031	4.1376	0	3.0659	1.7979	0	21.3032	-23.6496	0	-16.4573	32.0485	0	5.8199	33.2478	0
44	-36.7411	3.9129	0	3.0638	1.6565	0	21.3059	-23.7136	0	-16.4306	32.0400	0	5.6929	32.8909	0
45	-36.6922	3.9136	0	3.2541	1.5546	0	21.3356	-23.7544	0	-16.3778	32.0384	0	5.8352	32.7882	0
46	-36.6422	3.8855	0	3.3496	1.6017	0	21.1344	-23.7975	0	-16.2554	32.0435	0	5.8073	32.7491	0
47	-37.0462	4.1275	0	3.0149	1.3171	0	20.9972	-23.6613	0	-16.1853	31.8398	0	5.7356	32.5453	0
48	-37.0190	4.1694	0	3.0023	1.3942	0	20.9918	-23.6943	0	-16.2845	32.0761	0	5.8250	32.7782	0
49	-37.0925	4.1714	0	3.1651	1.3255	0	20.8685	-23.6575	0	-16.4847	32.1157	0	5.9521	32.7900	0
50	-37.1814	4.3677	0	3.1073	1.4573	0	20.9468	-23.6812	0	-16.5362	31.9394	0	6.3572	32.7675	0
51	-37.2044	4.2565	0	3.2974	1.5577	0	20.8630	-23.5843	0	-16.6736	31.9149	0	6.4779	32.5436	0
52	-37.2109	4.0151	0	3.1351	1.6380	0	20.4218	-23.3045	0	-16.7001	31.9315	0	6.5382	32.3765	0
53	-37.6350	4.0562	0	2.9605	1.8551	0	20.3767	-23.2135	0	-16.8069	31.9076	0	6.4853	32.4017	0
54	-37.7173	4.1454	0	3.2127	1.8589	0	20.3660	-23.0253	0	-16.5892	31.9078	0	6.4789	32.5440	0
55	-37.5232	4.1479	0	3.3419	1.5377	0	20.3630	-23.2040	0	-16.7526	31.7554	0	6.7427	32.5039	0
56	-37.6429	4.1834	0	3.0429	1.6974	0	20.1786	-22.8476	0	-16.6866	31.6807	0	6.7700	32.7030	0
57	-37.4657	4.1599	0	3.2683	1.7472	0	20.1705	-22.9584	0	-16.7109	31.7583	0	6.9360	32.5429	0
58	-37.4760	3.7851	0	3.3002	1.4432	0	20.2244	-23.0407	0	-16.6876	31.8716	0	6.7871	32.7002	0
59	-37.4536	3.7110	0	3.5778	1.4690	0	20.5477	-23.1703	0	-16.8877	32.0112	0	6.7040	32.6118	0
60	-37.2773	3.7031	0	3.6497	1.5543	0	20.5235	-23.0194	0	-17.1113	31.8816	0	6.8035	32.6249	0
61	-37.1209	3.7464	0	3.5206	1.7065	0	20.7243	-22.7941	0	-17.4010	31.7662	0	6.5350	32.5942	0
62	-37.2065	3.8267	0	3.6419	1.7504	0	20.8189	-22.7339	0	-17.2356	31.8708	0	6.5240	32.7850	0
63	-37.2513	4.1802	0	3.5057	1.6425	0	20.7626	-22.7174	0	-17.0908	32.1109	0	6.6437	32.7603	0
64	-37.2396	4.3574	0	3.5391	1.5266	0	20.5045	-23.0182	0	-17.0210	32.0157	0	6.7730	32.7009	0
65	-37.2566	4.4910	0	3.3148	1.3596	0	20.4465	-23.3098	0	-16.8242	31.6887	0	7.0216	32.6671	0
66	-37.0588	4.3417	0	3.4515	1.3585	0	20.4303	-23.2713	0	-16.9783	31.4499	0	6.8891	32.5480	0
67	-37.1398	4.3681	0	3.6134	1.2402	0	20.3451	-23.3220	0	-16.9921	31.3272	0	6.9869	32.6624	0
68	-37.1275	4.3952	0	3.6823	1.2352	0	20.1940	-23.5317	0	-16.8890	31.3933	0	7.0437	32.7086	0
69	-37.1927	4.4723	0	3.6139	1.3863	0	19.7396	-23.2189	0	-16.9205	30.9760	0	7.4460	32.8862	0
70	-37.3474	4.3474	0	3.4854	1.4805	0	19.4842	-23.1934	0	-16.9870	31.1783	0	7.3690	32.9865	0
71	-37.6518	4.3009	0	3.4064	1.3957	0	19.7044	-23.1274	0	-17.1136	30.9485	0	7.4516	32.8623	0
72	-37.7528	4.0945	0	3.6083	1.1662	0	19.7395	-23.1583	0	-17.0955	31.0709	0	7.3575	32.6351	0
73	-37.7201	3.9182	0	3.6469	0.9684	0	19.9871	-23.5603	0	-17.3097	31.0912	0	7.6412	32.1030	0
74	-37.5130	3.9342	0	3.5787	0.7020	0	19.9800	-23.5019	0	-17.1732	31.2456	0	7.6712	32.1577	0
75	-37.7514	4.1421	0	3.6223	0.6552	0	19.7467	-23.5819	0	-17.2605	31.1910	0	7.7258	32.6896	0
76	-37.7622	4.3565	0	3.7264	0.6448	0	19.8528	-23.3699	0	-17.1600	31.0152	0	7.6114	32.5308	0
77	-37.9153	4.4970	0	3.7117	0.7968	0	19.8835	-23.3698	0	-17.3579	30.9777	0	7.2122	32.3436	0
78	-37.9875	4.4815	0	3.8788	0.7078	0	19.7911	-23.5534	0	-17.6666	31.0481	0	7.2635	32.5011	0
79	-37.8371	4.4568	0	3.8953	0.8117	0	19.9596	-23.5224	0	-17.6620	31.1306	0	7.2117	32.6190	0
80	-38.0999	4.3481	0	4.1664	0.9625	0	19.8561	-23.7291	0	-17.4990	31.0132	0	7.2760	32.6969	0
81	-38.0175	4.5159	0	4.2570	0.9300	0	19.7067	-23.6512	0	-17.5614	31.1233	0	7.3543	32.6991	0
82	-38.0476	4.5811	0	4.4465	1.0016	0	19.4361	-23.7991	0	-17.4553	30.9265	0	7.5609	32.6394	0
83	-38.1966	4.7087	0	4.4831	1.1309	0	18.9559	-23.8441	0	-17.3364	30.9869	0	7.5896	32.5132	0
84	-38.2817	4.5371	0	4.4756	1.1217	0	19.1151	-23.7813	0	-17.2539	30.7438	0	7.4801	32.4030	0
85	-38.3071	4.6517	0	4.5110	0.9579	0	19.1882	-23.8700	0	-17.0307	30.6172	0	7.3265	32.2487	0
86	-38.3461	4.5069	0	4.6610	0.8371	0	19.2276	-24.1976	0	-17.1023	30.4206	0	7.2051	32.3176	0
87	-38.2227	4.5102	0	4.5245	0.9328	0	19.1841	-24.1081	0	-16.9108	30.2412	0	7.3219	32.3131	0
88	-38.1779	4.3003	0	4.4973	0.7918	0	19.3052	-24.2477	0	-16.7234	30.1894	0	7.8561	32.2878	0
89	-38.2207	4.3380	0	4.5324	0.8384	0	19.2858	-24.1529	0	-16.9681	30.3636	0	7.7386	32.3030	0
90	-38.1405	4.2590	0	4.6048	0.9086	0	19.3245	-24.2763	0	-17.0444	30.3816	0	7.4884	32.0516	0
91	-37.7763	4.4396	0	4.8131	1.0285	0	19.3085	-24.2960	0	-17.0201	30.2522	0	7.3439	32.0486	0
92	-37.7507	4.1607	0	4.8320	1.2834	0	19.1400	-24.2736	0	-17.1132	30.3744	0	7.5505	31.6021	0
93	-37.5754	4.1029	0	4.8142	1.3669	0	19.2487	-24.2311	0	-16.8596	30.4989	0	7.8225	31.7383	0
94	-37.6143	4.2557	0	4.6859	1.3287	0	19.0568	-24.1660	0	-16.9075	30.5225	0	7.9554	31.6705	0
95	-37.5743	4.6476	0	4.6619	1.2061	0	19.0861	-24.3055	0	-17.0358	30.4533	0	8.0058	31.7739	0
96	-37.6110	4.6078	0	4.7003	0.9482	0	19.1726	-24.0688	0	-17.3066	30.4945	0	7.9800	31.8512	0
97	-37.6922	4.7963	0	4.8175	1.0354	0	19.3588	-24.0107	0	-17.1783	30.1689	0	8.1346	31.6966	0
98	-37.6736	4.7932	0	4.9889	0.8882	0	19.2585	-24.2921	0	-17.3799	30.1647	0	7.8821	31.6016	0
99	-37.7719	4.7266	0	4.9109	0.8414	0	19.2194	-24.1612	0	-17.3691	30.1255	0	7.8254	31.6451	0
100	-37.7962	4.7248	0	5.0558	0.7534	0	19.4437	-24.1756	0	-17.4470	30.1903	0	7.6937	31.7917	0
101	-37.7527	4.7239	0	4.8552	0.7253	0	19.6852	-24.2395	0	-17.4969	29.9777	0	7.7426	31.7080	0
102	-37.7841	4.6465	0	4.8212	0.9754	0	19.6254	-24.2589	0	-17.3456	30.0384	0	7.7022	31.7594	0
103	-37.7433	4.5570	0	4.7860	0.9404	0	19.5320	-23.7689	0	-17.4382	30.1188	0	7.6708	31.6708	0
104	-37.6653	4.4881	0	4.7172	0.9068	0	19.4475	-23.9657	0	-17.2785	30.1559	0	7.7034	31.6939	0
105	-37.6527	4.6478	0	4.5725	0.8979	0	19.7364	-24.0615	0	-17.1938	30.1555	0	7.5940	31.7369	0
106	-37.6895	4.7113	0	4.5610	0.9272	0	19.8336	-23.8185	0	-17.1010	30.1934	0	7.7776	31.6597	0
107	-37.8250	4.8852	0	4.3129	0.9398	0	19.9544	-23.8710	0	-16.9896	30.5290	0	8.0165	31.5435	0
108	-37.9130	4.6634	0	4.4983	1.0685	0	19.7971	-24.0980	0	-17.2660	30.8150	0	8.1414	31.2135	0
109	-37.9107	4.6517	0	4.4574	0.9582	0	19.7724	-24.3744	0	-17.2599	30.5658	0	8.0445	31.1362	0
110	-37.9585	4.6514	0	4.6912	1.0376	0	19.8340	-24.4517	0	-17.4225	30.4706	0	8.0597	30.9658	0
111	-38.1191	4.5670	0	4.6959	0.9000	0	20.0829	-24.4461	0	-17.3128	30.5339	0	7.9306	30.9396	0
112	-38.1428	4.4247	0	4.8929	0.7273	0	20.0464	-24.3716	0	-17.4922	30.6087	0	7.9645	30.8399	0
113	-38.2815	4.1286	0	4.9351	0.8524	0	20.4653	-24.5596	0	-17.8123	30.5246	0	7.9463	30.5779	0
114	-38.3161	4.2973	0	4.9185	0.8123	0	20.1800	-24.3957	0	-17.5796	30.7779	0	8.0071	30.4410	0
115	-38.3944	4.3713	0	4.9523	0.8369	0	20.3343	-24.3401	0	-17.6718	30.8525	0	8.0355	30.4339	0
116	-38.2869	4.2656	0	5.0870	0.8375	0	20.5897	-24.4793	0	-17.6044	30.6371	0	8.1013	30.1452	0
117	-38.3593	4.1770	0	5.0708	1.0014	0	20.6231	-24.2945	0	-17.5058	30.6784	0	8.2065	30.2042	0
118	-38.2868	4.1181	0	4.9468	0.8377	0	20.5838	-24.0641	0	-17.5069	30.7438	0	8.3268	30.3814	0
119	-38.1299	4.0798	0	5.0135	0.8841	0	20.6204	-24.1840	0	-17.4498	30.6856	0	8.3985	30.3950	0
120	-38.0663	3.7378	0	4.9439	1.0905	0	20.5785	-24.0685	0	-17.3762	30.7157	0	8.2833	30.4306	0
121	-37.6239	3.7441	0	4.8268	1.1500	0	20.3822	-24.0902	0	-17.1893	30.6736	0	8.0252	30.4452	0
122	-37.5696	3.7231	0	4.8276	1.0480	0	20.3582	-24.0749	0	-17.1198	30.8842	0	8.0212	30.3906	0
123	-37.4034	3.6743	0	5.0147	1.0327	0	20.2898	-24.2176	0	-17.1843	30.4983	0	7.9528	30.4523	0
124	-37.4528	3.8071	0	5.1124	1.0658	0	20.1787	-24.0592	0	-16.9363	30.4323	0	7.8803	30.3208	0
125	-37.3524	3.8663	0	5.1245	0.7708	0	19.9960	-23.8505	0	-17.2772	30.5009	0	7.6114	30.4645	0
126	-37.1793	4.0436	0	5.0939	0.7748	0	19.8253	-23.8274	0	-17.5637	30.5183	0	7.5642	30.6980	0
127	-37.1530	4.0616	0	5.0059	0.6852	0	19.6742	-23.6605	0	-17.4890	30.4248	0	7.6019	30.7852	0
128	-37.0837	4.0585	0	4.8935	0.6599	0	20.0266	-23.6873	0	-17.4095	30.4450	0	7.6304	30.9309	0
129	-37.2395	4.3310	0	4.8897	0.6946	0	19.8054	-23.6327	0	-17.3953	30.2710	0	7.5678	30.8736	0
130	-37.3413	4.3038	0	4.6541	0.8151	0	19.7671	-23.4855	0	-17.3652	30.2793	0	7.6376	30.8100	0
131	-37.4419	4.1459	0	4.5905	0.7813	0	20.0977	-23.4648	0	-17.2541	30.0783	0	7.5722	30.6417	0
132	-37.3606	3.9721	0	4.5650	0.5587	0	20.2003	-23.6527	0	-17.2052	30.1077	0	7.4524	30.5454	0
133	-37.3389	4.1082	0	4.6328	0.3874	0	20.0483	-23.3855	0	-17.0385	30.1614	0	7.4786	30.5351	0
134	-37.4876	4.3359	0	4.6203	0.2210	0	19.9554	-23.1551	0	-17.1251	30.2065	0	7.4567	30.3045	0
135	-37.7037	4.3401	0	4.6701	0.2693	0	19.9334	-23.2713	0	-17.0389	30.2129	0	7.6024	30.5037	0
136	-37.5632	4.3576	0	4.7450	0.2044	0	19.9560	-23.2545	0	-16.9748	30.2462	0	7.6121	30.4341	0
137	-37.3407	4.4098	0	4.6179	0.3985	0	20.0632	-23.2434	0	-17.1258	30.0934	0	7.5694	30.3717	0
138	-37.4340	4.0452	0	4.5135	0.3541	0	19.8467	-23.2808	0	-17.2212	30.0209	0	7.3099	30.1521	0
139	-37.4505	3.5802	0	4.7288	0.1386	0	19.6632	-23.2075	0	-17.2156	29.8019	0	7.1154	30.0307	0
140	-37.3373	3.7355	0	4.8755	0.2707	0	19.8186	-23.0677	0	-17.6940	29.9497	0	7.1501	29.8073	0
141	-37.2946	3.7023	0	4.9404	0.1730	0	19.8324	-23.3775	0	-17.9473	30.0160	0	7.0018	29.8988	0
142	-37.3259	3.8703	0	4.6459	0.5157	0	19.7203	-23.4102	0	-18.0063	29.9673	0	6.9630	29.8692	0
143	-37.2085	3.9357	0	4.5919	0.5702	0	19.7796	-23.4840	0	-18.0047	30.1474	0	7.1149	29.7876	0
144	-37.3965	3.9995	0	4.3633	0.7238	0	19.6479	-23.3144	0	-17.8902	29.9991	0	6.9919	29.9741	0
145	-37.4471	3.9233	0	4.4393	0.8198	0	19.8873	-23.1915	0	-17.9398	29.8954	0	6.6714	29.9632	0
146	-37.1507	4.1135	0	4.5244	0.7730	0	19.9961	-23.3243	0	-17.5782	29.8658	0	6.6185	29.8358	0
147	-37.1633	4.0929	0	4.3755	0.4514	0	19.7899	-23.3173	0	-17.4696	30.0267	0	6.5032	29.9389	0
148	-37.3698	4.0635	0	4.3999	0.6232	0	19.8172	-23.3441	0	-17.3481	30.3630	0	6.5123	29.7856	0
149	-37.3740	4.1433	0	4.4912	0.6412	0	19.8659	-23.1780	0	-17.3898	30.5037	0	6.5541	29.5799	0
150	-37.0671	4.3622	0	4.4910	0.3234	0	19.8408	-23.0799	0	-17.5253	30.3058	0	6.5760	29.5070	0
151	-37.0638	4.4083	0	4.5019	0.4629	0	19.7462	-23.2530	0	-17.2477	30.2226	0	6.8276	29.3622	0
152	-36.8133	4.2705	0	4.2792	0.6399	0	19.9613	-23.2417	0	-17.5624	30.2061	0	7.2907	29.2541	0
153	-36.7903	4.2257	0	4.3651	0.4992	0	20.0848	-23.4573	0	-17.2785	30.1820	0	7.2413	29.1991	0
154	-36.9811	4.3206	0	4.2667	0.5842	0	20.1844	-23.4973	0	-17.1439	30.1199	0	7.3188	29.2039	0
155	-37.1634	4.2318	0	4.2764	0.5878	0	20.1284	-23.6294	0	-17.1220	30.2403	0	7.4315	29.3736	0
156	-37.0347	4.4259	0	4.4510	0.5891	0	20.1701	-23.7307	0	-17.2338	29.9885	0	7.1812	29.1943	0
157	-36.9922	4.2201	0	4.5597	0.5154	0	20.2121	-23.8131	0	-17.5144	29.6795	0	7.0689	29.3209	0
158	-36.9843	3.8170	0	4.5236	0.2193	0	20.2768	-23.8475	0	-17.3951	29.9160	0	7.3966	29.4992	0
159	-36.8348	3.5273	0	4.4348	0.3779	0	20.3049	-24.1203	0	-17.5144	29.7902	0	7.2688	29.5519	0
160	-36.8018	3.4375	0	4.7275	0.4070	0	20.1641	-24.4791	0	-17.2696	29.8083	0	7.4000	29.5033	0
161	-36.8526	3.3745	0	4.7528	0.3468	0	20.0582	-24.5413	0	-17.3365	29.7530	0	7.1691	29.5143	0
162	-36.5301	3.4425	0	4.7295	0.2951	0	19.9370	-24.5337	0	-17.5537	29.7934	0	7.0729	29.4033	0
163	-36.5332	3.3510	0	4.5667	0.2444	0	19.8280	-24.7954	0	-17.4252	29.9991	0	7.2745	29.1340	0
164	-36.2561	3.2222	0	4.4335	0.2846	0	19.8498	-24.5814	0	-17.5179	29.8449	0	7.3747	29.2114	0
165	-36.4002	3.0154	0	4.5409	0.5724	0	19.7591	-24.5027	0	-17.6798	29.9441	0	7.5782	29.2125	0
166	-36.4173	2.9022	0	4.8310	0.7371	0	19.7677	-24.6560	0	-17.7608	29.9172	0	7.7787	29.2252	0
167	-36.3979	2.7121	0	4.8477	0.5285	0	19.7912	-24.5719	0	-17.7563	29.9016	0	7.8220	29.2201	0
168	-36.3935	2.6171	0	4.6819	0.5350	0	19.6393	-24.5825	0	-17.7958	29.7049	0	7.8938	29.3923	0
169	-36.3929	2.4690	0	4.7362	0.4534	0	19.3570	-24.3886	0	-17.5519	29.7732	0	7.7528	29.3060	0
170	-36.4936	2.2684	0	4.6241	0.6891	0	19.2206	-24.1996	0	-17.4349	28.8115	0	7.7577	28.9906	0
171	-36.5257	2.1881	0	4.3828	0.5065	0	19.3712	-24.3159	0	-17.4125	28.8446	0	7.8321	29.0176	0
172	-36.5094	2.4276	0	4.6238	0.3971	0	19.6077	-24.1221	0	-17.2949	28.8844	0	8.0129	28.9520	0
173	-36.3147	2.4251	0	4.6914	0.2279	0	19.6853	-23.8848	0	-17.5195	28.8021	0	8.0459	28.8015	0
174	-36.3480	2.5147	0	4.8723	0.1215	0	19.6477	-23.9051	0	-17.3371	28.8966	0	8.0954	28.7859	0
175	-36.5299	2.5422	0	4.8815	0.1406	0	19.5258	-23.6236	0	-17.4579	28.8416	0	8.1976	28.6905	0
176	-36.6060	2.5572	0	4.7538	0.3797	0	19.4169	-23.4295	0	-17.3953	28.7308	0	8.1396	28.7674	0
177	-36.2962	2.6485	0	4.8196	0.4490	0	19.5734	-23.5280	0	-17.4114	28.8466	0	8.0849	28.8535	0
178	-36.2529	2.6375	0	4.9022	0.5835	0	19.7949	-23.6839	0	-17.3510	28.8720	0	8.0780	29.0398	0
179	-36.2541	2.5408	0	5.0609	0.6551	0	19.8151	-23.9179	0	-17.6033	29.0086	0	8.3954	29.1869	0
180	-36.3436	2.3537	0	5.0953	0.7019	0	19.9050	-23.8860	0	-17.6450	28.8260	0	8.4270	28.8163	0
181	-36.2700	2.1781	0	4.9937	0.6273	0	20.2709	-23.2961	0	-17.3902	28.7287	0	8.3630	28.8798	0
182	-36.1504	2.4954	0	5.0947	0.4928	0	20.1894	-23.5239	0	-17.3721	28.6679	0	8.4878	28.8270	0
183	-36.1138	2.5591	0	5.1451	0.6725	0	19.8407	-23.5591	0	-17.3783	28.6862	0	8.3035	28.7773	0
184	-35.9269	2.2263	0	5.3686	0.9098	0	19.8336	-23.9036	0	-17.5498	28.4971	0	8.6126	28.7481	0
185	-35.6924	2.3223	0	5.5239	0.7137	0	19.8538	-23.7498	0	-17.4318	28.5887	0	8.5320	28.9377	0
186	-35.7310	2.2017	0	5.5380	0.6902	0	19.5878	-23.3407	0	-17.2361	28.5976	0	8.6381	28.7060	0
187	-35.6814	2.6168	0	5.6746	0.7201	0	19.4235	-23.1769	0	-17.2535	28.6493	0	8.4880	28.6996	0
188	-36.0320	2.6583	0	5.5774	0.7944	0	19.2002	-23.1444	0	-17.4313	28.4332	0	8.5041	28.6088	0
189	-36.0559	2.5456	0	5.6562	0.6323	0	19.1467	-23.0561	0	-17.3968	28.6609	0	8.3671	28.8602	0
190	-35.8456	2.3485	0	5.8226	0.7210	0	19.1537	-23.1607	0	-17.3949	28.5465	0	8.3624	28.8854	0
191	-35.9969	2.0527	0	5.5084	0.6907	0	19.1715	-23.3304	0	-17.4411	28.6158	0	8.3899	28.9973	0
192	-35.8940	1.9310	0	5.4854	0.6414	0	19.3092	-23.4703	0	-17.3507	28.5364	0	8.0838	29.1742	0
193	-35.8350	1.9241	0	5.4159	0.5549	0	19.0403	-23.4353	0	-17.3077	28.4828	0	8.0841	29.1244	0
194	-36.0628	1.6742	0	5.5935	0.5893	0	18.9850	-23.2765	0	-17.3204	28.6779	0	8.1752	29.3583	0
195	-36.0937	1.6297	0	5.8693	0.2222	0	18.9476	-23.2908	0	-17.4273	28.4742	0	8.1349	29.1915	0
196	-36.2102	1.6281	0	6.0036	0.2550	0	19.0166	-23.0840	0	-17.5690	28.4942	0	8.2891	29.1630	0
197	-36.2245	1.7570	0	5.9468	0.0860	0	18.9870	-23.1797	0	-17.4432	28.2730	0	8.2712	29.2419	0
198	-36.2408	1.8502	0	5.7315	0.0844	0	18.9021	-23.4935	0	-17.5983	28.3142	0	8.1411	29.2047	0
199	-36.1955	1.8172	0	5.7172	0.0330	0	18.8729	-23.5215	0	-17.6264	28.3548	0	8.2927	29.3501	0
200	-36.0445	1.5433	0	5.7812	0.0654	0	18.9716	-23.5484	0	-17.9584	28.4498	0	8.2896	29.2183	0
201	-36.0389	1.4659	0	5.8822	-0.0491	0	19.2462	-23.5828	0	-17.8567	28.5685	0	8.0676	29.1902	0
202	-36.3380	1.3836	0	5.6178	-0.1271	0	19.3920	-23.5338	0	-17.8175	28.6475	0	8.2089	29.4093	0
203	-36.3574	1.1577	0	5.4358	-0.1189	0	19.6086	-23.6374	0	-17.9261	28.6409	0	7.9661	29.5026	0
204	-36.3862	1.2959	0	5.5199	-0.1231	0	19.6831	-23.6738	0	-17.9111	28.6523	0	7.8449	29.7059	0
205	-36.2348	1.5113	0	5.6217	-0.0886	0	19.8651	-23.6164	0	-18.0185	28.7218	0	7.7874	29.6035	0
206	-36.0948	1.6519	0	5.8347	0.1028	0	19.6966	-23.7062	0	-17.7984	28.8844	0	7.7487	29.4271	0
207	-36.0880	1.7140	0	5.8182	0.1148	0	19.6466	-23.8440	0	-17.5973	28.8887	0	7.9170	29.3548	0
208	-36.0284	1.9113	0	5.8516	0.3111	0	19.5076	-23.6688	0	-17.6330	28.9434	0	7.7679	29.3512	0
209	-35.9808	1.7764	0	5.7658	0.2259	0	19.3694	-23.7339	0	-17.9360	28.7873	0	7.5308	29.5009	0
210	-35.9581	1.8088	0	6.0317	0.2888	0	19.2381	-23.6280	0	-18.0504	28.9635	0	7.7359	29.5423	0
211	-35.9506	1.6489	0	6.2313	0.3600	0	19.2203	-23.5726	0	-17.8916	28.9153	0	7.7407	29.5556	0
212	-35.8147	1.6278	0	6.2926	0.4397	0	18.9887	-23.8396	0	-17.8258	28.9156	0	7.7968	29.3616	0
213	-35.9876	1.6458	0	6.2318	0.3602	0	18.9889	-24.1656	0	-17.6707	28.7344	0	7.5238	29.3661	0
214	-36.0544	1.5976	0	6.4541	0.2732	0	18.8748	-24.0589	0	-17.6701	28.8426	0	7.5897	29.2193	0
215	-36.1352	1.5715	0	6.3449	0.3856	0	18.8234	-24.1798	0	-17.6462	28.8512	0	7.4277	29.4700	0
216	-36.0665	1.7705	0	6.3483	0.4092	0	19.0450	-24.1391	0	-17.5416	28.9271	0	7.0538	29.3481	0
217	-36.0969	1.6954	0	6.5958	0.2681	0	18.8929	-23.9841	0	-17.1253	28.8896	0	7.0955	29.3327	0
218	-36.1227	1.5744	0	6.6365	0.4235	0	18.7048	-23.8577	0	-17.5644	28.8658	0	7.0784	29.4172	0
219	-36.1718	1.7460	0	6.7231	0.4432	0	18.7565	-24.0454	0	-17.4809	28.8107	0	7.0559	29.3727	0
220	-36.2745	1.8559	0	6.7634	0.5231	0	18.9796	-24.0886	0	-17.6206	28.8012	0	7.0420	29.4848	0
221	-36.1881	1.8770	0	6.8820	0.4171	0	19.0976	-24.3412	0	-17.6266	28.6904	0	7.0388	29.4976	0
222	-35.9295	1.7435	0	6.8238	0.3851	0	19.2277	-24.4325	0	-17.8602	28.8641	0	6.9992	29.7719	0
223	-35.8070	1.5751	0	6.8094	0.2504	0	19.0290	-24.0999	0	-18.2056	29.1105	0	7.1307	29.7399	0
224	-35.7216	1.7435	0	6.7152	0.3623	0	19.2424	-24.4057	0	-18.2451	29.1399	0	7.0183	29.7242	0
225	-35.6406	1.9336	0	6.5189	0.2620	0	19.2990	-24.5954	0	-18.2060	29.2306	0	7.0417	29.7071	0
226	-35.7395	1.9861	0	6.3913	0.1268	0	19.2896	-24.5728	0	-18.1674	29.1630	0	7.1263	29.7859	0
227	-35.8381	2.1371	0	6.5078	0.3039	0	19.6691	-24.7490	0	-18.3041	28.7098	0	7.0806	29.9181	0
228	-35.7112	2.0038	0	6.4722	0.2675	0	19.5282	-24.6146	0	-18.2359	28.9027	0	7.0550	30.0233	0
229	-35.3122	1.6741	0	6.6473	0.1643	0	19.3939	-24.5969	0	-18.3287	28.6825	0			
230	-35.1427	1.5401	0	6.4339	0.3275	0	19.4849	-24.8105	0	-18.2672	28.6888	0			
231	-35.0109	1.5934	0	6.2025	0.2767	0	19.4101	-24.7686	0	-18.0703	28.7068	0			
232	-35.3112	1.6896	0	6.2103	0.1640	0	19.3770	-24.9619	0						
233	-35.2924	1.7060	0	6.3906	0.1083	0	19.5792	-24.6678	0						
234	-35.3458	1.7077	0	6.2973	0.0929	0	19.5133	-24.9144	0						
235	-35.4115	1.7881	0	6.5686	0.1442	0									
236	-35.4907	1.6300	0	6.6870	0.3940	0									
237	-35.6724	1.8986	0	6.7755	0.6492	0									
238	-35.8567	1.8733	0	6.7823	0.5748	0									
239	-35.9299	1.9313	0	6.7657	0.6448	0									
240	-35.9359	2.0203	0												
