Frame	X1	Y1	Flag1	X2	Y2	Flag2	X3	Y3	Flag3	X4	Y4	Flag4	X5	Y5	Flag5	X6	Y6	Flag6	X7	Y7	Flag7	X8	Y8	Flag8	X9	Y9	Flag9	X10	Y10	Flag10	X11	Y11	Flag11	X12	Y12	Flag12
Tracks 1 to 12
1	178.02740	125.50913	 	1141.80647	784.25858	 	395.33904	265.82381	 	 	 	 	1134.13316	762.13457	 	1189.04782	58.16046	 	 	 	 	160.77367	119.64743	 	938.72164	139.08793	 	 	 	 	 	 	 	 	 	 
2	178.27144	125.83352	 	1141.77721	784.23540	 	395.19214	267.03422	 	 	 	 	1134.82304	763.22138	 	1190.42069	62.96856	 	 	 	 	160.98812	123.28410	 	938.92479	141.61282	 	 	 	 	 	 	 	 	 	 
3	177.53574	126.04900	 	1141.93632	784.51274	 	392.98560	268.90812	 	 	 	 	1134.03162	764.76451	 	1191.00242	62.42946	 	 	 	 	157.44208	126.55763	 	939.62526	141.92205	 	 	 	 	 	 	 	 	 	 
4	176.99350	125.87398	 	1142.05717	784.85451	 	393.07905	267.36032	 	 	 	 	1134.47122	765.29222	 	1190.12231	61.54827	 	 	 	 	156.07146	126.48666	 	940.34586	140.65699	 	 	 	 	 	 	 	 	 	 
5	180.12435	127.31606	 	1142.29707	785.50194	 	394.84496	267.19931	 	 	 	 	1135.59774	768.15402	 	1189.25198	61.01323	 	 	 	 	155.25391	128.57723	 	939.32816	141.11548	 	 	 	 	 	 	 	 	 	 
6	180.08772	127.40175	 	1142.31616	785.42531	 	394.85806	270.20766	 	 	 	 	1134.61689	768.50846	 	1187.36080	59.98220	 	 	 	 	155.00603	131.57178	 	938.41658	139.97621	 	 	 	 	 	 	 	 	 	 
7	180.09793	127.46893	 	1142.29339	785.69521	 	393.24653	269.94398	 	 	 	 	1136.40692	768.23158	 	1188.37932	58.40056	 	 	 	 	155.02209	133.49117	 	936.73382	142.59941	 	 	 	 	 	 	 	 	 	 
8	179.94000	127.54308	 	1142.38125	785.62997	 	396.42941	269.91076	 	 	 	 	1135.65302	767.92609	 	1186.86443	57.33907	 	 	 	 	157.29388	133.57871	 	935.86182	141.90738	 	 	 	 	 	 	 	 	 	 
9	178.25946	127.28347	 	1142.50662	785.79857	 	396.54563	272.17724	 	 	 	 	1135.33395	769.43300	 	1184.91507	57.31558	 	 	 	 	159.23427	133.16636	 	936.62182	141.48101	 	 	 	 	 	 	 	 	 	 
10	178.36526	127.39718	 	1142.40793	785.64724	 	398.40653	273.24235	 	 	 	 	1134.88556	769.60888	 	1183.55871	59.53351	 	 	 	 	159.69679	132.95535	 	938.69121	140.66785	 	 	 	 	 	 	 	 	 	 
11	178.20119	126.55343	 	1142.45501	786.02762	 	394.46361	273.75180	 	 	 	 	1135.42886	770.82300	 	1182.21445	58.39175	 	 	 	 	162.81781	133.29365	 	938.25627	139.61488	 	 	 	 	 	 	 	 	 	 
12	180.07869	127.71641	 	1142.43203	786.24104	 	392.32411	272.92411	 	 	 	 	1136.10230	770.19532	 	1179.77437	60.08922	 	 	 	 	163.14348	129.13933	 	936.58317	140.76467	 	 	 	 	 	 	 	 	 	 
13	179.19640	126.14082	 	 	 	 	391.47710	272.47636	 	 	 	 	1138.16543	777.03793	 	1181.59775	60.29164	 	 	 	 	163.31509	127.68969	 	934.95455	140.80704	 	 	 	 	 	 	 	 	 	 
14	180.52665	127.61781	 	1142.09640	787.39856	*	390.18017	271.06656	 	 	 	 	1137.35695	773.28255	 	1182.30745	59.77773	 	 	 	 	164.60957	128.40764	 	935.44800	140.46172	 	 	 	 	 	 	 	 	 	 
15	180.69021	127.27183	 	1142.21856	787.72680	 	389.72548	272.14037	 	 	 	 	1137.48892	774.17686	 	1182.71167	56.92924	 	 	 	 	164.38237	129.06161	 	935.22879	140.11641	 	 	 	 	 	 	 	 	 	 
16	180.70231	127.19154	 	1141.90824	787.91114	 	388.34360	271.84674	 	 	 	 	1139.24222	773.60643	 	1182.39826	54.56827	 	 	 	 	164.53401	129.35670	 	933.44232	140.27432	 	 	 	 	 	 	 	 	 	 
17	180.98689	126.99262	 	1141.95655	787.91137	 	387.93146	269.67051	 	 	 	 	1139.21534	773.88640	 	1182.89434	55.13476	 	 	 	 	164.01810	127.63751	 	932.31727	141.12536	 	 	 	 	 	 	 	 	 	 
18	181.53955	126.43915	 	 	 	 	386.52575	269.32711	 	 	 	 	1139.61948	777.37112	 	1179.09033	55.94499	 	 	 	 	165.19457	125.68220	 	934.58480	137.11372	 	 	 	 	 	 	 	 	 	 
19	180.94422	127.05737	 	1142.08208	788.69094	*	386.49669	272.26912	 	 	 	 	1137.34870	776.04368	 	1178.74437	59.30753	 	 	 	 	164.41553	126.21939	 	935.20215	138.75763	 	 	 	 	 	 	 	 	 	 
20	180.40895	127.54167	 	1142.04799	789.00774	 	387.95969	276.23836	 	 	 	 	1138.71843	776.19227	 	1177.94405	59.80592	 	 	 	 	164.43392	129.49328	 	933.51753	139.91881	 	 	 	 	 	 	 	 	 	 
21	181.23954	126.93004	 	1140.80527	788.87869	 	386.76749	276.02501	 	 	 	 	1143.30502	775.68430	 	1180.31323	56.38440	 	 	 	 	166.09811	125.07295	 	931.72552	134.90100	 	 	 	 	 	 	 	 	 	 
22	181.00721	127.06325	 	1140.77358	788.32075	 	384.59231	276.52567	 	 	 	 	1144.70434	774.92852	 	1179.13680	54.74863	 	 	 	 	164.47980	125.69791	 	930.02142	133.98589	 	 	 	 	 	 	 	 	 	 
23	181.59601	125.87500	 	1140.46046	789.44515	 	386.43177	279.72229	 	 	 	 	1145.10958	777.75968	 	1176.56491	57.78487	 	 	 	 	166.85382	128.80271	 	931.92048	135.80013	 	 	 	 	 	 	 	 	 	 
24	180.52398	126.82416	 	1140.25937	788.48076	 	387.63129	278.16862	 	 	 	 	1146.15459	775.93801	 	1175.73366	56.56206	 	 	 	 	166.02273	125.02059	 	931.71226	132.63085	 	 	 	 	 	 	 	 	 	 
25	181.11768	127.32283	 	 	 	 	386.46820	276.60557	 	 	 	 	1144.58294	777.38778	 	1175.36494	56.89778	 	 	 	 	168.19819	121.90646	 	930.12727	131.84680	 	 	 	 	 	 	 	 	 	 
26	 	 	 	1139.80097	788.07600	*	384.48006	279.42921	 	 	 	 	1148.10444	779.00927	 	1174.80157	58.52234	 	 	 	 	170.74513	126.57821	 	927.53579	135.39383	 	 	 	 	 	 	 	 	 	 
27	183.37016	124.82558	*	1139.53571	787.44538	 	386.03259	282.53824	 	 	 	 	1149.23935	780.44116	 	1174.43530	57.97347	 	 	 	 	171.59277	128.78125	 	929.91044	135.30154	 	 	 	 	 	 	 	 	 	 
28	 	 	 	 	 	 	385.58791	281.55246	 	 	 	 	1149.81735	782.41105	 	1174.20447	58.78206	 	 	 	 	172.88591	122.51620	 	930.91117	131.88015	 	 	 	 	 	 	 	 	 	 
29	 	 	 	1138.17958	784.23239	*	386.90148	281.42788	 	 	 	 	1150.27443	786.65665	 	1173.00463	60.54657	 	 	 	 	174.10406	124.19282	 	933.11532	132.12692	 	 	 	 	 	 	 	 	 	 
30	 	 	 	1138.59486	783.82806	 	389.73024	283.73482	 	 	 	 	1150.49005	788.29551	 	1173.97553	58.71956	 	 	 	 	173.82296	123.56038	 	934.91861	132.30550	 	 	 	 	 	 	 	 	 	 
31	 	 	 	 	 	 	389.15590	278.54834	 	 	 	 	1149.99549	787.29265	 	1174.90979	58.74322	 	 	 	 	177.84485	119.90458	 	936.57721	129.63256	 	 	 	 	 	 	 	 	 	 
32	 	 	 	 	 	 	387.95823	279.64569	 	 	 	 	1149.82352	786.62620	 	1179.12186	61.01236	 	 	 	 	178.16230	119.70764	 	933.38466	131.95927	 	 	 	 	 	 	 	 	 	 
33	 	 	 	 	 	 	388.78757	280.05458	 	 	 	 	1149.19837	788.61440	 	1180.06560	63.17095	 	 	 	 	174.93739	122.50201	 	933.53045	134.11418	 	 	 	 	 	 	 	 	 	 
34	 	 	 	 	 	 	389.07118	280.26286	 	 	 	 	1149.61416	785.82557	 	1177.27594	64.12614	 	 	 	 	177.11792	125.66581	 	935.84600	131.37865	 	1180.06905	79.22619	 	 	 	 	 	 	 
35	 	 	 	 	 	 	388.80513	277.12003	 	 	 	 	1148.52194	783.23007	 	1178.73670	64.90922	 	 	 	 	175.28704	126.51751	 	937.47569	129.99636	 	 	 	 	 	 	 	 	 	 
36	 	 	 	 	 	 	385.30750	276.66175	 	 	 	 	1149.43329	782.95100	 	1178.23247	61.83718	 	 	 	 	172.59925	128.13009	 	934.68122	132.06382	 	 	 	 	 	 	 	 	 	 
37	 	 	 	 	 	 	384.42280	274.55988	 	1139.53305	787.50774	 	1149.81090	781.07896	 	1174.95647	61.87291	 	 	 	 	172.17972	127.78589	 	932.39896	133.71157	 	 	 	 	 	 	 	 	 	 
38	 	 	 	 	 	 	 	 	 	1138.65217	785.24901	 	1150.78302	783.82763	 	1176.91912	59.45720	 	 	 	 	173.72964	129.04535	 	933.76400	133.37088	 	1180.37560	70.92105	*	 	 	 	 	 	 
39	 	 	 	 	 	 	384.56973	273.51020	*	 	 	 	1150.32803	784.01486	 	1178.04189	59.87467	 	 	 	 	173.61549	127.80744	 	933.05992	131.84214	 	 	 	 	 	 	 	 	 	 
40	 	 	 	 	 	 	 	 	 	 	 	 	1149.53805	783.14249	 	1178.18663	61.09662	 	 	 	 	173.18476	129.04343	 	933.71068	131.09144	 	 	 	 	 	 	 	 	 	 
41	 	 	 	 	 	 	 	 	 	 	 	 	1149.91083	787.13650	 	1178.76592	62.61400	 	 	 	 	173.20795	127.67614	 	935.77995	130.84319	 	1179.58333	80.41975	*	 	 	 	 	 	 
42	 	 	 	 	 	 	 	 	 	1138.38771	785.86864	*	1150.32307	783.39977	 	1177.99151	62.97751	 	 	 	 	171.84227	128.47354	 	938.34677	130.94527	 	1179.66575	80.62431	 	 	 	 	 	 	 
43	 	 	 	 	 	 	 	 	 	1138.39819	785.03846	 	1150.58822	784.81310	 	1178.82038	64.72621	 	 	 	 	175.54214	129.89418	 	938.16189	130.23528	 	1179.74499	80.67622	 	 	 	 	 	 	 
44	 	 	 	 	 	 	 	 	 	 	 	 	1149.88947	784.53109	 	1177.08260	65.15621	 	 	 	 	175.58692	131.42392	 	937.23847	131.04135	 	1179.75810	80.60848	 	 	 	 	 	 	 
45	 	 	 	 	 	 	 	 	 	1139.09990	784.49750	*	1151.56786	786.93945	 	1178.49732	63.35132	 	 	 	 	175.85854	132.68704	 	939.80596	133.18191	 	1179.75872	80.68895	 	 	 	 	 	 	 
46	 	 	 	 	 	 	 	 	 	1139.19650	784.79864	 	1151.59829	786.68040	 	1178.82598	64.15207	 	 	 	 	177.69045	132.15655	 	941.31723	132.05511	 	 	 	 	 	 	 	 	 	 
47	 	 	 	 	 	 	 	 	 	1139.52787	784.28601	 	1151.69603	787.50704	 	1177.79289	66.39156	 	 	 	 	179.90054	135.09632	 	939.94902	132.72696	 	 	 	 	 	 	 	 	 	 
48	 	 	 	 	 	 	 	 	 	1139.64419	784.57678	 	1152.07908	786.76797	 	1180.12536	66.47938	 	 	 	 	183.21036	133.20913	 	941.27827	128.80705	 	1179.65668	80.70027	*	 	 	 	 	 	 
49	 	 	 	 	 	 	 	 	 	1139.18193	784.37229	 	1151.37696	787.37103	 	1181.54937	66.47400	 	 	 	 	182.49353	132.71274	 	943.98036	126.48628	 	1179.65860	80.68817	 	 	 	 	 	 	 
50	 	 	 	 	 	 	 	 	 	1139.99512	783.43984	 	1150.53191	790.81116	 	1180.77121	66.83285	 	 	 	 	182.79685	135.17356	 	943.57123	126.94605	 	1179.74146	80.65122	 	 	 	 	 	 	 
51	 	 	 	 	 	 	 	 	 	1140.16910	783.41983	 	1149.79254	792.11682	 	1178.57621	65.61358	 	 	 	 	185.86574	133.50041	 	941.75140	125.58566	 	1179.97701	79.99425	 	 	 	 	 	 	 
52	 	 	 	 	 	 	 	 	 	1139.53287	782.93426	 	1149.59919	790.78883	 	1176.15146	64.22279	 	 	 	 	185.82762	131.94624	 	944.07818	124.01230	 	1180.02183	79.45635	 	 	 	 	 	 	 
53	 	 	 	 	 	 	 	 	 	 	 	 	1146.62493	791.35627	 	1177.15565	67.01941	 	 	 	 	184.60524	135.50059	 	942.24080	120.85154	 	1179.84615	80.02015	 	 	 	 	 	 	 
54	 	 	 	 	 	 	 	 	 	 	 	 	1145.34562	791.91207	 	1177.99814	70.62935	 	 	 	 	184.69180	134.08139	 	945.44324	123.59111	 	 	 	 	 	 	 	 	 	 
55	 	 	 	 	 	 	 	 	 	 	 	 	1147.58188	789.99959	 	1180.80015	68.42457	 	 	 	 	185.69876	131.55133	 	945.37603	121.09120	 	 	 	 	 	 	 	 	 	 
56	 	 	 	 	 	 	 	 	 	 	 	 	1146.55793	789.64901	 	1181.81667	58.98611	 	 	 	 	184.60651	133.35305	 	947.55122	118.94774	 	1178.17500	71.24978	*	 	 	 	 	 	 
57	 	 	 	 	 	 	 	 	 	 	 	 	1148.72092	787.04597	 	1181.99776	59.74720	 	 	 	 	183.14110	135.04222	 	945.61152	121.60792	 	1179.85422	72.48380	 	 	 	 	 	 	 
58	 	 	 	 	 	 	 	 	 	 	 	 	1146.40124	788.67166	 	1182.19849	59.85427	 	 	 	 	183.35270	134.96064	 	944.25687	120.90337	 	1181.64013	72.90938	 	 	 	 	 	 	 
59	 	 	 	 	 	 	 	 	 	 	 	 	1145.86912	787.41789	 	1182.19280	59.82776	 	 	 	 	184.90451	134.70039	 	944.45580	119.23448	 	1179.83511	72.34274	 	 	 	 	 	 	 
60	 	 	 	 	 	 	 	 	 	 	 	 	1147.52245	788.55744	 	1182.35236	60.56693	 	 	 	 	186.80005	132.07530	 	941.47438	121.56065	 	1179.62087	74.52428	 	 	 	 	 	 	 
61	 	 	 	 	 	 	 	 	 	 	 	 	1140.92532	788.24002	 	1182.22460	60.82888	 	 	 	 	187.10851	131.49487	 	941.34232	119.89379	 	1177.87414	75.23232	 	 	 	 	 	 	 
62	 	 	 	 	 	 	 	 	 	 	 	 	1143.31523	789.40850	 	1182.58028	60.74771	 	 	 	 	188.32875	130.20389	 	943.94321	119.24470	 	1179.91709	75.34184	 	 	 	 	 	 	 
63	 	 	 	 	 	 	 	 	 	 	 	 	1136.93390	787.03665	 	1181.98268	62.30551	 	 	 	 	189.03993	130.60704	 	947.75884	118.58842	 	1177.52062	77.68146	 	 	 	 	 	 	 
64	 	 	 	 	 	 	 	 	 	 	 	 	 	 	 	1182.31778	61.21111	 	 	 	 	189.90175	129.03957	 	945.00000	117.63373	 	1180.51511	77.59622	 	1147.68164	789.42643	 	 	 	 
65	 	 	 	 	 	 	 	 	 	 	 	 	 	 	 	1181.91374	61.89936	 	 	 	 	186.93879	131.60984	 	947.98036	120.90420	 	1179.74022	77.15515	 	1149.48335	785.56660	 	 	 	 
66	 	 	 	 	 	 	 	 	 	 	 	 	 	 	 	1182.22752	61.44220	 	 	 	 	185.34081	129.14457	 	949.11474	119.84701	 	1177.26923	75.76297	 	1149.76721	785.66282	 	 	 	 
67	 	 	 	 	 	 	 	 	 	 	 	 	 	 	 	1182.35019	60.60300	 	 	 	 	186.22844	129.36934	 	950.77064	122.22696	 	1175.00853	73.77594	 	1146.97662	784.80975	 	 	 	 
68	 	 	 	 	 	 	 	 	 	 	 	 	 	 	 	1182.00157	62.28414	 	 	 	 	186.92128	132.05273	 	953.06973	124.87391	 	1177.30489	76.64562	 	1147.32478	780.56711	 	 	 	 
69	 	 	 	 	 	 	 	 	 	 	 	 	 	 	 	1181.59633	62.52818	 	 	 	 	185.43562	130.14643	 	952.62042	125.45277	 	1176.18698	76.89041	 	1143.59348	778.94172	 	 	 	 
70	 	 	 	 	 	 	 	 	 	 	 	 	 	 	 	1181.69263	62.78045	 	 	 	 	183.87475	130.21560	 	952.13407	125.91182	 	1174.44378	78.62347	 	1135.83124	780.00590	 	 	 	 
71	 	 	 	 	 	 	 	 	 	 	 	 	 	 	 	1181.22665	64.56348	 	 	 	 	180.89593	127.87754	 	951.69433	125.70208	 	1172.62561	79.49825	 	1136.10019	780.50042	 	 	 	 
72	 	 	 	 	 	 	 	 	 	 	 	 	 	 	 	1181.26723	64.28864	 	1142.97332	787.54646	 	181.24209	128.66186	 	950.43276	126.57227	 	1174.21229	79.32913	 	1133.40306	777.94503	 	 	 	 
73	 	 	 	 	 	 	 	 	 	 	 	 	 	 	 	1181.23497	63.20379	 	1143.05468	787.39209	 	180.66353	128.88417	 	950.75836	127.03022	 	1173.41695	78.81932	 	1133.80783	777.38651	 	 	 	 
74	 	 	 	 	 	 	 	 	 	 	 	 	 	 	 	1181.76158	62.16485	 	 	 	 	179.66852	131.33732	 	949.38202	125.91516	 	1177.15567	77.70175	 	1137.65446	779.63162	 	 	 	 
75	 	 	 	 	 	 	 	 	 	 	 	 	 	 	 	1182.28458	61.48617	 	1142.41351	791.19730	*	179.16038	131.31002	 	952.82325	126.66483	 	1177.73709	76.83255	 	1137.25954	778.79688	 	 	 	 
76	 	 	 	 	 	 	 	 	 	 	 	 	 	 	 	1182.12057	61.47801	 	1144.90969	786.73856	 	177.80620	131.52718	 	951.75860	123.71248	 	1174.77842	76.72747	 	1133.52753	779.44661	 	 	 	 
77	 	 	 	 	 	 	 	 	 	 	 	 	 	 	 	1182.34068	60.51102	 	1145.35913	785.48650	 	175.96565	131.92545	 	951.60262	123.06874	 	1176.11874	74.87107	 	1132.02719	781.86786	 	 	 	 
78	 	 	 	 	 	 	 	 	 	 	 	 	 	 	 	1182.45187	60.62083	 	1147.59681	782.68762	 	177.25933	132.22317	 	952.33616	121.35191	 	1175.16520	74.37539	 	1133.58618	784.24225	 	 	 	 
79	 	 	 	 	 	 	 	 	 	 	 	 	 	 	 	1182.18769	61.33033	 	1148.68438	782.32187	 	177.10214	128.87411	 	953.56869	118.84243	 	1174.03155	75.16915	 	1135.18413	786.13914	 	 	 	 
80	 	 	 	 	 	 	 	 	 	 	 	 	 	 	 	1182.57489	60.77093	 	1147.29125	781.79938	 	176.35254	130.09327	 	953.80337	121.67883	 	1175.87142	75.10239	 	1134.44135	786.89366	 	 	 	 
81	 	 	 	 	 	 	 	 	 	 	 	 	 	 	 	1182.22906	60.87863	 	1145.29427	781.85244	 	177.30536	132.21974	 	955.98179	121.45619	 	1176.78976	75.95606	 	1133.70742	789.65683	 	403.37552	274.67142	 
82	 	 	 	 	 	 	 	 	 	 	 	 	 	 	 	1182.34630	60.59922	 	1145.20137	782.80652	 	177.25319	132.31014	 	955.25904	118.85278	 	1176.50286	75.60589	 	1132.25384	788.25715	 	402.91978	273.88901	 
83	 	 	 	 	 	 	 	 	 	 	 	 	 	 	 	1182.34238	61.26514	 	1145.52207	783.83594	 	176.63467	134.43116	 	955.28633	118.72655	 	1176.37411	76.50898	 	1131.75596	786.10404	 	401.00819	277.34007	 
84	 	 	 	 	 	 	 	 	 	 	 	 	 	 	 	1182.23852	60.86042	 	1145.49336	783.86519	 	177.57508	131.73469	 	953.92320	119.61510	 	1175.80244	76.28251	 	1131.29089	785.35989	 	399.12932	279.15239	 
85	 	 	 	 	 	 	 	 	 	 	 	 	 	 	 	1182.35728	60.60583	 	1145.54617	783.85147	 	177.76303	129.24124	 	955.79064	119.09893	 	1174.37166	74.90447	 	1131.58980	785.15975	 	397.21252	276.27293	 
86	 	 	 	 	 	 	 	 	 	 	 	 	 	 	 	1182.61281	60.27019	 	1146.44315	781.74370	 	179.58899	128.51072	 	955.60867	119.04203	 	1174.36095	74.00593	 	1133.79325	787.69539	 	398.48124	275.89367	 
87	 	 	 	 	 	 	 	 	 	 	 	 	 	 	 	1182.58537	60.81153	 	1146.88064	781.65244	 	179.79826	125.61868	 	954.65609	119.29978	 	1175.90680	76.13156	 	1134.53171	787.43766	 	395.60751	275.83968	 
88	 	 	 	 	 	 	 	 	 	 	 	 	 	 	 	1182.50158	60.05363	 	1147.31791	783.15863	 	178.76944	126.67611	 	954.36194	119.03789	 	1174.72793	75.25548	 	1133.78989	784.63605	 	393.84090	275.46455	 
89	 	 	 	 	 	 	 	 	 	 	 	 	 	 	 	1182.50974	60.04545	 	1149.12319	782.98551	 	178.49315	123.70250	 	955.84973	117.93441	 	1174.62382	75.19448	 	1135.29070	784.34369	 	394.51066	274.64608	 
90	 	 	 	 	 	 	 	 	 	 	 	 	 	 	 	 	 	 	 	 	 	175.97687	122.42118	 	957.57649	116.15257	 	1177.52348	75.31593	 	1135.66954	781.37644	 	393.59952	279.58729	 
91	 	 	 	 	 	 	 	 	 	 	 	 	 	 	 	 	 	 	1146.52300	786.63128	*	178.12554	124.89881	 	955.38617	117.39519	 	1178.29388	74.64154	 	1135.02966	781.84438	 	394.03489	278.76644	 
92	 	 	 	 	 	 	 	 	 	 	 	 	 	 	 	1182.50485	60.00647	*	1142.43800	791.31600	 	181.42947	124.71159	 	955.31655	116.93757	 	1178.99017	75.37075	 	1137.02430	779.63037	 	396.42074	277.71377	 
93	 	 	 	 	 	 	 	 	 	 	 	 	 	 	 	 	 	 	1142.40642	791.18984	 	181.86868	122.45562	 	952.48577	116.40351	 	1180.51747	72.66892	 	1137.94483	778.74891	 	395.29495	276.80678	 
94	 	 	 	 	 	 	 	 	 	 	 	 	 	 	 	 	 	 	1145.33294	787.72592	 	183.60958	121.89552	 	951.42453	120.13579	 	1183.02728	74.14748	 	1134.90890	779.78717	 	394.11859	272.85630	 
95	 	 	 	 	 	 	 	 	 	 	 	 	 	 	 	 	 	 	1144.94831	787.11055	 	183.49071	120.30148	 	952.66984	120.79693	 	1182.03838	75.04871	 	1134.42658	779.69416	 	394.04710	271.32967	 
96	 	 	 	 	 	 	 	 	 	 	 	 	 	 	 	1182.50000	60.00974	*	1148.50767	783.08177	 	185.31981	119.10899	 	952.69465	117.23980	 	1183.23612	75.43448	 	1134.07089	782.65881	 	396.20988	271.39275	 
97	 	 	 	 	 	 	 	 	 	 	 	 	 	 	 	1182.49837	60.00651	 	1148.16309	782.70672	 	186.83286	117.48761	 	950.48941	116.31532	 	1183.34568	75.16554	 	1134.18842	785.20351	 	397.39531	275.00980	 
98	 	 	 	 	 	 	 	 	 	 	 	 	 	 	 	1182.40534	61.44660	 	1146.26742	780.25618	 	187.58460	116.28056	 	947.75010	116.40052	 	1186.45933	77.22847	 	1137.26546	789.47673	 	398.02821	274.38018	 
99	 	 	 	 	 	 	 	 	 	 	 	 	 	 	 	1182.33630	61.21158	 	 	 	 	187.51271	115.61573	 	946.57633	115.55004	 	1186.52091	77.22093	 	1139.31334	789.05037	 	399.48024	274.84986	 
100	 	 	 	 	 	 	 	 	 	 	 	 	 	 	 	1182.27760	60.51104	 	 	 	 	186.89971	114.54950	 	945.96841	113.93430	 	1185.89962	77.37346	 	1136.89137	787.24030	 	401.37275	276.91141	 
101	 	 	 	 	 	 	 	 	 	 	 	 	 	 	 	1182.21341	61.91667	 	1148.81522	782.27174	*	187.19848	115.01454	 	945.48233	113.32509	 	1186.60179	78.12496	 	1135.31557	785.94816	 	401.29194	275.67351	 
102	 	 	 	 	 	 	 	 	 	 	 	 	 	 	 	1182.15762	60.95090	 	1145.30833	779.60833	 	185.21320	113.89534	 	943.94523	112.67034	 	1187.92234	76.05911	 	1137.99981	790.33839	 	402.76597	275.13626	 
103	 	 	 	 	 	 	 	 	 	 	 	 	 	 	 	1182.33186	61.19469	 	 	 	 	182.48387	112.41834	 	944.88375	112.21380	 	1186.41568	77.73148	 	1137.61573	789.14315	 	403.80999	271.84084	 
104	 	 	 	 	 	 	 	 	 	 	 	 	 	 	 	1182.34802	61.24229	 	 	 	 	182.05768	113.44461	 	944.08316	110.13565	 	1185.98409	78.21318	 	1137.36430	789.16922	 	403.26484	272.84170	 
105	 	 	 	 	 	 	 	 	 	 	 	 	 	 	 	1181.69885	62.29133	 	 	 	 	180.92074	112.65105	 	942.33611	108.89777	 	1187.00592	78.22498	 	1139.59281	788.45708	 	403.09627	273.93789	 
106	 	 	 	 	 	 	 	 	 	 	 	 	 	 	 	1182.07648	62.21033	 	1145.92113	779.79437	*	179.93299	113.68693	 	943.00978	109.76386	 	1189.39531	78.51153	 	1138.51570	789.99117	 	 	 	 
107	 	 	 	 	 	 	 	 	 	 	 	 	 	 	 	1181.93983	62.59751	 	1137.40583	779.16337	 	177.17502	113.42627	 	942.69274	110.50146	 	1188.75454	81.02820	 	1144.50489	790.33071	 	403.64513	277.47416	*
108	 	 	 	 	 	 	 	 	 	 	 	 	 	 	 	1181.92379	62.92751	 	1138.78050	779.83981	 	177.65690	111.80616	 	944.73750	107.98722	 	1190.04331	79.73989	 	1146.50377	790.70907	 	 	 	 
109	 	 	 	 	 	 	 	 	 	 	 	 	 	 	 	1181.96744	62.53488	 	1139.21262	780.41465	 	176.47593	109.73312	 	943.52810	108.56363	 	1188.31495	81.96521	 	1146.47687	791.37196	 	403.39344	275.64691	*
110	 	 	 	 	 	 	 	 	 	 	 	 	 	 	 	1181.93657	62.92351	 	1134.87673	779.24792	 	176.45713	111.12005	 	941.24440	106.88521	 	1186.25931	81.60646	 	1144.18574	789.04022	 	403.00702	275.01404	 
111	 	 	 	 	 	 	 	 	 	 	 	 	 	 	 	 	 	 	1134.54698	779.71950	 	174.79665	111.62864	 	940.23015	106.12706	 	1186.34812	82.77719	 	1146.17178	788.16462	 	 	 	 
112	 	 	 	 	 	 	 	 	 	 	 	 	 	 	 	 	 	 	1132.40203	780.38176	 	175.40862	110.42168	 	938.82524	104.93778	 	1187.23937	83.39286	 	1145.28578	781.45574	 	 	 	 
113	 	 	 	 	 	 	 	 	 	 	 	 	 	 	 	 	 	 	1133.66575	780.41989	 	175.30198	111.70438	 	939.99479	104.97792	 	1188.84195	82.88220	 	1146.89601	782.37932	 	403.78842	275.29437	*
114	 	 	 	 	 	 	 	 	 	 	 	 	 	 	 	 	 	 	 	 	 	177.44203	114.02389	 	940.29487	104.65982	 	1188.91879	81.90181	 	1145.07899	783.90846	 	403.00626	274.45558	 
115	 	 	 	 	 	 	 	 	 	 	 	 	 	 	 	 	 	 	 	 	 	178.40934	112.19555	 	938.37826	105.10056	 	1189.54288	79.84101	 	1146.63047	783.24230	 	401.46890	273.16388	 
116	 	 	 	 	 	 	 	 	 	 	 	 	 	 	 	 	 	 	 	 	 	178.71415	113.16200	 	939.36546	106.38900	 	1191.71691	81.17185	 	1148.67627	783.73861	 	398.25816	270.03205	 
117	 	 	 	 	 	 	 	 	 	 	 	 	 	 	 	 	 	 	 	 	 	176.65120	111.71758	 	939.44996	104.90155	 	1189.93919	82.14021	 	1148.30776	783.41206	 	398.66506	270.32890	 
118	 	 	 	 	 	 	 	 	 	 	 	 	 	 	 	 	 	 	 	 	 	176.04395	113.33317	 	941.21203	103.88280	 	1190.70327	82.44091	 	1146.64737	787.05721	 	395.37858	270.64219	 
119	 	 	 	 	 	 	 	 	 	 	 	 	 	 	 	 	 	 	 	 	 	177.03436	113.82312	 	944.58522	103.83284	 	1187.51997	82.50882	 	1145.08265	786.40197	 	396.02176	271.25518	 
120	 	 	 	 	 	 	 	 	 	 	 	 	 	 	 	 	 	 	 	 	 	175.63280	111.80912	 	945.44377	107.17488	 	1186.83092	81.52072	 	1141.69140	789.73100	 	396.37133	270.84492	 

Track 	Length	Distance traveled	Nr of Frames
1	25.61135	5.38631	26
2	15.25420	3.24033	26
3	84.39575	13.23098	38
4	8.77240	4.57348	12
5	136.45601	25.05908	63
6	155.79943	8.55901	105
7	79.66655	11.72258	35
8	261.26005	16.79979	120
9	254.54421	32.61334	120
10	145.21994	7.14057	78
11	144.32634	5.99798	57
12	73.20937	7.98128	36
