Frame	X1	Y1	Flag1	X2	Y2	Flag2	X3	Y3	Flag3	X4	Y4	Flag4	X5	Y5	Flag5	X6	Y6	Flag6
Tracks 1 to 6
1	688.50699	485.84990	 	594.00000	157.50000	 	160.50000	837.00000	 	 	 	 	 	 	 	 	 	 
2	689.50014	485.31432	 	594.00000	157.50000	 	160.50000	835.50000	 	 	 	 	 	 	 	 	 	 
3	690.54581	484.35220	 	594.00000	156.00000	 	160.50000	835.50000	 	715.33186	591.04645	 	 	 	 	 	 	 
4	690.77942	483.98890	 	594.00000	157.50000	 	160.50000	835.50000	 	715.37270	591.12483	 	 	 	 	 	 	 
5	690.61076	478.14135	 	594.00000	157.50000	 	159.00000	835.50000	 	713.38031	594.68353	 	 	 	 	 	 	 
6	688.64907	482.19939	 	592.50000	157.50000	 	159.00000	835.50000	 	712.92901	596.78227	 	 	 	 	 	 	 
7	690.50407	479.52560	 	592.50000	157.50000	 	157.50000	837.00000	 	712.82039	597.43708	 	 	 	 	 	 	 
8	691.02715	476.32146	 	592.50000	156.00000	 	157.50000	835.50000	 	713.09069	597.27249	 	 	 	 	 	 	 
9	689.74169	477.63607	 	594.00000	157.50000	 	159.00000	837.00000	 	713.40678	595.94586	 	 	 	 	 	 	 
10	688.79693	480.76981	 	594.00000	156.00000	 	157.50000	837.00000	 	713.89197	594.65433	 	 	 	 	 	 	 
11	688.57049	481.66621	 	594.00000	157.50000	 	157.50000	835.50000	 	713.57713	595.22386	 	 	 	 	 	 	 
12	687.88199	483.03175	 	592.50000	157.50000	 	157.50000	835.50000	 	713.43572	596.58350	 	 	 	 	 	 	 
13	686.15168	482.29732	 	591.00000	159.00000	 	156.00000	835.50000	 	713.72165	595.69305	 	 	 	 	 	 	 
14	686.89207	482.52111	 	591.00000	160.50000	 	154.50000	834.00000	 	714.22424	593.63896	 	 	 	 	 	 	 
15	685.64928	483.07540	 	589.50000	160.50000	 	154.50000	834.00000	 	714.45506	593.21425	 	 	 	 	 	 	 
16	686.15133	478.31619	 	588.00000	160.50000	 	154.50000	835.50000	 	713.86862	594.73313	 	 	 	 	 	 	 
17	684.94031	472.05274	 	588.00000	162.00000	 	154.50000	835.50000	 	714.53150	593.59688	 	 	 	 	 	 	 
18	683.58176	472.31772	 	586.50000	162.00000	 	153.00000	837.00000	 	 	 	 	 	 	 	 	 	 
19	684.43610	469.77904	 	588.00000	163.50000	 	153.00000	834.00000	 	714.26834	593.40949	*	 	 	 	 	 	 
20	683.64123	469.96572	 	588.00000	163.50000	 	153.00000	838.50000	 	 	 	 	 	 	 	 	 	 
21	684.65104	472.30791	 	589.50000	162.00000	 	153.00000	834.00000	 	714.55939	592.88302	*	 	 	 	 	 	 
22	683.52889	471.81415	 	589.50000	162.00000	 	153.00000	832.50000	 	714.21432	592.47529	 	 	 	 	 	 	 
23	682.38848	472.26810	 	591.00000	162.00000	 	154.50000	832.50000	 	713.65423	593.57464	 	 	 	 	 	 	 
24	683.80446	470.22551	 	591.00000	162.00000	 	156.00000	832.50000	 	713.28392	594.82533	 	 	 	 	 	 	 
25	683.69800	468.69728	 	591.00000	162.00000	 	153.00000	837.00000	 	713.37146	595.16847	 	 	 	 	 	 	 
26	684.24662	472.88965	 	591.00000	162.00000	 	154.50000	832.50000	 	714.10617	593.28429	 	 	 	 	 	 	 
27	683.51000	471.69495	 	591.00000	160.50000	 	154.50000	832.50000	 	713.18461	596.24055	 	 	 	 	 	 	 
28	679.10530	467.59321	 	591.00000	159.00000	 	154.50000	834.00000	 	713.10501	597.14194	 	 	 	 	 	 	 
29	681.98933	471.79015	 	589.50000	160.50000	 	154.50000	832.50000	 	713.34805	597.19854	 	 	 	 	 	 	 
30	683.23641	468.52179	 	591.00000	160.50000	 	154.50000	832.50000	 	713.51720	597.34771	 	 	 	 	 	 	 
31	684.42324	468.74691	 	591.00000	162.00000	 	154.50000	834.00000	 	714.24192	596.87603	 	 	 	 	 	 	 
32	682.95916	469.49060	 	591.00000	162.00000	 	153.00000	837.00000	 	714.00284	597.33500	 	 	 	 	 	 	 
33	680.67137	462.77880	 	589.50000	160.50000	 	154.50000	837.00000	 	713.85115	597.80629	 	 	 	 	 	 	 
34	680.06995	463.68410	 	589.50000	162.00000	 	156.00000	837.00000	 	723.00000	598.50000	 	 	 	 	 	 	 
35	673.41546	466.75570	 	589.50000	163.50000	 	156.00000	838.50000	 	713.54397	596.65369	 	 	 	 	 	 	 
36	673.59000	466.06662	 	588.00000	162.00000	 	156.00000	838.50000	 	723.00000	598.50000	 	 	 	 	 	 	 
37	 	 	 	588.00000	162.00000	 	156.00000	837.00000	 	713.99412	599.32281	 	 	 	 	 	 	 
38	 	 	 	588.00000	162.00000	 	156.00000	837.00000	 	713.53495	597.72631	 	 	 	 	 	 	 
39	677.13345	464.01340	*	589.50000	159.00000	 	156.00000	837.00000	 	723.00000	598.50000	 	 	 	 	 	 	 
40	676.90128	468.85079	 	589.50000	160.50000	 	156.00000	837.00000	 	713.12670	599.22735	 	 	 	 	 	 	 
41	676.03624	466.47418	 	591.00000	159.00000	 	156.00000	837.00000	 	723.00000	598.50000	 	 	 	 	 	 	 
42	672.83278	467.64438	 	592.50000	157.50000	 	156.00000	837.00000	 	721.50000	598.50000	 	 	 	 	 	 	 
43	672.21212	467.83538	 	592.50000	159.00000	 	156.00000	838.50000	 	713.45254	599.42312	 	 	 	 	 	 	 
44	676.70129	466.34332	 	591.00000	157.50000	 	156.00000	838.50000	 	712.99796	599.67142	 	 	 	 	 	 	 
45	676.92052	465.41642	 	591.00000	157.50000	 	156.00000	837.00000	 	712.44540	597.96449	 	 	 	 	 	 	 
46	680.68592	466.81500	 	589.50000	157.50000	 	156.00000	837.00000	 	712.70469	598.23789	 	 	 	 	 	 	 
47	683.65102	469.95314	 	591.00000	157.50000	 	156.00000	837.00000	 	 	 	 	 	 	 	 	 	 
48	683.03937	465.23624	 	591.00000	156.00000	 	154.50000	838.50000	 	 	 	 	 	 	 	 	 	 
49	684.77996	468.71900	 	591.00000	156.00000	 	154.50000	838.50000	 	712.66779	596.80943	*	 	 	 	 	 	 
50	686.95416	473.74500	 	589.50000	157.50000	 	154.50000	838.50000	 	712.59385	598.43119	 	 	 	 	 	 	 
51	688.29812	474.68080	 	588.00000	156.00000	 	154.50000	838.50000	 	 	 	 	 	 	 	 	 	 
52	688.43320	472.88675	 	586.50000	156.00000	 	156.00000	840.00000	 	 	 	 	 	 	 	 	 	 
53	687.71904	474.24634	 	585.00000	156.00000	 	156.00000	841.50000	 	713.37013	600.63339	*	 	 	 	 	 	 
54	687.62838	473.61415	 	586.50000	157.50000	 	154.50000	841.50000	 	 	 	 	 	 	 	 	 	 
55	685.64207	475.49443	 	586.50000	157.50000	 	156.00000	841.50000	 	 	 	 	 	 	 	 	 	 
56	687.63968	479.41600	 	585.00000	156.00000	 	154.50000	841.50000	 	714.01581	602.88185	*	 	 	 	 	 	 
57	686.20891	483.60565	 	585.00000	156.00000	 	153.00000	843.00000	 	714.13068	602.80419	 	 	 	 	 	 	 
58	686.29064	476.98584	 	583.50000	154.50000	 	154.50000	840.00000	 	714.45262	603.84766	 	 	 	 	 	 	 
59	684.02831	477.45375	 	583.50000	154.50000	 	154.50000	838.50000	 	715.31709	604.50307	 	 	 	 	 	 	 
60	682.83832	475.73171	 	583.50000	156.00000	 	153.00000	840.00000	 	715.16203	604.72032	 	 	 	 	 	 	 
61	682.37751	470.67162	 	583.50000	153.00000	 	154.50000	840.00000	 	721.50000	598.50000	 	 	 	 	 	 	 
62	683.23897	478.79136	 	583.50000	154.50000	 	153.00000	840.00000	 	715.11718	604.96163	 	 	 	 	 	 	 
63	682.00517	483.44398	 	585.00000	154.50000	 	154.50000	840.00000	 	715.65234	605.77205	 	 	 	 	 	 	 
64	676.54395	483.29580	 	585.00000	154.50000	 	151.50000	838.50000	 	715.60951	605.56620	 	 	 	 	 	 	 
65	679.52211	479.39556	 	585.00000	153.00000	 	151.50000	838.50000	 	715.17342	605.30735	 	 	 	 	 	 	 
66	688.22022	475.03858	 	585.00000	151.50000	 	151.50000	838.50000	 	715.80620	605.56473	 	 	 	 	 	 	 
67	689.09449	472.08869	 	585.00000	151.50000	 	151.50000	837.00000	 	717.03274	606.35576	 	 	 	 	 	 	 
68	685.91565	469.17745	 	582.00000	150.00000	 	153.00000	838.50000	 	715.33704	605.02149	 	 	 	 	 	 	 
69	686.75645	469.16235	 	583.50000	148.50000	 	153.00000	838.50000	 	715.54172	605.33290	 	 	 	 	 	 	 
70	685.01548	471.30954	 	583.50000	150.00000	 	153.00000	838.50000	 	715.61738	606.05022	 	 	 	 	 	 	 
71	683.46209	471.39013	 	585.00000	151.50000	 	154.50000	840.00000	 	716.00392	606.97481	 	 	 	 	 	 	 
72	683.59421	469.93232	 	586.50000	151.50000	 	154.50000	838.50000	 	720.72407	608.25331	 	 	 	 	 	 	 
73	683.88907	473.39078	 	585.00000	151.50000	 	154.50000	840.00000	 	 	 	 	726.00000	594.00000	 	 	 	 
74	683.62042	476.47745	 	585.00000	151.50000	 	156.00000	843.00000	 	720.57907	608.25384	*	 	 	 	 	 	 
75	682.57923	472.76221	 	585.00000	148.50000	 	156.00000	841.50000	 	722.71978	608.21105	 	 	 	 	 	 	 
76	682.33937	480.07941	 	586.50000	151.50000	 	156.00000	841.50000	 	 	 	 	724.69928	590.81309	*	 	 	 
77	682.43577	480.36940	 	586.50000	151.50000	 	156.00000	844.50000	 	 	 	 	723.00000	594.00000	 	 	 	 
78	683.55387	479.90893	 	586.50000	153.00000	 	154.50000	844.50000	 	727.60155	607.72944	*	 	 	 	 	 	 
79	680.48217	485.00386	 	586.50000	154.50000	 	154.50000	846.00000	 	 	 	 	722.90028	591.15110	*	 	 	 
80	681.33454	485.56610	 	586.50000	153.00000	 	156.00000	844.50000	 	 	 	 	723.38052	591.49291	 	 	 	 
81	680.27252	486.02964	 	586.50000	154.50000	 	154.50000	843.00000	 	 	 	 	724.50000	594.00000	 	 	 	 
82	680.91188	485.28509	 	586.50000	154.50000	 	153.00000	846.00000	 	 	 	 	724.44888	591.69358	 	 	 	 
83	680.45468	484.52481	 	586.50000	153.00000	 	153.00000	844.50000	 	 	 	 	726.00000	594.00000	 	 	 	 
84	680.18741	484.15072	 	588.00000	153.00000	 	151.50000	843.00000	 	 	 	 	725.87785	591.94485	 	 	 	 
85	678.63124	483.16431	 	586.50000	153.00000	 	153.00000	843.00000	 	 	 	 	724.85969	592.85969	 	 	 	 
86	681.46989	479.00935	 	588.00000	153.00000	 	151.50000	841.50000	 	 	 	 	724.39779	591.62143	 	 	 	 
87	677.78653	482.66184	 	588.00000	154.50000	 	151.50000	843.00000	 	 	 	 	722.90775	593.29866	 	 	 	 
88	677.08661	482.24665	 	588.00000	154.50000	 	151.50000	844.50000	 	 	 	 	723.64722	593.67623	 	 	 	 
89	677.50987	480.98946	 	588.00000	154.50000	 	151.50000	843.00000	 	 	 	 	726.00000	595.50000	 	 	 	 
90	677.46233	481.57706	 	588.00000	154.50000	 	151.50000	844.50000	 	 	 	 	724.45451	593.91840	 	 	 	 
91	677.43015	481.01716	 	586.50000	156.00000	 	153.00000	846.00000	 	 	 	 	724.57698	593.89286	 	 	 	 
92	678.33778	478.84336	 	586.50000	154.50000	 	154.50000	844.50000	 	 	 	 	723.10615	594.02011	 	 	 	 
93	676.23545	480.69015	 	586.50000	156.00000	 	154.50000	844.50000	 	 	 	 	 	 	 	 	 	 
94	678.43484	475.77326	 	585.00000	156.00000	 	154.50000	844.50000	 	 	 	 	 	 	 	 	 	 
95	678.82980	481.39555	 	585.00000	157.50000	 	156.00000	846.00000	 	 	 	 	721.96406	600.49310	*	 	 	 
96	681.27105	472.80484	 	585.00000	154.50000	 	157.50000	844.50000	 	 	 	 	726.00000	597.00000	 	 	 	 
97	682.30969	469.83808	 	583.50000	153.00000	 	157.50000	841.50000	 	 	 	 	723.74145	593.68707	 	 	 	 
98	681.92574	479.69540	 	583.50000	156.00000	 	159.00000	846.00000	 	 	 	 	721.58195	599.41412	 	 	 	 
99	677.10258	481.69680	 	582.00000	156.00000	 	157.50000	847.50000	 	 	 	 	721.05496	600.73872	 	 	 	 
100	680.02425	470.62106	 	582.00000	150.00000	 	157.50000	844.50000	 	 	 	 	726.00000	594.00000	 	 	 	 
101	678.95255	471.87778	 	582.00000	156.00000	 	157.50000	847.50000	 	 	 	 	726.00000	597.00000	 	 	 	 
102	681.73870	476.75307	 	583.50000	157.50000	 	157.50000	850.50000	 	 	 	 	724.50000	600.00000	 	 	 	 
103	681.13109	469.20700	 	583.50000	153.00000	 	157.50000	847.50000	 	 	 	 	726.00000	595.50000	 	 	 	 
104	680.58600	470.05466	 	583.50000	154.50000	 	156.00000	849.00000	 	 	 	 	726.00000	597.00000	 	 	 	 
105	678.77927	475.73856	 	583.50000	156.00000	 	156.00000	850.50000	 	 	 	 	722.33288	599.70180	 	 	 	 
106	682.57514	474.57061	 	585.00000	154.50000	 	154.50000	847.50000	 	 	 	 	723.11095	595.26331	 	 	 	 
107	682.31047	473.79026	 	585.00000	154.50000	 	151.50000	847.50000	 	 	 	 	722.97011	593.63759	 	 	 	 
108	681.99778	481.67387	 	583.50000	156.00000	 	151.50000	847.50000	 	 	 	 	722.99333	595.30267	 	 	 	 
109	685.78593	481.67271	 	582.00000	153.00000	 	151.50000	847.50000	 	 	 	 	726.00000	595.50000	 	 	 	 
110	684.84106	482.44754	 	582.00000	151.50000	 	151.50000	844.50000	 	 	 	 	727.65155	593.25842	 	 	 	 
111	681.84750	483.14030	 	582.00000	154.50000	 	151.50000	846.00000	 	 	 	 	726.00000	597.00000	 	 	 	 
112	682.69356	481.51854	 	580.50000	154.50000	 	151.50000	846.00000	 	 	 	 	726.00000	598.50000	 	 	 	 
113	684.09145	478.36505	 	582.00000	153.00000	 	151.50000	844.50000	 	 	 	 	727.50000	597.00000	 	 	 	 
114	682.32272	479.51917	 	582.00000	153.00000	 	154.50000	846.00000	 	 	 	 	727.50000	598.50000	 	 	 	 
115	682.55999	481.23830	 	582.00000	153.00000	 	154.50000	846.00000	 	 	 	 	726.00000	600.00000	 	 	 	 
116	682.55309	480.51301	 	582.00000	151.50000	 	153.00000	843.00000	 	 	 	 	726.00000	597.00000	 	 	 	 
117	681.94702	478.35068	 	582.00000	150.00000	 	153.00000	841.50000	 	 	 	 	727.58079	593.56276	 	 	 	 
118	683.28660	477.40817	 	580.50000	150.00000	 	153.00000	843.00000	 	 	 	 	726.00000	597.00000	 	 	 	 
119	684.90642	478.23436	 	580.50000	148.50000	 	153.00000	841.50000	 	 	 	 	726.00000	595.50000	 	 	 	 
120	686.06305	477.12493	 	580.50000	148.50000	 	153.00000	841.50000	 	 	 	 	724.50000	597.00000	 	 	 	 
121	684.73732	481.67697	 	579.00000	147.00000	 	154.50000	843.00000	 	 	 	 	 	 	 	 	 	 
122	683.88760	479.21489	 	580.50000	145.50000	 	154.50000	843.00000	 	 	 	 	724.50000	597.00000	*	 	 	 
123	676.67048	479.46189	 	580.50000	145.50000	 	153.00000	843.00000	 	 	 	 	721.65802	594.48379	 	 	 	 
124	676.01328	484.37795	 	580.50000	147.00000	 	153.00000	844.50000	 	 	 	 	724.50000	597.00000	 	 	 	 
125	678.88145	477.39979	 	580.50000	145.50000	 	153.00000	843.00000	 	 	 	 	722.07462	592.08608	 	 	 	 
126	678.85598	472.84356	 	580.50000	145.50000	 	154.50000	843.00000	 	 	 	 	722.38920	593.68248	 	 	 	 
127	 	 	 	580.50000	145.50000	 	156.00000	844.50000	 	 	 	 	721.52976	594.92206	 	 	 	 
128	679.68572	477.75437	*	582.00000	147.00000	 	157.50000	844.50000	 	 	 	 	724.50000	597.00000	 	 	 	 
129	 	 	 	582.00000	145.50000	 	156.00000	843.00000	 	 	 	 	720.95885	594.39346	 	 	 	 
130	 	 	 	582.00000	147.00000	 	156.00000	843.00000	 	 	 	 	720.31358	594.56376	 	 	 	 
131	687.86027	475.39162	*	583.50000	147.00000	 	156.00000	843.00000	 	 	 	 	719.39812	594.37574	 	 	 	 
132	687.40485	472.60593	 	583.50000	145.50000	 	154.50000	843.00000	 	 	 	 	718.64788	594.47614	 	 	 	 
133	 	 	 	582.00000	145.50000	 	154.50000	841.50000	 	 	 	 	718.21318	594.45856	 	 	 	 
134	 	 	 	582.00000	147.00000	 	153.00000	841.50000	 	 	 	 	718.62146	595.17788	 	 	 	 
135	 	 	 	582.00000	148.50000	 	154.50000	841.50000	 	 	 	 	 	 	 	 	 	 
136	 	 	 	582.00000	148.50000	 	153.00000	840.00000	 	 	 	 	719.44706	593.99754	*	 	 	 
137	 	 	 	580.50000	148.50000	 	153.00000	840.00000	 	 	 	 	720.14262	593.24822	 	 	 	 
138	 	 	 	582.00000	147.00000	 	153.00000	838.50000	 	 	 	 	720.00685	593.47319	 	 	 	 
139	 	 	 	583.50000	145.50000	 	151.50000	840.00000	 	 	 	 	721.05199	593.53270	 	 	 	 
140	 	 	 	583.50000	145.50000	 	151.50000	840.00000	 	 	 	 	720.17528	594.07881	 	 	 	 
141	677.36700	462.23083	 	582.00000	144.00000	 	153.00000	840.00000	 	 	 	 	719.44354	595.27154	 	 	 	 
142	678.23265	461.27992	 	580.50000	144.00000	 	151.50000	840.00000	 	 	 	 	720.52072	594.40193	 	 	 	 
143	677.22338	462.47398	 	580.50000	144.00000	 	151.50000	840.00000	 	 	 	 	720.19059	595.58515	 	 	 	 
144	676.56144	462.74640	 	580.50000	145.50000	 	151.50000	841.50000	 	 	 	 	 	 	 	 	 	 
145	678.66990	462.97940	 	580.50000	144.00000	 	151.50000	840.00000	 	 	 	 	 	 	 	 	 	 
146	683.78239	467.99762	 	579.00000	144.00000	 	151.50000	841.50000	 	 	 	 	 	 	 	 	 	 
147	676.89734	468.09430	 	577.50000	144.00000	 	151.50000	841.50000	 	 	 	 	723.00000	600.00000	*	 	 	 
148	681.55806	467.24554	 	577.50000	144.00000	 	151.50000	843.00000	 	 	 	 	721.56988	599.88235	 	 	 	 
149	682.62492	469.70103	 	576.00000	144.00000	 	151.50000	841.50000	 	 	 	 	720.62868	599.76523	 	 	 	 
150	679.28437	468.03285	 	577.50000	144.00000	 	151.50000	841.50000	 	 	 	 	720.46430	599.32004	 	 	 	 
151	682.79910	467.91980	 	576.00000	144.00000	 	150.00000	841.50000	 	 	 	 	723.00000	600.00000	 	 	 	 
152	680.82344	465.04307	 	574.50000	141.00000	 	150.00000	843.00000	 	 	 	 	720.32801	600.57863	 	 	 	 
153	679.69264	462.98458	 	574.50000	141.00000	 	150.00000	843.00000	 	 	 	 	722.02355	603.39840	 	 	 	 
154	678.02392	462.38302	 	574.50000	142.50000	 	151.50000	844.50000	 	 	 	 	721.30260	602.31775	 	 	 	 
155	676.36869	461.98651	 	573.00000	142.50000	 	150.00000	844.50000	 	 	 	 	720.19569	602.09172	 	 	 	 
156	675.33956	463.68836	 	573.00000	142.50000	 	150.00000	844.50000	 	 	 	 	721.56594	600.87072	 	 	 	 
157	674.25761	465.95640	 	574.50000	141.00000	 	148.50000	844.50000	 	 	 	 	 	 	 	 	 	 
158	673.31947	466.43972	 	574.50000	141.00000	 	148.50000	843.00000	 	 	 	 	722.03997	599.59571	*	 	 	 
159	675.11453	466.11077	 	576.00000	141.00000	 	147.00000	844.50000	 	 	 	 	 	 	 	 	 	 
160	675.08135	467.21401	 	574.50000	139.50000	 	148.50000	843.00000	 	 	 	 	720.63577	599.58640	*	 	 	 
161	671.94480	465.96604	 	573.00000	139.50000	 	148.50000	843.00000	 	 	 	 	 	 	 	 	 	 
162	671.55505	469.02808	 	571.50000	139.50000	 	148.50000	843.00000	 	 	 	 	720.05813	600.54837	*	 	 	 
163	669.92227	471.37991	 	571.50000	139.50000	 	148.50000	843.00000	 	 	 	 	720.21602	601.44782	 	 	 	 
164	671.52293	467.50464	 	571.50000	139.50000	 	148.50000	843.00000	 	 	 	 	719.96016	601.33047	 	 	 	 
165	672.55491	465.46029	 	571.50000	139.50000	 	148.50000	843.00000	 	 	 	 	719.47433	601.34908	 	 	 	 
166	668.63467	467.13829	 	571.50000	139.50000	 	148.50000	841.50000	 	 	 	 	 	 	 	 	 	 
167	669.68009	464.98326	 	571.50000	141.00000	 	148.50000	841.50000	 	 	 	 	 	 	 	 	 	 
168	671.94968	462.68743	 	573.00000	141.00000	 	150.00000	841.50000	 	 	 	 	 	 	 	 	 	 
169	670.80425	464.46682	 	573.00000	142.50000	 	147.00000	840.00000	 	 	 	 	 	 	 	 	 	 
170	670.85325	464.02986	 	571.50000	141.00000	 	150.00000	840.00000	 	 	 	 	 	 	 	 	 	 
171	669.32240	464.06458	 	571.50000	139.50000	 	150.00000	841.50000	 	 	 	 	 	 	 	 	 	 
172	668.28151	465.32049	 	571.50000	139.50000	 	148.50000	843.00000	 	 	 	 	 	 	 	 	 	 
173	667.67125	466.39293	 	571.50000	139.50000	 	148.50000	841.50000	 	 	 	 	 	 	 	 	 	 
174	665.85369	468.35918	 	571.50000	139.50000	 	148.50000	840.00000	 	 	 	 	 	 	 	 	 	 
175	 	 	 	571.50000	141.00000	 	148.50000	840.00000	 	 	 	 	 	 	 	 	 	 
176	665.11123	474.44590	*	573.00000	142.50000	 	150.00000	838.50000	 	 	 	 	 	 	 	 	 	 
177	665.09320	475.74151	 	573.00000	141.00000	 	148.50000	838.50000	 	 	 	 	 	 	 	 	 	 
178	665.14780	477.57768	 	573.00000	139.50000	 	150.00000	840.00000	 	 	 	 	 	 	 	 	 	 
179	664.56641	476.90216	 	573.00000	141.00000	 	147.00000	840.00000	 	 	 	 	 	 	 	 	 	 
180	664.46835	474.26950	 	571.50000	141.00000	 	147.00000	840.00000	 	 	 	 	 	 	 	 	 	 
181	664.06059	475.01158	 	571.50000	141.00000	 	147.00000	840.00000	 	 	 	 	 	 	 	 	 	 
182	664.74514	473.09825	 	571.50000	141.00000	 	147.00000	840.00000	 	 	 	 	 	 	 	 	 	 
183	665.79159	473.04297	 	571.50000	141.00000	 	147.00000	840.00000	 	 	 	 	 	 	 	 	 	 
184	665.54336	468.49075	 	573.00000	142.50000	 	144.00000	841.50000	 	 	 	 	 	 	 	 	 	 
185	664.10731	469.27020	 	573.00000	142.50000	 	145.50000	841.50000	 	 	 	 	 	 	 	 	 	 
186	664.06361	470.17069	 	573.00000	141.00000	 	145.50000	841.50000	 	 	 	 	 	 	 	 	 	 
187	662.94507	471.07402	 	573.00000	141.00000	 	147.00000	841.50000	 	 	 	 	 	 	 	 	 	 
188	661.38956	474.54160	 	573.00000	141.00000	 	148.50000	840.00000	 	 	 	 	 	 	 	 	 	 
189	661.28405	474.97258	 	573.00000	141.00000	 	150.00000	840.00000	 	 	 	 	 	 	 	 	 	 
190	661.84990	474.71271	 	573.00000	141.00000	 	151.50000	840.00000	 	 	 	 	 	 	 	 	 	 
191	661.49481	473.01151	 	573.00000	141.00000	 	148.50000	838.50000	 	 	 	 	 	 	 	 	 	 
192	661.51666	471.45669	 	573.00000	139.50000	 	148.50000	837.00000	 	 	 	 	 	 	 	 	 	 
193	661.30205	471.63742	 	570.00000	138.00000	 	144.00000	835.50000	 	 	 	 	 	 	 	 	 	 
194	660.30535	473.80570	 	571.50000	136.50000	 	142.50000	834.00000	 	 	 	 	 	 	 	 	 	 
195	659.61940	472.84138	 	571.50000	135.00000	 	142.50000	834.00000	 	 	 	 	 	 	 	 	 	 
196	658.93691	472.63253	 	571.50000	135.00000	 	144.00000	834.00000	 	 	 	 	 	 	 	 	 	 
197	658.73872	472.49647	 	571.50000	136.50000	 	142.50000	834.00000	 	 	 	 	 	 	 	 	 	 
198	658.85076	472.33521	 	573.00000	136.50000	 	142.50000	832.50000	 	 	 	 	 	 	 	 	 	 
199	658.67154	470.45365	 	571.50000	135.00000	 	142.50000	832.50000	 	 	 	 	 	 	 	 	 	 
200	659.46175	469.56101	 	571.50000	135.00000	 	142.50000	834.00000	 	 	 	 	 	 	 	 	 	 
201	663.00000	466.50000	 	573.00000	135.00000	 	139.50000	834.00000	 	 	 	 	 	 	 	 	 	 
202	660.28360	466.22187	 	571.50000	135.00000	 	138.00000	832.50000	 	 	 	 	 	 	 	 	 	 
203	663.00000	465.00000	 	570.00000	136.50000	 	141.00000	832.50000	 	 	 	 	 	 	 	 	 	 
204	659.26518	467.07576	 	568.50000	138.00000	 	139.50000	834.00000	 	 	 	 	 	 	 	 	 	 
205	659.40459	467.11870	 	570.00000	138.00000	 	138.00000	832.50000	 	 	 	 	 	 	 	 	 	 
206	663.00000	466.50000	 	570.00000	136.50000	 	138.00000	834.00000	 	 	 	 	 	 	 	 	 	 
207	661.50000	465.00000	 	571.50000	138.00000	 	138.00000	835.50000	 	 	 	 	 	 	 	 	 	 
208	659.44000	466.31524	 	571.50000	138.00000	 	139.50000	834.00000	 	 	 	 	 	 	 	 	 	 
209	659.73904	465.68325	 	571.50000	136.50000	 	138.00000	835.50000	 	 	 	 	 	 	 	 	 	 
210	659.87886	466.50066	 	570.00000	136.50000	 	136.50000	835.50000	 	 	 	 	 	 	 	 	 	 
211	660.71215	466.49234	 	570.00000	138.00000	 	136.50000	837.00000	 	 	 	 	 	 	 	 	 	 
212	659.87097	467.36231	 	570.00000	138.00000	 	135.00000	835.50000	 	 	 	 	 	 	 	 	 	 
213	663.00000	466.50000	 	571.50000	138.00000	 	135.00000	835.50000	 	 	 	 	 	 	 	 	 	 
214	658.90086	466.54530	 	574.50000	139.50000	 	135.00000	835.50000	 	 	 	 	 	 	 	 	 	 
215	658.91030	466.20922	 	574.50000	139.50000	 	135.00000	835.50000	 	 	 	 	 	 	 	 	 	 
216	659.03786	466.61797	 	574.50000	138.00000	 	133.50000	835.50000	 	 	 	 	 	 	 	 	 	 
217	660.00000	466.50000	 	576.00000	138.00000	 	135.00000	837.00000	 	 	 	 	 	 	 	 	 	 
218	660.00000	469.50000	 	576.00000	138.00000	 	133.50000	837.00000	 	 	 	 	 	 	 	 	 	 
219	660.00000	468.00000	 	574.50000	139.50000	 	133.50000	837.00000	 	 	 	 	 	 	 	 	 	 
220	658.50000	471.00000	 	574.50000	138.00000	 	133.50000	835.50000	 	 	 	 	 	 	 	 	 	 
221	658.50000	468.00000	 	576.00000	136.50000	 	133.50000	835.50000	 	 	 	 	 	 	 	729.60970	586.32991	 
222	658.50000	469.50000	 	577.50000	138.00000	 	132.00000	835.50000	 	 	 	 	 	 	 	730.15118	586.69645	 
223	656.64072	469.90456	 	577.50000	139.50000	 	132.00000	835.50000	 	 	 	 	 	 	 	730.98341	586.91457	 
224	655.75032	469.64570	 	577.50000	138.00000	 	133.50000	835.50000	 	 	 	 	 	 	 	732.01685	586.91558	 
225	656.52559	469.78318	 	576.00000	136.50000	 	133.50000	835.50000	 	 	 	 	 	 	 	731.00327	586.72025	 
226	656.33601	469.57122	 	576.00000	136.50000	 	133.50000	834.00000	 	 	 	 	 	 	 	731.34687	586.87579	 
227	657.20370	469.38093	 	574.50000	136.50000	 	135.00000	834.00000	 	 	 	 	 	 	 	 	 	 
228	658.50000	468.00000	 	574.50000	136.50000	 	135.00000	834.00000	 	 	 	 	 	 	 	735.66855	589.33756	*
229	658.50000	471.00000	 	574.50000	136.50000	 	136.50000	834.00000	 	 	 	 	 	 	 	734.96300	589.42470	 
230	655.80182	470.67838	 	577.50000	138.00000	 	135.00000	834.00000	 	 	 	 	 	 	 	734.03651	588.64186	 
231	655.61581	471.66016	 	576.00000	136.50000	 	135.00000	835.50000	 	 	 	 	 	 	 	734.76152	589.60885	 
232	658.50000	469.50000	 	576.00000	136.50000	 	136.50000	834.00000	 	 	 	 	 	 	 	735.47473	589.84097	 
233	658.50000	462.00000	 	576.00000	130.50000	 	138.00000	825.00000	 	 	 	 	 	 	 	733.66888	604.52339	 
234	655.50000	475.50000	 	576.00000	144.00000	 	 	 	 	 	 	 	 	 	 	730.98153	590.53948	 
235	655.17341	474.76275	 	577.50000	141.00000	 	 	 	 	 	 	 	 	 	 	731.03463	589.60058	 
236	658.50000	462.00000	 	577.50000	129.00000	 	138.00000	825.00000	*	 	 	 	 	 	 	718.80460	593.05425	 
237	655.58613	474.21444	 	574.50000	141.00000	 	 	 	 	 	 	 	 	 	 	732.33386	589.24492	 
238	655.77507	471.59405	 	574.50000	139.50000	 	 	 	 	 	 	 	 	 	 	735.36188	589.71913	 
239	658.50000	468.00000	 	574.50000	135.00000	 	139.50000	828.00000	*	 	 	 	 	 	 	737.79865	599.94039	 
240	655.35709	474.67724	 	574.50000	142.50000	 	 	 	 	 	 	 	 	 	 	734.60295	590.36563	 

Track 	Length	Distance traveled	Nr of Frames
1	698.25541	34.98206	226
2	372.89433	24.60183	240
3	347.98608	22.84732	235
4	160.43291	20.70912	65
5	184.27646	9.82819	80
6	93.21667	6.42025	19
