Frame	X1	Y1	Flag1	X2	Y2	Flag2	X3	Y3	Flag3
Tracks 1 to 3
1	919.50000	448.50000	 	202.50000	712.50000	 	838.50000	676.50000	 
2	919.50000	450.00000	 	204.00000	715.50000	 	840.00000	676.50000	 
3	919.50000	450.00000	 	202.50000	712.50000	 	840.00000	675.00000	 
4	919.50000	450.00000	 	204.00000	714.00000	 	840.00000	676.50000	 
5	919.50000	450.00000	 	207.00000	715.50000	 	840.00000	675.00000	 
6	919.50000	450.00000	 	207.00000	715.50000	 	840.00000	675.00000	 
7	918.00000	451.50000	 	207.00000	715.50000	 	840.00000	675.00000	 
8	918.00000	450.00000	 	207.00000	715.50000	 	840.00000	676.50000	 
9	918.00000	450.00000	 	207.00000	715.50000	 	838.50000	676.50000	 
10	918.00000	450.00000	 	204.00000	714.00000	 	840.00000	676.50000	 
11	919.50000	448.50000	 	207.00000	715.50000	 	840.00000	675.00000	 
12	919.50000	447.00000	 	207.00000	715.50000	 	840.00000	675.00000	 
13	918.00000	450.00000	 	208.50000	715.50000	 	840.00000	675.00000	 
14	918.00000	450.00000	 	207.00000	715.50000	 	840.00000	676.50000	 
15	918.00000	450.00000	 	208.50000	717.00000	 	840.00000	676.50000	 
16	918.00000	450.00000	 	208.50000	717.00000	 	838.50000	675.00000	 
17	919.50000	447.00000	 	205.50000	717.00000	 	838.50000	676.50000	 
18	916.50000	450.00000	 	207.00000	718.50000	 	837.00000	678.00000	 
19	918.00000	448.50000	 	205.50000	718.50000	 	838.50000	678.00000	 
20	918.00000	448.50000	 	207.00000	717.00000	 	838.50000	678.00000	 
21	918.00000	448.50000	 	202.50000	714.00000	 	837.00000	678.00000	 
22	918.00000	450.00000	 	204.00000	715.50000	 	837.00000	678.00000	 
23	918.00000	450.00000	 	204.00000	714.00000	 	837.00000	678.00000	 
24	918.00000	448.50000	 	202.50000	714.00000	 	835.50000	678.00000	 
25	918.00000	450.00000	 	202.50000	712.50000	 	835.50000	678.00000	 
26	918.00000	450.00000	 	202.50000	714.00000	 	835.50000	678.00000	 
27	919.50000	447.00000	 	202.50000	712.50000	 	835.50000	678.00000	 
28	918.00000	448.50000	 	202.50000	712.50000	 	837.00000	678.00000	 
29	916.50000	450.00000	 	202.50000	714.00000	 	837.00000	678.00000	 
30	916.50000	450.00000	 	202.50000	712.50000	 	837.00000	678.00000	 
31	916.50000	450.00000	 	202.50000	712.50000	 	837.00000	678.00000	 
32	916.50000	448.50000	 	204.00000	714.00000	 	837.00000	678.00000	 
33	916.50000	448.50000	 	204.00000	714.00000	 	837.00000	678.00000	 
34	916.50000	448.50000	 	202.50000	715.50000	 	835.50000	678.00000	 
35	916.50000	448.50000	 	202.50000	714.00000	 	835.50000	676.50000	 
36	916.50000	448.50000	 	202.50000	712.50000	 	835.50000	676.50000	 
37	916.50000	448.50000	 	204.00000	712.50000	 	835.50000	676.50000	 
38	916.50000	448.50000	 	202.50000	712.50000	 	834.00000	675.00000	 
39	916.50000	448.50000	 	204.00000	714.00000	 	834.00000	675.00000	 
40	918.00000	448.50000	 	202.50000	712.50000	 	835.50000	675.00000	 
41	918.00000	448.50000	 	202.50000	711.00000	 	835.50000	673.50000	 
42	918.00000	450.00000	 	202.50000	712.50000	 	834.00000	675.00000	 
43	918.00000	450.00000	 	202.50000	712.50000	 	834.00000	675.00000	 
44	918.00000	448.50000	 	202.50000	712.50000	 	834.00000	673.50000	 
45	918.00000	448.50000	 	202.50000	712.50000	 	835.50000	675.00000	 
46	918.00000	448.50000	 	202.50000	712.50000	 	835.50000	675.00000	 
47	918.00000	448.50000	 	202.50000	714.00000	 	835.50000	673.50000	 
48	918.00000	448.50000	 	202.50000	714.00000	 	835.50000	673.50000	 
49	916.50000	448.50000	 	202.50000	714.00000	 	834.00000	673.50000	 
50	918.00000	448.50000	 	202.50000	712.50000	 	834.00000	675.00000	 
51	918.00000	448.50000	 	202.50000	712.50000	 	834.00000	675.00000	 
52	918.00000	448.50000	 	204.00000	714.00000	 	835.50000	676.50000	 
53	918.00000	448.50000	 	202.50000	712.50000	 	834.00000	676.50000	 
54	918.00000	448.50000	 	202.50000	714.00000	 	834.00000	675.00000	 
55	919.50000	447.00000	 	207.00000	714.00000	 	834.00000	676.50000	 
56	919.50000	447.00000	 	204.00000	712.50000	 	832.50000	676.50000	 
57	919.50000	447.00000	 	202.50000	711.00000	 	832.50000	676.50000	 
58	919.50000	447.00000	 	202.50000	712.50000	 	831.00000	676.50000	 
59	919.50000	445.50000	 	202.50000	712.50000	 	832.50000	676.50000	 
60	921.00000	445.50000	 	202.50000	712.50000	 	832.50000	676.50000	 
61	921.00000	445.50000	 	202.50000	712.50000	 	831.00000	675.00000	 
62	921.00000	445.50000	 	202.50000	712.50000	 	832.50000	675.00000	 
63	921.00000	445.50000	 	202.50000	714.00000	 	831.00000	675.00000	 
64	921.00000	445.50000	 	202.50000	712.50000	 	832.50000	675.00000	 
65	921.00000	445.50000	 	202.50000	714.00000	 	832.50000	675.00000	 
66	921.00000	447.00000	 	202.50000	714.00000	 	832.50000	675.00000	 
67	921.00000	447.00000	 	202.50000	714.00000	 	832.50000	676.50000	 
68	919.50000	447.00000	 	204.00000	714.00000	 	832.50000	676.50000	 
69	921.00000	445.50000	 	204.00000	714.00000	 	831.00000	675.00000	 
70	919.50000	445.50000	 	204.00000	714.00000	 	832.50000	673.50000	 
71	921.00000	445.50000	 	204.00000	715.50000	 	832.50000	675.00000	 
72	921.00000	445.50000	 	204.00000	715.50000	 	832.50000	675.00000	 
73	921.00000	447.00000	 	204.00000	715.50000	 	832.50000	673.50000	 
74	921.00000	445.50000	 	204.00000	715.50000	 	831.00000	673.50000	 
75	921.00000	445.50000	 	204.00000	715.50000	 	832.50000	673.50000	 
76	921.00000	445.50000	 	204.00000	715.50000	 	831.00000	672.00000	 
77	921.00000	445.50000	 	202.50000	714.00000	 	832.50000	673.50000	 
78	921.00000	445.50000	 	204.00000	715.50000	 	834.00000	673.50000	 
79	921.00000	444.00000	 	204.00000	715.50000	 	832.50000	673.50000	 
80	921.00000	444.00000	 	204.00000	715.50000	 	831.00000	673.50000	 
81	921.00000	444.00000	 	204.00000	717.00000	 	832.50000	675.00000	 
82	921.00000	445.50000	 	204.00000	715.50000	 	831.00000	673.50000	 
83	922.50000	445.50000	 	204.00000	715.50000	 	831.00000	672.00000	 
84	921.00000	445.50000	 	204.00000	715.50000	 	831.00000	673.50000	 
85	919.50000	444.00000	 	204.00000	715.50000	 	831.00000	673.50000	 
86	919.50000	444.00000	 	204.00000	715.50000	 	831.00000	673.50000	 
87	919.50000	444.00000	 	204.00000	715.50000	 	831.00000	673.50000	 
88	921.00000	444.00000	 	204.00000	715.50000	 	831.00000	673.50000	 
89	921.00000	444.00000	 	204.00000	715.50000	 	831.00000	673.50000	 
90	921.00000	444.00000	 	204.00000	714.00000	 	829.50000	672.00000	 
91	921.00000	444.00000	 	204.00000	715.50000	 	831.00000	675.00000	 
92	921.00000	444.00000	 	204.00000	715.50000	 	828.00000	672.00000	 
93	921.00000	445.50000	 	204.00000	715.50000	 	828.00000	672.00000	 
94	919.50000	444.00000	 	204.00000	715.50000	 	828.00000	672.00000	 
95	919.50000	444.00000	 	204.00000	714.00000	 	828.00000	672.00000	 
96	919.50000	444.00000	 	204.00000	715.50000	 	828.00000	672.00000	 
97	919.50000	444.00000	 	204.00000	714.00000	 	829.50000	672.00000	 
98	919.50000	444.00000	 	204.00000	715.50000	 	832.50000	673.50000	 
99	919.50000	444.00000	 	204.00000	715.50000	 	832.50000	672.00000	 
100	919.50000	444.00000	 	204.00000	715.50000	 	832.50000	672.00000	 
101	921.00000	445.50000	 	204.00000	715.50000	 	832.50000	670.50000	 
102	918.00000	444.00000	 	204.00000	715.50000	 	834.00000	670.50000	 
103	918.00000	444.00000	 	204.00000	714.00000	 	834.00000	669.00000	 
104	918.00000	444.00000	 	202.50000	715.50000	 	834.00000	669.00000	 
105	918.00000	444.00000	 	202.50000	715.50000	 	834.00000	669.00000	 
106	919.50000	444.00000	 	202.50000	714.00000	 	834.00000	669.00000	 
107	919.50000	444.00000	 	202.50000	712.50000	 	834.00000	669.00000	 
108	921.00000	445.50000	 	202.50000	712.50000	 	834.00000	669.00000	 
109	919.50000	445.50000	 	202.50000	712.50000	 	834.00000	669.00000	 
110	919.50000	444.00000	 	202.50000	712.50000	 	834.00000	670.50000	 
111	919.50000	444.00000	 	207.00000	715.50000	 	834.00000	670.50000	 
112	919.50000	444.00000	 	202.50000	711.00000	 	834.00000	670.50000	 
113	919.50000	444.00000	 	204.00000	714.00000	 	834.00000	670.50000	 
114	919.50000	444.00000	 	204.00000	714.00000	 	835.50000	670.50000	 
115	918.00000	442.50000	 	204.00000	714.00000	 	834.00000	670.50000	 
116	918.00000	444.00000	 	205.50000	715.50000	 	834.00000	669.00000	 
117	918.00000	444.00000	 	205.50000	714.00000	 	834.00000	670.50000	 
118	919.50000	444.00000	 	204.00000	714.00000	 	835.50000	670.50000	 
119	918.00000	444.00000	 	202.50000	712.50000	 	835.50000	672.00000	 
120	919.50000	444.00000	 	204.00000	712.50000	 	834.00000	670.50000	 
121	916.50000	444.00000	 	204.00000	714.00000	 	834.00000	670.50000	 
122	916.50000	445.50000	 	204.75000	714.00000	 	834.00000	670.50000	 
123	915.00000	445.50000	 	204.00000	714.00000	 	834.00000	672.00000	 
124	916.50000	444.00000	 	202.50000	712.50000	 	834.00000	672.00000	 
125	915.00000	445.50000	 	202.50000	712.50000	 	834.00000	673.50000	 
126	916.50000	445.50000	 	202.50000	712.50000	 	834.00000	672.00000	 
127	916.50000	444.00000	 	204.00000	714.00000	 	831.00000	672.00000	 
128	915.00000	445.50000	 	202.50000	715.50000	 	831.00000	673.50000	 
129	916.50000	444.00000	 	202.50000	715.50000	 	831.00000	673.50000	 
130	915.00000	444.00000	 	202.50000	715.50000	 	828.00000	672.00000	 
131	913.50000	444.00000	 	202.50000	715.50000	 	831.00000	675.00000	 
132	915.00000	444.00000	 	202.50000	715.50000	 	829.50000	675.00000	 
133	915.00000	444.00000	 	202.50000	715.50000	 	829.50000	675.00000	 
134	916.50000	442.50000	 	202.50000	715.50000	 	831.00000	673.50000	 
135	915.00000	444.00000	 	202.50000	715.50000	 	831.00000	673.50000	 
136	915.00000	444.00000	 	202.50000	715.50000	 	831.00000	672.00000	 
137	916.50000	442.50000	 	202.50000	715.50000	 	831.00000	672.00000	 
138	916.50000	441.00000	 	202.50000	715.50000	 	831.00000	672.00000	 
139	916.50000	442.50000	 	202.50000	715.50000	 	828.00000	672.00000	 
140	918.00000	441.00000	 	202.50000	715.50000	 	831.00000	672.00000	 
141	919.50000	441.00000	 	202.50000	715.50000	 	831.00000	672.00000	 
142	919.50000	441.00000	 	202.50000	715.50000	 	829.50000	672.00000	 
143	919.50000	439.50000	 	202.50000	715.50000	 	831.00000	673.50000	 
144	919.50000	441.00000	 	204.00000	715.50000	 	832.50000	670.50000	 
145	919.50000	441.00000	 	202.50000	715.50000	 	834.00000	673.50000	 
146	919.50000	441.00000	 	202.50000	715.50000	 	831.00000	673.50000	 
147	919.50000	441.00000	 	204.00000	715.50000	 	831.00000	672.00000	 
148	921.00000	439.50000	 	204.00000	715.50000	 	832.50000	672.00000	 
149	921.00000	439.50000	 	202.50000	715.50000	 	831.00000	673.50000	 
150	919.50000	439.50000	 	205.50000	717.00000	 	831.00000	673.50000	 
151	919.50000	438.00000	 	205.50000	717.00000	 	829.50000	672.00000	 
152	919.50000	439.50000	 	205.50000	717.00000	 	831.00000	673.50000	 
153	919.50000	439.50000	 	202.50000	715.50000	 	834.00000	670.50000	 
154	921.00000	439.50000	 	204.00000	715.50000	 	834.00000	670.50000	 
155	921.00000	439.50000	 	205.50000	717.00000	 	834.00000	673.50000	 
156	919.50000	439.50000	 	204.00000	715.50000	 	832.50000	673.50000	 
157	919.50000	439.50000	 	202.50000	715.50000	 	832.50000	670.50000	 
158	919.50000	438.00000	 	205.50000	717.00000	 	832.50000	672.00000	 
159	921.00000	439.50000	 	204.00000	715.50000	 	832.50000	672.00000	 
160	921.00000	439.50000	 	205.50000	717.00000	 	831.00000	670.50000	 
161	921.00000	439.50000	 	205.50000	717.00000	 	829.50000	669.00000	 
162	921.00000	438.00000	 	205.50000	717.00000	 	829.50000	670.50000	 
163	921.00000	439.50000	 	205.50000	717.00000	 	829.50000	669.00000	 
164	921.00000	439.50000	 	205.50000	717.00000	 	828.00000	667.50000	 
165	921.00000	439.50000	 	205.50000	717.00000	 	831.00000	669.00000	 
166	921.00000	439.50000	 	205.50000	717.00000	 	832.50000	670.50000	 
167	921.00000	439.50000	 	205.50000	717.00000	 	831.00000	669.00000	 
168	921.00000	439.50000	 	205.50000	717.00000	 	831.00000	670.50000	 
169	921.00000	439.50000	 	205.50000	717.00000	 	831.00000	670.50000	 
170	919.50000	442.50000	 	205.50000	712.50000	 	831.00000	669.00000	 
171	919.50000	438.00000	 	205.50000	717.00000	 	831.00000	669.00000	 
172	919.50000	438.00000	 	205.50000	717.00000	 	831.00000	670.50000	 
173	919.50000	442.50000	 	205.50000	717.00000	 	831.00000	670.50000	 
174	919.50000	442.50000	 	205.50000	715.50000	 	831.00000	669.00000	 
175	921.00000	438.00000	 	204.00000	714.00000	 	831.00000	669.00000	 
176	919.50000	444.00000	 	204.00000	712.50000	 	831.00000	669.00000	 
177	919.50000	436.50000	 	204.00000	712.50000	 	831.00000	669.00000	 
178	919.50000	438.00000	 	204.00000	712.50000	 	829.50000	667.50000	 
179	919.50000	438.00000	 	204.00000	712.50000	 	828.00000	667.50000	 
180	919.50000	436.50000	 	204.00000	712.50000	 	828.00000	666.00000	 
181	919.50000	444.00000	 	204.00000	712.50000	 	828.00000	667.50000	 
182	919.50000	438.00000	 	204.00000	715.50000	 	828.00000	667.50000	 
183	921.00000	438.00000	 	205.50000	715.50000	 	828.00000	667.50000	 
184	919.50000	438.00000	 	205.50000	715.50000	 	826.50000	664.50000	 
185	921.00000	439.50000	 	204.00000	715.50000	 	828.00000	667.50000	 
186	921.00000	439.50000	 	204.00000	714.00000	 	828.00000	666.00000	 
187	921.00000	439.50000	 	204.00000	715.50000	 	826.50000	664.50000	 
188	919.50000	439.50000	 	205.50000	715.50000	 	828.00000	669.00000	 
189	919.50000	439.50000	 	204.00000	715.50000	 	826.50000	664.50000	 
190	919.50000	445.50000	 	204.00000	715.50000	 	826.50000	666.00000	 
191	919.50000	444.00000	 	205.50000	717.00000	 	825.00000	663.00000	 
192	919.50000	444.00000	 	204.00000	715.50000	 	828.00000	669.00000	 
193	921.00000	441.00000	 	205.50000	715.50000	 	826.50000	664.50000	 
194	922.50000	436.50000	 	205.50000	715.50000	 	828.00000	669.00000	 
195	922.50000	436.50000	 	205.50000	715.50000	 	826.50000	663.00000	 
196	924.00000	436.50000	 	205.50000	715.50000	 	826.50000	663.00000	 
197	924.00000	436.50000	 	205.50000	717.00000	 	826.50000	663.00000	 
198	924.00000	436.50000	 	205.50000	717.00000	 	826.50000	663.00000	 
199	922.50000	436.50000	 	205.50000	717.00000	 	826.50000	663.00000	 
200	922.50000	438.00000	 	204.00000	714.00000	 	828.00000	663.00000	 
201	924.00000	438.00000	 	204.00000	715.50000	 	826.50000	663.00000	 
202	924.00000	438.00000	 	205.50000	717.00000	 	826.50000	663.00000	 
203	924.00000	436.50000	 	205.50000	717.00000	 	826.50000	661.50000	 
204	924.00000	436.50000	 	202.50000	712.50000	 	828.00000	663.00000	 
205	924.00000	438.00000	 	202.50000	712.50000	 	826.50000	663.00000	 
206	924.00000	438.00000	 	205.50000	715.50000	 	826.50000	663.00000	 
207	924.00000	436.50000	 	202.50000	712.50000	 	823.50000	660.00000	 
208	925.50000	436.50000	 	205.50000	717.00000	 	823.50000	658.50000	 
209	924.00000	438.00000	 	205.50000	717.00000	 	826.50000	661.50000	 
210	925.50000	438.00000	 	205.50000	715.50000	 	826.50000	661.50000	 
211	925.50000	438.00000	 	205.50000	715.50000	 	826.50000	661.50000	 
212	927.00000	438.00000	 	205.50000	715.50000	 	826.50000	666.00000	 
213	925.50000	439.50000	 	205.50000	715.50000	 	822.00000	657.00000	 
214	927.00000	438.00000	 	205.50000	715.50000	 	822.00000	657.00000	 
215	925.50000	438.00000	 	205.50000	717.00000	 	822.00000	657.00000	 
216	925.50000	438.00000	 	205.50000	717.00000	 	822.00000	655.50000	 
217	925.50000	438.00000	 	205.50000	717.00000	 	822.00000	655.50000	 
218	924.00000	438.00000	 	204.00000	714.00000	 	823.50000	657.00000	 
219	925.50000	436.50000	 	204.00000	712.50000	 	825.00000	657.00000	 
220	924.00000	438.00000	 	204.00000	712.50000	 	823.50000	657.00000	 
221	924.00000	436.50000	 	204.00000	712.50000	 	822.00000	657.00000	 
222	924.00000	436.50000	 	204.00000	712.50000	 	822.00000	657.00000	 
223	925.50000	436.50000	 	205.50000	714.00000	 	822.00000	655.50000	 
224	925.50000	436.50000	 	204.00000	712.50000	 	826.50000	667.50000	 
225	925.50000	436.50000	 	204.00000	712.50000	 	826.50000	666.00000	 
226	925.50000	436.50000	 	204.00000	712.50000	 	820.50000	657.00000	 
227	924.00000	436.50000	 	205.50000	714.00000	 	820.50000	657.00000	 
228	924.00000	436.50000	 	204.00000	712.50000	 	822.00000	658.50000	 
229	925.50000	436.50000	 	205.50000	714.00000	 	820.50000	655.50000	 
230	924.00000	436.50000	 	204.00000	711.00000	 	822.00000	657.00000	 
231	922.50000	435.00000	 	205.50000	714.00000	 	820.50000	657.00000	 
232	922.50000	436.50000	 	204.00000	712.50000	 	820.50000	655.50000	 
233	922.50000	436.50000	 	204.00000	712.50000	 	820.50000	655.50000	 
234	922.50000	436.50000	 	205.50000	712.50000	 	820.50000	655.50000	 
235	921.00000	435.00000	 	204.00000	712.50000	 	820.50000	654.00000	 
236	921.00000	436.50000	 	204.00000	712.50000	 	820.50000	655.50000	 
237	922.50000	436.50000	 	204.00000	711.00000	 	820.50000	655.50000	 
238	922.50000	436.50000	 	205.50000	712.50000	 	819.00000	655.50000	 
239	922.50000	436.50000	 	205.50000	712.50000	 	820.50000	655.50000	 
240	922.50000	436.50000	 	205.50000	712.50000	 	819.00000	655.50000	 

Track 	Length	Distance traveled	Nr of Frames
1	261.17835	12.36932	240
2	273.18619	3.00000	240
3	348.07665	28.65746	240
