Frame	X1	Y1	Flag1	X2	Y2	Flag2	X3	Y3	Flag3	X4	Y4	Flag4	X5	Y5	Flag5	X6	Y6	Flag6	X7	Y7	Flag7	X8	Y8	Flag8	X9	Y9	Flag9	X10	Y10	Flag10	X11	Y11	Flag11	X12	Y12	Flag12
Tracks 1 to 12
1	985.50000	610.50000	 	697.50000	696.00000	 	1221.00000	535.50000	 	736.50000	474.00000	 	393.00000	249.00000	 	1345.50000	991.50000	 	537.00000	312.00000	 	249.85118	442.52457	 	 	 	 	 	 	 	 	 	 	 	 	 
2	981.00000	612.00000	 	702.00000	697.50000	 	1221.00000	535.50000	 	735.00000	472.50000	 	396.00000	252.00000	 	1345.50000	993.00000	 	540.00000	312.00000	 	248.40166	444.40714	 	 	 	 	 	 	 	 	 	 	 	 	 
3	982.50000	609.00000	 	702.00000	697.50000	 	1222.50000	535.50000	 	733.50000	471.00000	 	399.00000	250.50000	 	1344.00000	996.00000	 	538.50000	310.50000	 	247.50000	445.50000	 	 	 	 	 	 	 	 	 	 	 	 	 
4	988.50000	609.00000	 	700.50000	699.00000	 	1222.50000	534.00000	 	735.00000	469.50000	 	400.50000	252.00000	 	1347.00000	993.00000	 	540.00000	309.00000	 	244.43501	454.00414	 	 	 	 	 	 	 	 	 	 	 	 	 
5	988.50000	604.50000	 	700.50000	697.50000	 	1219.50000	537.00000	 	735.00000	468.00000	 	402.00000	250.50000	 	1348.50000	988.50000	 	538.50000	309.00000	 	249.00000	441.00000	 	 	 	 	 	 	 	 	 	 	 	 	 
6	987.00000	607.50000	 	702.00000	696.00000	 	1218.00000	538.50000	 	735.00000	469.50000	 	399.00000	250.50000	 	1345.50000	990.00000	 	538.50000	309.00000	 	249.00000	444.00000	 	 	 	 	 	 	 	 	 	 	 	 	 
7	985.50000	609.00000	 	697.50000	697.50000	 	1219.50000	537.00000	 	733.50000	468.00000	 	400.50000	249.00000	 	1345.50000	993.00000	 	537.00000	310.50000	 	244.50000	441.00000	 	 	 	 	 	 	 	 	 	 	 	 	 
8	987.00000	607.50000	 	699.00000	696.00000	 	1222.50000	535.50000	 	738.00000	469.50000	 	397.50000	247.50000	 	1345.50000	990.00000	 	538.50000	312.00000	 	243.00000	445.50000	 	 	 	 	 	 	 	 	 	 	 	 	 
9	988.50000	609.00000	 	700.50000	696.00000	 	1222.50000	538.50000	 	736.50000	471.00000	 	399.00000	243.00000	 	1347.00000	988.50000	 	538.50000	313.50000	 	244.50000	445.50000	 	 	 	 	 	 	 	 	 	 	 	 	 
10	991.50000	609.00000	 	699.00000	697.50000	 	1222.50000	538.50000	 	736.50000	471.00000	 	400.50000	244.50000	 	1347.00000	990.00000	 	537.00000	318.00000	 	244.50000	447.00000	 	 	 	 	 	 	 	 	 	 	 	 	 
11	994.50000	607.50000	 	697.50000	700.50000	 	1222.50000	537.00000	 	736.50000	469.50000	 	400.50000	244.50000	 	1345.50000	988.50000	 	537.00000	316.50000	 	241.50000	442.50000	 	 	 	 	 	 	 	 	 	 	 	 	 
12	993.00000	606.00000	 	697.50000	702.00000	 	1225.50000	540.00000	 	739.50000	468.00000	 	403.50000	244.50000	 	1347.00000	991.50000	 	538.50000	316.50000	 	243.00000	442.50000	 	 	 	 	 	 	 	 	 	 	 	 	 
13	991.50000	604.50000	 	697.50000	703.50000	 	1224.00000	540.00000	 	741.00000	465.00000	 	405.00000	246.00000	 	1347.00000	990.00000	 	538.50000	315.00000	 	244.50000	445.50000	 	 	 	 	 	 	 	 	 	 	 	 	 
14	993.00000	604.50000	 	697.50000	702.00000	 	1221.00000	540.00000	 	742.50000	463.50000	 	405.00000	247.50000	 	1348.50000	990.00000	 	537.00000	315.00000	 	244.50000	442.50000	 	 	 	 	 	 	 	 	 	 	 	 	 
15	991.50000	601.50000	 	694.50000	703.50000	 	1224.00000	537.00000	 	742.50000	462.00000	 	405.00000	247.50000	 	1348.50000	990.00000	 	537.00000	316.50000	 	250.19569	444.22414	 	 	 	 	 	 	 	 	 	 	 	 	 
16	994.50000	604.50000	 	694.50000	703.50000	 	1225.50000	537.00000	 	738.00000	463.50000	 	403.50000	247.50000	 	1350.00000	991.50000	 	541.50000	315.00000	 	249.88894	444.67342	 	 	 	 	 	 	 	 	 	 	 	 	 
17	996.00000	604.50000	 	693.00000	703.50000	 	1225.50000	538.50000	 	738.00000	462.00000	 	403.50000	247.50000	 	1351.50000	987.00000	 	543.00000	315.00000	 	247.50000	442.50000	 	 	 	 	 	 	 	 	 	 	 	 	 
18	999.00000	604.50000	 	691.50000	703.50000	 	1225.50000	538.50000	 	739.50000	460.50000	 	402.00000	249.00000	 	1350.00000	988.50000	 	541.50000	316.50000	 	246.00000	438.00000	 	 	 	 	 	 	 	 	 	 	 	 	 
19	1000.50000	603.00000	 	691.50000	703.50000	 	1227.00000	537.00000	 	741.00000	460.50000	 	402.00000	247.50000	 	1347.00000	990.00000	 	540.00000	316.50000	 	249.00000	439.50000	 	 	 	 	 	 	 	 	 	 	 	 	 
20	1000.50000	604.50000	 	691.50000	703.50000	 	1228.50000	535.50000	 	741.00000	462.00000	 	400.50000	247.50000	 	1348.50000	990.00000	 	541.50000	316.50000	 	252.00000	436.50000	 	 	 	 	 	 	 	 	 	 	 	 	 
21	1000.50000	604.50000	 	691.50000	703.50000	 	1227.00000	535.50000	 	741.00000	460.50000	 	403.50000	247.50000	 	1351.50000	991.50000	 	538.50000	313.50000	 	252.00000	438.00000	 	 	 	 	 	 	 	 	 	 	 	 	 
22	1000.50000	606.00000	 	693.00000	703.50000	 	 	 	 	742.50000	463.50000	 	403.50000	247.50000	 	1351.50000	990.00000	 	541.50000	315.00000	 	252.00000	438.00000	 	 	 	 	 	 	 	 	 	 	 	 	 
23	1000.50000	607.50000	 	693.00000	703.50000	 	 	 	 	742.50000	460.50000	 	403.50000	246.00000	 	1351.50000	988.50000	 	541.50000	318.00000	 	252.00000	438.00000	 	 	 	 	 	 	 	 	 	 	 	 	 
24	1000.50000	606.00000	 	694.50000	703.50000	 	 	 	 	742.50000	462.00000	 	403.50000	246.00000	 	1348.50000	985.50000	 	544.50000	318.00000	 	247.50000	438.00000	 	 	 	 	 	 	 	 	 	 	 	 	 
25	1003.50000	610.50000	 	696.00000	703.50000	 	1234.50000	534.00000	*	744.00000	462.00000	 	406.50000	243.00000	 	1347.00000	987.00000	 	546.00000	318.00000	 	246.00000	444.00000	 	 	 	 	 	 	 	 	 	 	 	 	 
26	1000.50000	610.50000	 	694.50000	705.00000	 	1237.50000	537.00000	 	742.50000	462.00000	 	408.00000	241.50000	 	1348.50000	991.50000	 	546.00000	316.50000	 	243.00000	441.00000	 	 	 	 	 	 	 	 	 	 	 	 	 
27	999.00000	612.00000	 	694.50000	700.50000	 	 	 	 	747.00000	463.50000	 	406.50000	241.50000	 	1348.50000	990.00000	 	546.00000	318.00000	 	243.00000	442.50000	 	 	 	 	 	 	 	 	 	 	 	 	 
28	997.50000	613.50000	 	696.00000	699.00000	 	1234.50000	534.00000	*	745.50000	463.50000	 	406.50000	241.50000	 	1348.50000	991.50000	 	544.50000	321.00000	 	246.00000	441.00000	 	 	 	 	 	 	 	 	 	 	 	 	 
29	997.50000	615.00000	 	696.00000	702.00000	 	1239.00000	540.00000	 	744.00000	463.50000	 	407.25000	243.00000	 	1350.00000	990.00000	 	546.00000	322.50000	 	244.50000	439.50000	 	 	 	 	 	 	 	 	 	 	 	 	 
30	999.00000	613.50000	 	697.50000	702.00000	 	1240.50000	541.50000	 	741.00000	465.00000	 	409.50000	246.00000	 	1351.50000	993.00000	 	544.50000	322.50000	 	249.00000	438.00000	 	 	 	 	 	 	 	 	 	 	 	 	 
31	1000.50000	609.00000	 	696.00000	697.50000	 	1243.50000	543.00000	 	740.25000	466.50000	 	408.00000	246.00000	 	1350.00000	993.00000	 	543.00000	322.50000	 	250.50000	438.00000	 	 	 	 	 	 	 	 	 	 	 	 	 
32	997.50000	610.50000	 	696.00000	697.50000	 	1243.50000	543.00000	 	738.00000	466.50000	 	406.50000	250.50000	 	1348.50000	993.00000	 	541.50000	324.00000	 	249.00000	439.50000	 	 	 	 	 	 	 	 	 	 	 	 	 
33	996.00000	612.00000	 	697.50000	699.00000	 	1246.50000	543.00000	 	738.00000	465.00000	 	408.00000	250.50000	 	1348.50000	988.50000	 	541.50000	324.00000	 	247.50000	438.00000	 	 	 	 	 	 	 	 	 	 	 	 	 
34	996.00000	610.50000	 	696.00000	694.50000	 	1248.00000	541.50000	 	738.00000	462.00000	 	409.50000	255.00000	 	1348.50000	988.50000	 	540.00000	324.00000	 	250.50000	436.50000	 	 	 	 	 	 	 	 	 	 	 	 	 
35	996.00000	612.00000	 	696.00000	696.00000	 	1249.50000	540.00000	 	736.50000	460.50000	 	408.00000	256.50000	 	1347.00000	990.00000	 	538.50000	322.50000	 	247.50000	441.00000	 	 	 	 	 	 	 	 	 	 	 	 	 
36	993.00000	615.00000	 	702.00000	700.50000	 	1252.50000	538.50000	 	738.00000	463.50000	 	408.00000	258.00000	 	1347.00000	993.00000	 	540.00000	324.00000	 	250.80943	443.49601	 	 	 	 	 	 	 	 	 	 	 	 	 
37	996.00000	616.50000	 	702.00000	702.00000	 	1254.00000	537.00000	 	741.00000	460.50000	 	408.00000	255.00000	 	1348.50000	993.00000	 	541.50000	324.00000	 	250.19613	444.55249	 	 	 	 	 	 	 	 	 	 	 	 	 
38	994.50000	613.50000	 	702.00000	702.00000	 	1249.50000	537.00000	 	742.50000	463.50000	 	405.00000	252.00000	 	1347.00000	991.50000	 	540.00000	328.50000	 	246.00000	445.50000	 	 	 	 	 	 	 	 	 	 	 	 	 
39	996.00000	612.00000	 	699.00000	697.50000	 	1252.50000	541.50000	 	742.50000	462.00000	 	408.00000	252.00000	 	1347.00000	990.00000	 	541.50000	328.50000	 	246.00000	445.50000	 	 	 	 	 	 	 	 	 	 	 	 	 
40	994.50000	610.50000	 	702.00000	696.00000	 	1249.50000	541.50000	 	745.50000	462.00000	 	406.50000	250.50000	 	1351.50000	991.50000	 	540.00000	327.00000	 	246.00000	445.50000	 	 	 	 	 	 	 	 	 	 	 	 	 
41	994.50000	609.00000	 	705.00000	694.50000	 	1254.00000	540.00000	 	745.50000	460.50000	 	405.00000	252.00000	 	1354.50000	987.00000	 	543.00000	328.50000	 	243.00000	447.00000	 	 	 	 	 	 	 	 	 	 	 	 	 
42	994.50000	607.50000	 	703.50000	699.00000	 	1255.50000	541.50000	 	747.00000	462.00000	 	403.50000	253.50000	 	1356.00000	990.00000	 	543.00000	331.50000	 	244.50000	447.00000	 	 	 	 	 	 	 	 	 	 	 	 	 
43	996.00000	607.50000	 	705.00000	697.50000	 	1258.50000	538.50000	 	745.50000	462.00000	 	403.50000	252.00000	 	1356.00000	988.50000	 	543.00000	330.00000	 	244.50000	445.50000	 	 	 	 	 	 	 	 	 	 	 	 	 
44	996.00000	609.00000	 	703.50000	699.00000	 	1260.00000	535.50000	 	745.50000	463.50000	 	402.00000	250.50000	 	1354.50000	987.00000	 	543.00000	330.00000	 	240.00000	444.00000	 	 	 	 	 	 	 	 	 	 	 	 	 
45	993.00000	610.50000	 	703.50000	699.00000	 	1264.50000	535.50000	 	747.00000	463.50000	 	402.00000	252.00000	 	1354.50000	987.00000	 	546.00000	331.50000	 	238.50000	444.00000	 	 	 	 	 	 	 	 	 	 	 	 	 
46	994.50000	609.00000	 	699.00000	700.50000	 	1264.50000	538.50000	 	744.00000	466.50000	 	402.00000	250.50000	 	1353.00000	987.00000	 	550.50000	333.00000	 	241.50000	445.50000	 	 	 	 	 	 	 	 	 	 	 	 	 
47	996.00000	610.50000	 	700.50000	705.00000	 	1264.50000	535.50000	 	747.00000	466.50000	 	402.00000	252.00000	 	1351.50000	985.50000	 	552.00000	334.50000	 	243.00000	447.00000	 	 	 	 	 	 	 	 	 	 	 	 	 
48	997.50000	613.50000	 	702.00000	705.00000	 	1264.50000	535.50000	 	745.50000	466.50000	 	405.00000	252.00000	 	1351.50000	985.50000	 	550.50000	334.50000	 	241.50000	448.50000	 	 	 	 	 	 	 	 	 	 	 	 	 
49	997.50000	613.50000	 	702.00000	706.50000	 	1266.00000	531.00000	 	745.50000	468.00000	 	406.50000	253.50000	 	1354.50000	987.00000	 	550.50000	336.00000	 	243.00000	447.00000	 	 	 	 	 	 	 	 	 	 	 	 	 
50	997.19286	614.22922	 	703.50000	706.50000	 	1266.00000	531.00000	 	744.00000	466.50000	 	405.00000	253.50000	 	1353.00000	988.50000	 	549.00000	337.50000	 	244.50000	445.50000	 	 	 	 	 	 	 	 	 	 	 	 	 
51	996.00000	615.00000	 	702.00000	705.00000	 	1266.00000	534.00000	 	741.00000	465.00000	 	405.00000	253.50000	 	1353.00000	991.50000	 	550.50000	336.00000	 	243.00000	444.00000	 	 	 	 	 	 	 	 	 	 	 	 	 
52	997.50000	618.00000	 	702.00000	706.50000	 	1267.50000	531.00000	 	741.00000	462.00000	 	405.00000	255.00000	 	1351.50000	993.00000	 	550.50000	337.50000	 	244.50000	444.00000	 	 	 	 	 	 	 	 	 	 	 	 	 
53	997.50000	615.00000	 	702.00000	705.00000	 	1267.50000	531.00000	 	742.50000	462.00000	 	405.00000	255.00000	 	1353.00000	990.00000	 	550.50000	337.50000	 	249.00000	441.00000	 	 	 	 	 	 	 	 	 	 	 	 	 
54	999.00000	615.00000	 	700.50000	705.00000	 	1266.00000	532.50000	 	741.00000	463.50000	 	406.50000	256.50000	 	1353.00000	990.00000	 	549.00000	337.50000	 	250.50000	438.00000	 	 	 	 	 	 	 	 	 	 	 	 	 
55	996.00000	613.50000	 	700.50000	702.00000	 	1267.50000	534.00000	 	744.00000	462.00000	 	409.50000	258.00000	 	1354.50000	987.00000	 	547.50000	337.50000	 	246.00000	435.00000	 	 	 	 	 	 	 	 	 	 	 	 	 
56	999.00000	612.00000	 	699.00000	702.00000	 	1264.50000	535.50000	 	744.00000	463.50000	 	409.50000	258.00000	 	1354.50000	987.00000	 	544.50000	336.00000	 	246.00000	436.50000	 	 	 	 	 	 	 	 	 	 	 	 	 
57	999.00000	610.50000	 	699.00000	699.00000	 	1266.00000	535.50000	 	748.50000	468.00000	 	408.00000	261.00000	 	1354.50000	988.50000	 	544.50000	336.00000	 	247.50000	435.00000	 	 	 	 	 	 	 	 	 	 	 	 	 
58	997.50000	610.50000	 	699.00000	699.00000	 	1269.00000	538.50000	 	748.50000	468.00000	 	406.50000	262.50000	 	1354.50000	987.00000	 	543.00000	337.50000	 	247.50000	438.00000	 	 	 	 	 	 	 	 	 	 	 	 	 
59	997.50000	610.50000	 	702.00000	699.00000	 	1267.50000	534.00000	 	750.00000	468.00000	 	409.50000	262.50000	 	1353.00000	987.00000	 	541.50000	336.00000	 	247.50000	441.00000	 	 	 	 	 	 	 	 	 	 	 	 	 
60	999.00000	610.50000	 	700.50000	700.50000	 	1266.00000	534.00000	 	750.00000	471.00000	 	408.00000	264.00000	 	1353.00000	987.00000	 	543.00000	337.50000	 	246.00000	441.00000	 	1158.00000	547.50000	 	 	 	 	 	 	 	 	 	 
61	999.00000	610.50000	 	702.00000	699.00000	 	1264.50000	534.00000	 	751.50000	471.00000	 	412.50000	265.50000	 	1356.00000	988.50000	 	543.00000	340.50000	 	247.50000	441.00000	 	1164.00000	547.50000	 	 	 	 	 	 	 	 	 	 
62	999.00000	609.00000	 	702.00000	697.50000	 	1269.00000	537.00000	 	748.50000	469.50000	 	414.00000	268.50000	 	1354.50000	987.00000	 	541.50000	339.00000	 	249.00000	439.50000	 	1162.50000	546.00000	 	 	 	 	 	 	 	 	 	 
63	999.00000	609.00000	 	700.50000	699.00000	 	1269.00000	535.50000	 	745.50000	469.50000	 	415.50000	268.50000	 	1353.00000	984.00000	 	543.00000	339.00000	 	249.00000	438.00000	 	1161.00000	549.00000	 	 	 	 	 	 	 	 	 	 
64	999.00000	609.00000	 	702.00000	700.50000	 	1269.00000	532.50000	 	745.50000	471.00000	 	415.50000	271.50000	 	1353.00000	984.00000	 	544.50000	336.00000	 	252.00000	439.50000	 	1164.00000	550.50000	 	 	 	 	 	 	 	 	 	 
65	999.00000	610.50000	 	697.50000	697.50000	 	1270.50000	531.00000	 	744.00000	472.50000	 	420.00000	273.00000	 	1350.00000	985.50000	 	546.00000	336.00000	 	250.50000	441.00000	 	1162.50000	550.50000	 	 	 	 	 	 	 	 	 	 
66	997.50000	610.50000	 	702.00000	700.50000	 	1269.00000	531.00000	 	745.50000	471.00000	 	418.50000	274.50000	 	1350.00000	985.50000	 	543.00000	334.50000	 	250.50000	441.00000	 	1164.00000	553.50000	 	 	 	 	 	 	 	 	 	 
67	997.50000	615.00000	 	702.00000	702.00000	 	1269.00000	531.00000	 	744.00000	472.50000	 	418.50000	271.50000	 	1347.00000	987.00000	 	543.00000	333.00000	 	249.00000	439.50000	 	1164.00000	552.00000	 	 	 	 	 	 	 	 	 	 
68	997.50000	613.50000	 	703.50000	702.00000	 	1269.00000	528.00000	 	744.00000	474.00000	 	423.00000	274.50000	 	1345.50000	988.50000	 	544.50000	336.00000	 	247.50000	439.50000	 	1162.50000	552.00000	 	 	 	 	 	 	 	 	 	 
69	997.50000	612.00000	 	699.00000	697.50000	 	1269.00000	528.00000	 	747.00000	475.50000	 	421.50000	276.00000	 	1347.00000	988.50000	 	546.00000	336.00000	 	250.50000	439.50000	 	1164.00000	553.50000	 	 	 	 	 	 	 	 	 	 
70	996.00000	612.00000	 	697.50000	697.50000	 	1269.00000	528.00000	 	750.00000	475.50000	 	423.00000	274.50000	 	1348.50000	988.50000	 	546.00000	336.00000	 	247.50000	439.50000	 	1164.00000	553.50000	 	 	 	 	 	 	 	 	 	 
71	999.00000	613.50000	 	702.00000	700.50000	 	1267.50000	529.50000	 	750.00000	477.00000	 	423.00000	274.50000	 	1351.50000	991.50000	 	549.00000	334.50000	 	246.00000	438.00000	 	1167.00000	555.00000	 	 	 	 	 	 	 	 	 	 
72	997.50000	616.50000	 	697.50000	699.00000	 	1270.50000	529.50000	 	751.50000	477.00000	 	421.50000	276.00000	 	1353.00000	990.00000	 	547.50000	331.50000	 	250.50000	435.00000	 	1168.50000	549.00000	 	 	 	 	 	 	 	 	 	 
73	999.00000	613.50000	 	697.50000	699.00000	 	1266.00000	529.50000	 	751.50000	477.00000	 	421.50000	276.00000	 	1354.50000	991.50000	 	549.00000	333.00000	 	249.00000	433.50000	 	1168.50000	549.00000	 	 	 	 	 	 	 	 	 	 
74	1002.00000	613.50000	 	697.50000	699.00000	 	1270.50000	529.50000	 	750.00000	474.00000	 	424.50000	277.50000	 	1356.00000	988.50000	 	547.50000	330.00000	 	247.50000	436.50000	 	1171.50000	549.00000	 	 	 	 	 	 	 	 	 	 
75	1002.00000	612.00000	 	696.00000	696.00000	 	1270.50000	528.00000	 	750.00000	474.00000	 	421.50000	271.50000	 	1356.00000	988.50000	 	547.50000	330.00000	 	252.00000	438.00000	 	1170.00000	547.50000	 	 	 	 	 	 	 	 	 	 
76	1005.00000	612.00000	 	696.00000	702.00000	 	1270.50000	528.00000	 	750.00000	471.00000	 	424.50000	273.00000	 	1357.50000	990.00000	 	547.50000	336.00000	 	252.00000	438.00000	 	1168.50000	550.50000	 	 	 	 	 	 	 	 	 	 
77	1005.00000	610.50000	 	694.50000	700.50000	 	1270.50000	528.00000	 	753.00000	469.50000	 	421.50000	270.00000	 	1359.00000	990.00000	 	547.50000	334.50000	 	249.00000	439.50000	 	1168.50000	552.00000	 	 	 	 	 	 	 	 	 	 
78	1006.50000	612.00000	 	694.50000	702.00000	 	1267.50000	531.00000	 	756.00000	474.00000	 	421.50000	271.50000	 	1360.50000	990.00000	 	549.00000	334.50000	 	246.00000	436.50000	 	1168.50000	553.50000	 	 	 	 	 	 	 	 	 	 
79	1008.00000	610.50000	 	697.50000	702.00000	 	1267.50000	532.50000	 	757.50000	474.00000	 	424.50000	268.50000	 	1362.00000	988.50000	 	546.00000	331.50000	 	246.00000	441.00000	 	1171.50000	553.50000	 	 	 	 	 	 	 	 	 	 
80	1008.00000	612.00000	 	694.50000	702.00000	 	1267.50000	531.00000	 	759.00000	474.00000	 	423.00000	271.50000	 	1357.50000	990.00000	 	546.00000	328.50000	 	243.00000	441.00000	 	1168.50000	555.00000	 	 	 	 	 	 	 	 	 	 
81	1009.50000	612.00000	 	694.50000	703.50000	 	1270.50000	531.00000	 	760.50000	474.00000	 	420.00000	271.50000	 	1367.05794	982.01455	 	547.50000	330.00000	 	247.50000	441.00000	 	1171.50000	549.00000	 	 	 	 	 	 	 	 	 	 
82	1009.50000	612.00000	 	694.50000	703.50000	 	1269.00000	528.00000	 	762.00000	477.00000	 	420.00000	271.50000	 	1368.61798	981.20844	 	547.50000	333.00000	 	244.50000	441.00000	 	1171.85400	553.40031	 	 	 	 	 	 	 	 	 	 
83	1008.00000	615.00000	 	696.00000	702.00000	 	1269.00000	529.50000	 	759.00000	474.00000	 	418.50000	271.50000	 	1366.50000	982.50000	 	546.00000	328.50000	 	246.00000	441.00000	 	1173.00000	552.00000	 	 	 	 	 	 	 	 	 	 
84	1009.50000	615.00000	 	700.50000	702.00000	 	1269.00000	529.50000	 	762.00000	477.00000	 	420.00000	273.00000	 	1366.50000	982.50000	 	543.00000	330.00000	 	243.00000	441.00000	 	1174.50000	552.00000	 	 	 	 	 	 	 	 	 	 
85	1009.50000	613.50000	 	700.50000	702.00000	 	1272.00000	531.00000	 	763.50000	478.50000	 	421.50000	271.50000	 	 	 	 	544.50000	330.00000	 	241.50000	441.00000	 	1171.50000	553.50000	 	 	 	 	 	 	 	 	 	 
86	1013.84509	610.44711	 	697.50000	696.00000	 	1267.50000	529.50000	 	763.50000	478.50000	 	423.00000	273.00000	 	1366.50000	979.50000	*	544.50000	330.00000	 	243.00000	442.50000	 	1174.50000	552.00000	 	 	 	 	 	 	 	 	 	 
87	1009.50000	610.50000	 	700.50000	697.50000	 	1269.00000	531.00000	 	763.50000	480.00000	 	424.50000	273.00000	 	1366.50000	979.50000	 	547.50000	330.00000	 	243.00000	438.00000	 	1173.00000	553.50000	 	 	 	 	 	 	 	 	 	 
88	1009.50000	612.00000	 	699.00000	697.50000	 	1270.50000	531.00000	 	763.50000	478.50000	 	429.00000	273.00000	 	1368.00000	978.00000	 	547.50000	330.00000	 	246.00000	441.00000	 	1173.00000	552.00000	 	 	 	 	 	 	 	 	 	 
89	1005.00000	609.00000	 	702.00000	699.00000	 	1272.00000	531.00000	 	762.00000	478.50000	 	427.50000	271.50000	 	1370.59211	978.97238	 	547.50000	330.00000	 	243.00000	438.00000	 	1173.00000	550.50000	 	 	 	 	 	 	 	 	 	 
90	1005.00000	607.50000	 	702.00000	697.50000	 	1272.00000	531.00000	 	766.50000	478.50000	 	432.00000	270.00000	 	1370.97954	978.20509	 	549.00000	334.50000	 	246.00000	436.50000	 	1173.00000	550.50000	 	 	 	 	 	 	 	 	 	 
91	1005.00000	609.00000	 	702.00000	699.00000	 	1267.50000	529.50000	 	760.50000	474.00000	 	430.50000	271.50000	 	1371.00000	978.00000	 	549.00000	331.50000	 	244.50000	438.00000	 	1172.17326	553.61727	 	 	 	 	 	 	 	 	 	 
92	1003.50000	607.50000	 	702.00000	703.50000	 	1267.50000	529.50000	 	763.50000	475.50000	 	432.00000	268.50000	 	1366.50000	981.00000	 	550.50000	330.00000	 	246.00000	438.00000	 	1171.98667	553.37819	 	 	 	 	 	 	 	 	 	 
93	1005.00000	606.00000	 	702.00000	705.00000	 	1267.50000	531.00000	 	763.50000	477.00000	 	430.50000	270.00000	 	1366.50000	981.00000	 	552.00000	330.00000	 	244.50000	439.50000	 	1168.50000	553.50000	 	 	 	 	 	 	 	 	 	 
94	1003.50000	606.00000	 	700.50000	702.00000	 	1270.50000	528.00000	 	763.50000	474.00000	 	429.00000	264.00000	 	1366.50000	984.00000	 	552.00000	327.00000	 	246.00000	433.50000	 	1168.50000	549.00000	 	 	 	 	 	 	 	 	 	 
95	1006.50000	610.50000	 	703.50000	702.00000	 	1272.00000	529.50000	 	762.00000	475.50000	 	427.50000	262.50000	 	1368.00000	984.00000	 	552.00000	327.00000	 	246.00000	435.00000	 	1168.50000	547.50000	 	 	 	 	 	 	 	 	 	 
96	1005.00000	612.00000	 	702.00000	705.00000	 	1272.00000	529.50000	 	762.00000	474.00000	 	426.00000	261.00000	 	1371.00000	982.50000	 	552.00000	330.00000	 	244.50000	433.50000	 	1170.00000	547.50000	 	 	 	 	 	 	 	 	 	 
97	1003.50000	610.50000	 	703.50000	702.00000	 	1275.00000	529.50000	 	762.00000	472.50000	 	427.50000	261.00000	 	1371.00000	981.00000	 	555.00000	325.50000	 	244.50000	432.00000	 	1171.50000	549.00000	 	 	 	 	 	 	 	 	 	 
98	1002.00000	610.50000	 	705.00000	702.00000	 	1275.00000	529.50000	 	760.50000	474.00000	 	432.00000	265.50000	 	1371.00000	984.00000	 	556.50000	328.50000	 	244.50000	433.50000	 	1171.50000	549.00000	 	 	 	 	 	 	 	 	 	 
99	1000.50000	610.50000	 	702.00000	700.50000	 	1278.00000	529.50000	 	760.50000	472.50000	 	430.50000	265.50000	 	1369.50000	984.00000	 	559.50000	325.50000	 	243.00000	435.00000	 	1171.50000	549.00000	 	 	 	 	 	 	 	 	 	 
100	1002.00000	612.00000	 	702.00000	699.00000	 	1273.50000	528.00000	 	760.50000	472.50000	 	433.50000	267.00000	 	1372.50000	982.50000	 	561.00000	325.50000	 	249.00000	447.00000	 	1171.50000	549.00000	 	 	 	 	 	 	 	 	 	 
101	1003.50000	610.50000	 	702.00000	696.00000	 	1273.50000	528.00000	 	763.50000	474.00000	 	436.50000	267.00000	 	1372.50000	982.50000	 	561.00000	324.00000	 	244.50000	433.50000	 	1171.50000	547.50000	 	 	 	 	 	 	 	 	 	 
102	1002.00000	610.50000	 	699.00000	696.00000	 	1275.00000	526.50000	 	760.50000	472.50000	 	438.00000	265.50000	 	1372.50000	979.50000	 	561.00000	322.50000	 	238.50000	432.00000	 	1170.00000	552.00000	 	 	 	 	 	 	 	 	 	 
103	1002.00000	607.50000	 	700.50000	697.50000	 	1275.00000	525.00000	 	763.50000	472.50000	 	439.50000	265.50000	 	1375.50000	978.00000	 	561.00000	325.50000	 	243.00000	436.50000	 	1165.50000	547.50000	 	 	 	 	 	 	 	 	 	 
104	1000.50000	609.00000	 	702.00000	697.50000	 	1275.00000	525.00000	 	766.50000	472.50000	 	442.50000	265.50000	 	1375.50000	979.50000	 	562.50000	328.50000	 	243.00000	436.50000	 	1167.00000	549.00000	 	 	 	 	 	 	 	 	 	 
105	997.50000	609.00000	 	702.00000	697.50000	 	1275.00000	525.00000	 	768.00000	477.00000	 	442.50000	264.00000	 	1377.00000	978.00000	 	564.00000	328.50000	 	244.50000	438.00000	 	1164.00000	550.50000	 	 	 	 	 	 	 	 	 	 
106	999.00000	612.00000	 	700.50000	700.50000	 	1275.00000	528.00000	 	769.50000	475.50000	 	441.00000	259.50000	 	1377.00000	979.50000	 	564.00000	330.00000	 	237.00000	433.50000	 	1164.00000	556.50000	 	 	 	 	 	 	 	 	 	 
107	999.00000	615.00000	 	700.50000	700.50000	 	1276.50000	529.50000	 	769.50000	477.00000	 	439.50000	264.00000	 	1377.00000	979.50000	 	561.00000	330.00000	 	247.50000	441.00000	 	1165.50000	553.50000	 	 	 	 	 	 	 	 	 	 
108	997.50000	616.50000	 	697.50000	699.00000	 	1275.00000	531.00000	 	769.50000	480.00000	 	439.50000	265.50000	 	1378.50000	978.00000	 	565.50000	331.50000	 	241.50000	441.00000	 	1164.00000	558.00000	 	 	 	 	 	 	 	 	 	 
109	997.50000	618.00000	 	697.50000	702.00000	 	1275.00000	529.50000	 	769.50000	478.50000	 	438.00000	264.00000	 	1381.50000	979.50000	 	570.00000	334.50000	 	241.50000	441.00000	 	1165.50000	558.00000	 	 	 	 	 	 	 	 	 	 
110	996.00000	618.00000	 	699.00000	702.00000	 	1275.00000	532.50000	 	772.50000	478.50000	 	436.50000	262.50000	 	1383.00000	979.50000	 	568.50000	336.00000	 	244.50000	439.50000	 	1165.50000	559.50000	 	 	 	 	 	 	 	 	 	 
111	996.00000	618.00000	 	700.50000	703.50000	 	1275.00000	531.00000	 	772.50000	481.50000	 	436.50000	261.00000	 	1381.50000	979.50000	 	570.00000	336.00000	 	244.50000	438.00000	 	1165.50000	559.50000	 	 	 	 	 	 	 	 	 	 
112	997.50000	615.00000	 	697.50000	702.00000	 	1275.00000	531.00000	 	777.00000	481.50000	 	438.00000	261.00000	 	1383.00000	979.50000	 	565.50000	336.00000	 	244.50000	439.50000	 	1171.50000	559.50000	 	 	 	 	 	 	 	 	 	 
113	997.50000	613.50000	 	697.50000	702.00000	 	1272.00000	531.00000	 	778.50000	480.00000	 	436.50000	261.00000	 	1384.50000	982.50000	 	565.50000	334.50000	 	244.50000	438.00000	 	1170.00000	561.00000	 	 	 	 	 	 	 	 	 	 
114	999.00000	615.00000	 	697.50000	705.00000	 	1272.00000	529.50000	 	777.00000	478.50000	 	439.50000	262.50000	 	1387.50000	982.50000	 	570.00000	337.50000	 	246.00000	438.00000	 	1173.00000	558.00000	 	 	 	 	 	 	 	 	 	 
115	999.00000	616.50000	 	697.50000	703.50000	 	1267.50000	526.50000	 	775.50000	480.00000	 	436.50000	262.50000	 	1389.00000	984.00000	 	572.25000	339.00000	 	238.50000	438.00000	 	1171.50000	553.50000	 	 	 	 	 	 	 	 	 	 
116	997.50000	618.00000	 	700.50000	702.00000	 	1269.00000	529.50000	 	778.50000	480.00000	 	438.00000	262.50000	 	1387.50000	981.00000	 	569.62267	335.50735	 	235.50000	438.00000	 	1171.50000	555.00000	 	 	 	 	 	 	 	 	 	 
117	996.00000	619.50000	 	700.50000	700.50000	 	1267.50000	531.00000	 	778.50000	481.50000	 	435.00000	264.00000	 	1387.50000	984.00000	 	568.50000	340.50000	 	239.95312	438.37717	 	1173.00000	558.00000	 	 	 	 	 	 	 	 	 	 
118	999.00000	618.00000	 	702.00000	705.00000	 	1267.50000	531.00000	 	778.50000	484.50000	 	435.00000	261.00000	 	1387.50000	985.50000	 	568.50000	342.00000	 	235.50000	438.00000	 	1171.50000	553.50000	 	 	 	 	 	 	 	 	 	 
119	1000.50000	618.00000	 	703.50000	702.00000	 	1267.50000	532.50000	 	778.50000	480.00000	 	436.50000	259.50000	 	1389.00000	987.00000	 	570.34532	336.23509	 	240.27111	439.13794	 	1173.00000	553.50000	 	 	 	 	 	 	 	 	 	 
120	999.00000	616.50000	 	705.00000	703.50000	 	1267.50000	532.50000	 	778.50000	480.00000	 	436.50000	259.50000	 	1389.00000	984.00000	 	569.65341	336.26941	 	237.00000	438.00000	 	1174.50000	558.00000	 	 	 	 	 	 	 	 	 	 
121	999.00000	622.50000	 	705.00000	703.50000	 	1269.00000	534.00000	 	778.50000	480.00000	 	436.50000	259.50000	 	1387.50000	987.00000	 	573.00000	339.00000	 	234.00000	436.50000	 	1173.00000	555.00000	 	 	 	 	 	 	 	 	 	 
122	999.00000	622.50000	 	703.50000	702.00000	 	1269.00000	534.00000	 	778.50000	481.50000	 	436.50000	262.50000	 	1386.00000	984.00000	 	571.50000	339.00000	 	240.58553	437.50254	 	1173.00000	558.00000	 	 	 	 	 	 	 	 	 	 
123	999.00000	616.50000	 	703.50000	703.50000	 	1269.00000	537.00000	 	780.00000	483.00000	 	435.00000	267.00000	 	1384.50000	982.50000	 	573.00000	339.00000	 	244.50000	436.50000	 	1171.50000	559.50000	 	 	 	 	 	 	 	 	 	 
124	997.50000	625.50000	 	703.50000	702.00000	 	1267.50000	537.00000	 	780.00000	486.00000	 	435.00000	268.50000	 	1387.50000	981.00000	 	571.50000	337.50000	 	247.50000	441.00000	 	1167.00000	559.50000	 	 	 	 	 	 	 	 	 	 
125	997.50000	627.00000	 	703.50000	702.00000	 	1267.50000	535.50000	 	781.50000	484.50000	 	438.00000	268.50000	 	1384.50000	982.50000	 	571.50000	333.00000	 	247.50000	441.00000	 	1165.50000	558.00000	 	 	 	 	 	 	 	 	 	 
126	997.50000	628.50000	 	705.00000	702.00000	 	1264.50000	534.00000	 	783.00000	486.00000	 	439.50000	267.00000	 	1386.00000	979.50000	 	570.00000	333.00000	 	235.50000	438.00000	 	1167.00000	559.50000	 	 	 	 	 	 	 	 	 	 
127	996.00000	627.00000	 	705.00000	703.50000	 	1263.00000	535.50000	 	780.00000	484.50000	 	438.00000	267.00000	 	1387.50000	979.50000	 	571.50000	331.50000	 	232.50000	438.00000	 	1168.50000	558.00000	 	 	 	 	 	 	 	 	 	 
128	996.00000	628.50000	 	705.00000	702.00000	 	1264.50000	534.00000	 	781.50000	483.00000	 	435.00000	265.50000	 	1386.00000	979.50000	 	571.50000	334.50000	 	237.00000	439.50000	 	1167.00000	559.50000	 	 	 	 	 	 	 	 	 	 
129	994.50000	627.00000	 	703.50000	703.50000	 	1261.50000	535.50000	 	778.50000	483.00000	 	433.50000	265.50000	 	1386.00000	978.00000	 	571.50000	336.00000	 	234.00000	433.50000	 	1168.50000	559.50000	 	 	 	 	 	 	 	 	 	 
130	996.00000	631.50000	 	705.00000	706.50000	 	1263.00000	535.50000	 	780.00000	483.00000	 	432.00000	264.00000	 	1386.00000	978.00000	 	571.50000	336.00000	 	237.00000	436.50000	 	1167.00000	558.00000	 	 	 	 	 	 	 	 	 	 
131	997.50000	636.00000	 	702.00000	700.50000	 	1264.50000	535.50000	 	780.00000	486.00000	 	429.00000	264.00000	 	1387.50000	976.50000	 	574.50000	337.50000	 	239.73066	437.01385	 	1168.50000	558.00000	 	 	 	 	 	 	 	 	 	 
132	1000.50000	631.50000	 	705.00000	706.50000	 	1263.00000	534.00000	 	775.50000	484.50000	 	426.00000	264.00000	 	1387.50000	973.50000	 	576.00000	334.50000	 	241.50000	439.50000	 	1167.00000	556.50000	 	 	 	 	 	 	 	 	 	 
133	 	 	 	702.00000	700.50000	 	1264.50000	532.50000	 	774.00000	481.50000	 	426.00000	264.00000	 	1389.00000	975.00000	 	577.50000	333.00000	 	238.50000	435.00000	 	1167.00000	556.50000	 	 	 	 	 	 	 	 	 	 
134	 	 	 	703.50000	705.00000	 	1263.00000	534.00000	 	774.00000	481.50000	 	427.50000	264.00000	 	1387.50000	973.50000	 	576.00000	334.50000	 	246.00000	441.00000	 	1164.00000	556.50000	 	 	 	 	 	 	 	 	 	 
135	 	 	 	703.50000	705.00000	 	1263.00000	532.50000	 	771.00000	483.00000	 	427.50000	262.50000	 	1389.00000	972.00000	 	573.00000	337.50000	 	246.00000	441.00000	 	1164.00000	553.50000	 	 	 	 	 	 	 	 	 	 
136	997.50000	631.50000	*	703.50000	705.00000	 	1260.00000	534.00000	 	772.50000	483.00000	 	430.50000	262.50000	 	1387.50000	972.00000	 	571.50000	337.50000	 	244.50000	441.00000	 	1165.50000	553.50000	 	 	 	 	 	 	 	 	 	 
137	1000.50000	627.00000	 	703.50000	703.50000	 	1260.00000	532.50000	 	772.50000	483.00000	 	430.50000	262.50000	 	1390.50000	972.00000	 	571.50000	336.00000	 	243.00000	441.00000	 	1164.00000	550.50000	 	 	 	 	 	 	 	 	 	 
138	997.50000	627.00000	 	705.00000	705.00000	 	1258.50000	531.00000	 	774.00000	484.50000	 	430.50000	262.50000	 	1392.00000	973.50000	 	570.00000	337.50000	 	244.50000	441.00000	 	1164.00000	553.50000	 	 	 	 	 	 	 	 	 	 
139	1000.50000	619.50000	 	703.50000	703.50000	 	1257.00000	535.50000	 	775.50000	483.00000	 	429.00000	262.50000	 	1395.00000	976.50000	 	571.50000	339.00000	 	244.50000	441.00000	 	1165.50000	553.50000	 	 	 	 	 	 	 	 	 	 
140	997.50000	628.50000	 	703.50000	702.00000	 	1258.50000	535.50000	 	775.50000	478.50000	 	427.50000	259.50000	 	1395.00000	978.00000	 	571.50000	339.00000	 	241.50000	438.00000	 	1167.00000	553.50000	 	 	 	 	 	 	 	 	 	 
141	996.00000	628.50000	 	703.50000	702.00000	 	1257.00000	535.50000	 	775.50000	481.50000	 	429.00000	262.50000	 	1395.00000	978.00000	 	571.50000	339.00000	 	243.00000	438.00000	 	1168.50000	555.00000	 	 	 	 	 	 	 	 	 	 
142	996.00000	628.50000	 	705.00000	703.50000	 	1258.50000	537.00000	 	775.50000	478.50000	 	424.50000	256.50000	 	1392.00000	978.00000	 	568.50000	336.00000	 	243.00000	439.50000	 	1167.00000	555.00000	 	 	 	 	 	 	 	 	 	 
143	996.00000	628.50000	 	705.00000	702.00000	 	1260.00000	534.00000	 	774.00000	478.50000	 	424.50000	256.50000	 	1390.50000	981.00000	 	567.00000	334.50000	 	246.00000	441.00000	 	1168.50000	553.50000	 	 	 	 	 	 	 	 	 	 
144	994.50000	628.50000	 	709.50000	702.00000	 	1258.50000	535.50000	 	772.50000	480.00000	 	426.00000	253.50000	 	1390.50000	982.50000	 	564.00000	333.00000	 	243.00000	438.00000	 	1167.00000	555.00000	 	 	 	 	 	 	 	 	 	 
145	994.50000	630.00000	 	708.00000	703.50000	 	1255.50000	537.00000	 	771.00000	480.00000	 	429.00000	253.50000	 	1389.00000	982.50000	 	562.50000	334.50000	 	246.00000	441.00000	 	1167.00000	556.50000	 	 	 	 	 	 	 	 	 	 
146	994.50000	630.00000	 	712.50000	700.50000	 	1252.50000	535.50000	 	771.00000	480.00000	 	427.50000	250.50000	 	1389.00000	982.50000	 	564.00000	336.00000	 	246.00000	441.00000	 	1167.00000	555.00000	 	 	 	 	 	 	 	 	 	 
147	991.50000	624.00000	 	711.00000	700.50000	 	1254.00000	537.00000	 	775.50000	480.00000	 	427.50000	250.50000	 	1390.50000	984.00000	 	565.50000	336.00000	 	241.50000	438.00000	 	1165.50000	555.00000	 	 	 	 	 	 	 	 	 	 
148	997.50000	621.00000	 	711.00000	700.50000	 	1257.00000	537.00000	 	774.00000	483.00000	 	430.50000	255.00000	 	1389.00000	985.50000	 	564.00000	334.50000	 	238.50000	441.00000	 	1170.00000	556.50000	 	 	 	 	 	 	 	 	 	 
149	999.00000	619.50000	 	703.50000	703.50000	 	1255.50000	537.00000	 	771.00000	481.50000	 	432.00000	256.50000	 	1392.00000	982.50000	 	562.50000	334.50000	 	244.50000	441.00000	 	1168.50000	556.50000	 	 	 	 	 	 	 	 	 	 
150	994.50000	622.50000	 	703.50000	696.00000	 	1257.00000	534.00000	 	768.00000	483.00000	 	433.50000	256.50000	 	1389.00000	982.50000	 	559.50000	333.00000	 	246.00000	441.00000	 	1167.00000	553.50000	 	 	 	 	 	 	 	 	 	 
151	996.00000	625.50000	 	697.50000	699.00000	 	1257.00000	538.50000	 	768.00000	484.50000	 	436.50000	258.00000	 	1390.50000	984.00000	 	561.00000	333.00000	 	246.00000	441.00000	 	1168.50000	552.00000	 	 	 	 	 	 	 	 	 	 
152	997.50000	619.50000	 	697.50000	700.50000	 	1258.50000	535.50000	 	771.00000	484.50000	 	435.00000	259.50000	 	1387.50000	982.50000	 	561.00000	333.00000	 	244.50000	439.50000	 	1168.50000	550.50000	 	 	 	 	 	 	 	 	 	 
153	996.00000	627.00000	 	699.00000	700.50000	 	1258.50000	534.00000	 	772.50000	483.00000	 	435.00000	258.00000	 	1387.50000	982.50000	 	559.50000	333.00000	 	243.00000	439.50000	 	1168.50000	549.00000	 	 	 	 	 	 	 	 	 	 
154	996.00000	627.00000	 	696.00000	700.50000	 	1258.50000	538.50000	 	774.00000	480.00000	 	435.00000	258.00000	 	1387.50000	982.50000	 	561.00000	330.00000	 	247.50000	444.00000	 	1171.50000	549.00000	 	 	 	 	 	 	 	 	 	 
155	997.50000	628.50000	 	697.50000	699.00000	 	1258.50000	535.50000	 	774.00000	481.50000	 	436.50000	256.50000	 	1387.50000	982.50000	 	564.00000	331.50000	 	246.00000	435.00000	 	1173.00000	552.00000	 	 	 	 	 	 	 	 	 	 
156	1000.50000	627.00000	 	697.50000	699.00000	 	1261.50000	534.00000	 	772.50000	483.00000	 	436.50000	253.50000	 	1386.00000	979.50000	 	562.50000	333.00000	 	246.00000	436.50000	 	1174.50000	555.00000	 	 	 	 	 	 	 	 	 	 
157	1000.50000	628.50000	 	697.50000	699.00000	 	1263.00000	535.50000	 	771.00000	480.00000	 	436.50000	253.50000	 	1386.00000	978.00000	 	564.00000	331.50000	 	246.00000	435.00000	 	1168.50000	550.50000	 	 	 	 	 	 	 	 	 	 
158	1002.00000	625.50000	 	706.50000	705.00000	 	1263.00000	535.50000	 	771.00000	480.00000	 	433.50000	258.00000	 	1386.00000	978.00000	 	565.50000	331.50000	 	246.00000	435.00000	 	1168.50000	550.50000	 	 	 	 	 	 	 	 	 	 
159	1003.50000	625.50000	 	697.50000	699.00000	 	1264.50000	538.50000	 	772.50000	481.50000	 	433.50000	258.00000	 	1389.00000	978.00000	 	562.50000	330.00000	 	246.00000	435.00000	 	1168.50000	553.50000	 	 	 	 	 	 	 	 	 	 
160	1002.00000	625.50000	 	697.50000	699.00000	 	1266.00000	541.50000	 	772.50000	484.50000	 	435.00000	258.00000	 	1389.00000	979.50000	 	567.00000	333.00000	 	246.00000	436.50000	 	1167.00000	555.00000	 	 	 	 	 	 	 	 	 	 
161	1000.50000	616.50000	 	 	 	 	1264.50000	541.50000	 	774.00000	487.50000	 	438.00000	256.50000	 	1390.50000	979.50000	 	567.00000	333.00000	 	246.00000	436.50000	 	1165.50000	553.50000	 	 	 	 	 	 	 	 	 	 
162	1000.50000	610.50000	 	697.50000	699.00000	*	1266.00000	541.50000	 	777.00000	486.00000	 	438.00000	255.00000	 	1392.00000	979.50000	 	565.50000	334.50000	 	244.50000	435.00000	 	1164.00000	553.50000	 	 	 	 	 	 	 	 	 	 
163	999.00000	609.00000	 	703.50000	702.00000	 	1264.50000	541.50000	 	775.50000	492.00000	 	438.00000	253.50000	 	1393.50000	981.00000	 	567.00000	333.00000	 	246.00000	436.50000	 	1168.50000	555.00000	 	 	 	 	 	 	 	 	 	 
164	1000.50000	610.50000	 	697.50000	699.00000	 	1258.50000	544.50000	 	778.50000	492.00000	 	441.00000	253.50000	 	1395.00000	981.00000	 	564.00000	337.50000	 	246.00000	433.50000	 	1168.50000	555.00000	 	 	 	 	 	 	 	 	 	 
165	 	 	 	697.50000	699.00000	 	1258.50000	547.50000	 	777.00000	493.50000	 	444.00000	252.00000	 	1396.50000	981.00000	 	564.00000	337.50000	 	246.00000	435.00000	 	1170.00000	553.50000	 	1014.00000	631.50000	 	 	 	 	 	 	 
166	1000.50000	610.50000	*	697.50000	699.00000	 	1257.00000	550.50000	 	777.00000	493.50000	 	441.00000	252.00000	 	1401.00000	981.00000	 	567.00000	337.50000	 	246.00000	432.00000	 	1168.50000	549.00000	 	 	 	 	 	 	 	 	 	 
167	999.00000	609.00000	 	703.50000	700.50000	 	1255.50000	553.50000	 	777.00000	492.00000	 	442.50000	252.00000	 	1401.00000	984.00000	 	567.00000	339.00000	 	246.00000	433.50000	 	1170.00000	549.00000	 	 	 	 	 	 	 	 	 	 
168	 	 	 	700.50000	697.50000	 	 	 	 	777.00000	492.00000	 	441.00000	253.50000	 	1401.00000	981.00000	 	570.00000	337.50000	 	252.00000	436.50000	 	1168.50000	549.00000	 	1015.50000	636.00000	*	 	 	 	 	 	 
169	999.00000	616.50000	*	702.00000	699.00000	 	 	 	 	775.50000	489.00000	 	442.50000	253.50000	 	1402.50000	979.50000	 	571.50000	336.00000	 	255.00000	438.00000	 	1168.50000	552.00000	 	 	 	 	 	 	 	 	 	 
170	 	 	 	703.50000	702.00000	 	1255.40930	543.90104	*	775.50000	487.50000	 	441.00000	252.00000	 	1402.50000	978.00000	 	570.00000	334.50000	 	253.50000	439.50000	 	1168.50000	546.00000	 	1015.50000	631.50000	*	 	 	 	 	 	 
171	1000.50000	613.50000	*	700.50000	697.50000	 	1252.50000	552.00000	 	777.00000	489.00000	 	439.50000	252.00000	 	1402.50000	979.50000	 	568.50000	333.00000	 	250.50000	445.50000	 	1170.00000	552.00000	 	 	 	 	 	 	 	 	 	 
172	1000.50000	612.00000	 	703.50000	702.00000	 	1254.00000	550.50000	 	780.00000	490.50000	 	438.00000	252.00000	 	1401.00000	979.50000	 	570.00000	334.50000	 	250.50000	444.00000	 	1168.50000	552.00000	 	 	 	 	 	 	 	 	 	 
173	 	 	 	697.50000	699.00000	 	1255.50000	553.50000	 	780.00000	489.00000	 	439.50000	252.00000	 	1399.50000	981.00000	 	570.00000	333.00000	 	250.50000	442.50000	 	1171.50000	549.00000	 	1017.00000	633.00000	*	 	 	 	 	 	 
174	 	 	 	702.00000	700.50000	 	1255.50000	555.00000	 	781.50000	490.50000	 	438.00000	253.50000	 	1399.50000	981.00000	 	567.00000	334.50000	 	252.00000	441.00000	 	1168.50000	547.50000	 	1020.00000	633.00000	 	 	 	 	 	 	 
175	 	 	 	699.00000	699.00000	 	1257.00000	552.00000	 	781.50000	490.50000	 	438.00000	252.00000	 	1402.50000	981.00000	 	565.50000	328.50000	 	250.50000	441.00000	 	1165.50000	549.00000	 	1018.50000	633.00000	 	 	 	 	 	 	 
176	 	 	 	703.50000	702.00000	 	1254.00000	553.50000	 	783.00000	492.00000	 	439.50000	250.50000	 	1399.50000	979.50000	 	565.50000	330.00000	 	252.00000	442.50000	 	1167.00000	549.00000	 	1017.00000	634.50000	 	 	 	 	 	 	 
177	999.00000	610.50000	*	703.50000	702.00000	 	1254.00000	556.50000	 	784.50000	492.00000	 	441.00000	249.00000	 	1399.50000	978.00000	 	567.00000	325.50000	 	252.00000	444.00000	 	1165.50000	549.00000	 	 	 	 	 	 	 	 	 	 
178	 	 	 	697.50000	699.00000	 	1255.50000	556.50000	 	786.00000	490.50000	 	442.50000	247.50000	 	1398.00000	979.50000	 	565.50000	325.50000	 	249.00000	444.00000	 	1168.50000	552.00000	 	1018.50000	636.00000	*	 	 	 	 	 	 
179	 	 	 	697.50000	699.00000	 	1254.00000	556.50000	 	786.00000	490.50000	 	442.50000	249.00000	 	1398.00000	981.00000	 	570.00000	327.00000	 	252.00000	444.00000	 	1165.50000	550.50000	 	1020.00000	637.50000	 	 	 	 	 	 	 
180	 	 	 	699.00000	699.00000	 	1255.50000	555.00000	 	786.00000	487.50000	 	444.00000	250.50000	 	1399.50000	981.00000	 	571.50000	330.00000	 	252.00000	442.50000	 	1168.50000	549.00000	 	1018.50000	637.50000	 	 	 	 	 	 	 
181	 	 	 	699.00000	699.00000	 	1254.00000	558.00000	 	784.50000	490.50000	 	442.50000	250.50000	 	1399.50000	981.00000	 	570.00000	328.50000	 	249.00000	442.50000	 	1167.00000	550.50000	 	1021.50000	637.50000	 	 	 	 	 	 	 
182	 	 	 	702.00000	697.50000	 	1255.50000	559.50000	 	781.50000	490.50000	 	444.00000	250.50000	 	1404.00000	982.50000	 	568.50000	328.50000	 	249.00000	442.50000	 	1165.50000	549.00000	 	1020.00000	636.00000	 	 	 	 	 	 	 
183	 	 	 	700.50000	697.50000	 	1257.00000	555.00000	 	780.00000	493.50000	 	447.00000	247.50000	 	1405.50000	982.50000	 	567.00000	330.00000	 	250.50000	442.50000	 	1164.00000	549.00000	 	 	 	 	 	 	 	 	 	 
184	 	 	 	702.00000	697.50000	 	1255.50000	555.00000	 	780.00000	493.50000	 	447.00000	249.00000	 	1402.50000	984.00000	 	570.00000	331.50000	 	249.00000	442.50000	 	1164.00000	553.50000	 	 	 	 	 	 	 	 	 	 
185	 	 	 	702.00000	697.50000	 	1257.00000	555.00000	 	777.00000	493.50000	 	447.00000	247.50000	 	1402.50000	984.00000	 	571.50000	330.00000	 	252.26220	444.37950	 	1165.50000	553.50000	 	 	 	 	 	 	 	 	 	 
186	 	 	 	702.00000	697.50000	 	1257.00000	555.00000	 	777.00000	493.50000	 	445.50000	247.50000	 	1401.00000	987.00000	 	571.50000	327.00000	 	249.00000	445.50000	 	1164.00000	553.50000	 	1018.50000	631.50000	*	 	 	 	 	 	 
187	 	 	 	 	 	 	1257.00000	555.00000	 	774.00000	492.00000	 	445.50000	249.00000	 	1399.50000	985.50000	 	573.00000	328.50000	 	250.50000	445.50000	 	1165.50000	553.50000	 	1017.00000	631.50000	 	717.00000	726.00000	 	 	 	 
188	 	 	 	 	 	 	1254.00000	556.50000	 	771.00000	493.50000	 	448.50000	250.50000	 	1398.00000	982.50000	 	576.00000	327.00000	 	252.00000	444.00000	 	1168.50000	552.00000	 	1015.50000	633.00000	 	718.50000	724.50000	 	 	 	 
189	 	 	 	702.00000	697.50000	*	1252.50000	556.50000	 	771.00000	492.00000	 	451.50000	249.00000	 	1396.50000	984.00000	 	576.00000	324.00000	 	249.00000	444.00000	 	1170.00000	552.00000	 	 	 	 	 	 	 	 	 	 
190	 	 	 	697.50000	699.00000	 	1254.00000	558.00000	 	768.00000	492.00000	 	451.50000	249.00000	 	1399.50000	981.00000	 	576.00000	324.00000	 	250.50000	447.00000	 	1171.50000	552.00000	 	1014.00000	628.50000	*	 	 	 	 	 	 
191	 	 	 	 	 	 	1251.00000	555.00000	 	768.00000	493.50000	 	454.50000	246.00000	 	1398.00000	979.50000	 	576.00000	322.50000	 	250.50000	447.00000	 	1170.00000	553.50000	 	1017.00000	628.50000	 	723.00000	724.50000	*	 	 	 
192	 	 	 	 	 	 	1249.50000	558.00000	 	765.00000	493.50000	 	456.00000	247.50000	 	1396.50000	981.00000	 	576.00000	319.50000	 	249.00000	444.00000	 	1171.50000	555.00000	 	1014.00000	627.00000	 	720.00000	726.00000	 	 	 	 
193	 	 	 	 	 	 	1248.00000	558.00000	 	765.00000	492.00000	 	456.00000	244.50000	 	1396.50000	981.00000	 	579.00000	316.50000	 	252.21727	444.15514	 	1171.50000	555.00000	 	1017.00000	625.50000	 	721.50000	724.50000	 	 	 	 
194	 	 	 	 	 	 	1249.50000	555.00000	 	768.00000	492.00000	 	456.00000	243.00000	 	1395.00000	981.00000	 	580.50000	316.50000	 	253.21317	443.75475	 	1171.50000	555.00000	 	1018.50000	625.50000	 	721.50000	723.00000	 	 	 	 
195	 	 	 	 	 	 	1249.50000	556.50000	 	771.00000	490.50000	 	456.00000	243.00000	 	1395.00000	982.50000	 	582.00000	315.00000	 	253.50000	444.00000	 	1170.00000	553.50000	 	1017.00000	627.00000	 	723.00000	724.50000	 	 	 	 
196	 	 	 	700.50000	697.50000	 	1251.00000	558.00000	 	771.00000	492.00000	 	453.00000	241.50000	 	1395.00000	982.50000	 	579.00000	315.00000	 	253.86412	444.78264	 	1170.00000	555.00000	 	1018.50000	628.50000	 	 	 	 	 	 	 
197	 	 	 	700.50000	697.50000	 	1248.00000	556.50000	 	774.00000	493.50000	 	453.00000	243.00000	 	1395.00000	982.50000	 	582.00000	313.50000	 	252.00000	444.00000	 	1170.00000	553.50000	 	1017.00000	627.00000	 	 	 	 	 	 	 
198	 	 	 	700.50000	697.50000	 	1246.50000	556.50000	 	777.00000	492.00000	 	451.50000	240.00000	 	1398.00000	982.50000	 	582.00000	313.50000	 	252.00000	442.50000	 	1170.00000	553.50000	 	1018.50000	630.00000	 	 	 	 	 	 	 
199	 	 	 	700.50000	697.50000	 	1246.50000	556.50000	 	774.00000	490.50000	 	451.50000	238.50000	 	1398.00000	981.00000	 	582.00000	316.50000	 	252.00000	444.00000	 	1170.00000	552.00000	 	 	 	 	 	 	 	 	 	 
200	 	 	 	 	 	 	1246.50000	556.50000	 	778.50000	492.00000	 	454.50000	234.00000	 	1396.50000	984.00000	 	580.50000	318.00000	 	252.00000	444.00000	 	1170.00000	552.00000	 	 	 	 	724.50000	726.00000	*	 	 	 
201	 	 	 	 	 	 	1245.00000	555.00000	 	777.00000	492.00000	 	453.00000	232.50000	 	1398.00000	987.00000	 	579.00000	319.50000	 	253.88599	444.80606	 	1170.00000	552.00000	 	1017.00000	633.00000	*	727.50000	727.50000	 	 	 	 
202	 	 	 	 	 	 	1243.50000	558.00000	 	777.00000	490.50000	 	453.00000	232.50000	 	1399.50000	984.00000	 	580.50000	319.50000	 	252.00000	442.50000	 	1170.00000	552.00000	 	1015.50000	631.50000	 	726.00000	727.50000	 	 	 	 
203	 	 	 	 	 	 	1243.50000	556.50000	 	780.00000	486.00000	 	451.50000	232.50000	 	1399.50000	985.50000	 	582.00000	319.50000	 	255.29111	442.58559	 	1171.50000	553.50000	 	 	 	 	726.00000	726.00000	 	 	 	 
204	 	 	 	702.00000	697.50000	*	1242.00000	556.50000	 	783.00000	487.50000	 	450.00000	232.50000	 	1398.00000	984.00000	 	582.00000	319.50000	 	253.50000	444.00000	 	1170.00000	553.50000	 	1015.50000	628.50000	*	 	 	 	 	 	 
205	 	 	 	702.00000	697.50000	 	1240.50000	553.50000	 	786.00000	487.50000	 	451.50000	231.00000	 	1398.00000	985.50000	 	582.00000	321.00000	 	255.00000	442.50000	 	1170.00000	553.50000	 	1018.50000	630.00000	 	 	 	 	 	 	 
206	 	 	 	 	 	 	1240.50000	556.50000	 	784.50000	489.00000	 	451.50000	232.50000	 	1398.00000	988.50000	 	582.00000	324.00000	 	253.50000	444.00000	 	1170.00000	552.00000	 	 	 	 	718.50000	726.00000	*	 	 	 
207	 	 	 	697.50000	700.50000	*	1240.50000	550.50000	 	786.00000	489.00000	 	453.00000	234.00000	 	1398.00000	987.00000	 	583.50000	325.50000	 	252.00000	444.00000	 	1171.50000	555.00000	 	 	 	 	 	 	 	 	 	 
208	 	 	 	 	 	 	1240.50000	553.50000	 	789.00000	489.00000	 	453.00000	235.50000	 	1393.50000	987.00000	 	585.00000	327.00000	 	253.50000	447.00000	 	1171.50000	553.50000	 	 	 	 	714.00000	721.50000	*	 	 	 
209	 	 	 	702.00000	697.50000	*	 	 	 	789.00000	487.50000	 	456.00000	238.50000	 	1393.50000	985.50000	 	588.00000	327.00000	 	256.50000	445.50000	 	1171.50000	556.50000	 	1017.00000	637.50000	*	 	 	 	 	 	 
210	 	 	 	702.00000	697.50000	 	1242.00000	550.50000	*	789.00000	486.00000	 	456.00000	240.00000	 	1392.00000	984.00000	 	588.00000	328.50000	 	253.50000	444.00000	 	1170.00000	553.50000	 	1018.50000	634.50000	 	 	 	 	 	 	 
211	 	 	 	702.00000	697.50000	 	 	 	 	787.50000	484.50000	 	456.00000	238.50000	 	1392.00000	987.00000	 	588.00000	330.00000	 	253.50000	445.50000	 	1170.00000	553.50000	 	1020.00000	634.50000	 	 	 	 	 	 	 
212	 	 	 	700.50000	697.50000	 	1243.50000	552.00000	*	784.50000	486.00000	 	459.00000	237.00000	 	1392.00000	987.00000	 	588.00000	333.00000	 	256.50000	442.50000	 	1171.50000	555.00000	 	 	 	 	 	 	 	1305.00000	745.50000	 
213	 	 	 	700.50000	697.50000	 	1242.00000	555.00000	 	783.00000	483.00000	 	459.00000	235.50000	 	1390.50000	987.00000	 	585.00000	331.50000	 	253.86380	444.21240	 	 	 	 	 	 	 	 	 	 	 	 	 
214	 	 	 	699.00000	699.00000	 	1242.00000	553.50000	 	784.50000	480.00000	 	457.50000	237.00000	 	1389.00000	985.50000	 	583.50000	333.00000	 	255.41723	442.27706	 	1165.50000	553.50000	*	 	 	 	 	 	 	 	 	 
215	 	 	 	700.50000	697.50000	 	1242.00000	558.00000	 	781.50000	486.00000	 	459.00000	238.50000	 	1389.00000	984.00000	 	585.00000	334.50000	 	253.50000	441.00000	 	1162.50000	553.50000	 	1021.50000	636.00000	*	 	 	 	1311.00000	747.00000	*
216	 	 	 	703.50000	702.00000	 	1243.50000	558.00000	 	781.50000	484.50000	 	456.00000	238.50000	 	1393.50000	985.50000	 	585.00000	333.00000	 	254.25000	441.00000	 	1170.00000	553.50000	 	1021.50000	637.50000	 	 	 	 	 	 	 
217	 	 	 	703.50000	702.00000	 	1246.50000	558.00000	 	784.50000	484.50000	 	454.50000	240.00000	 	1392.00000	988.50000	 	585.00000	333.00000	 	250.50000	441.00000	 	1170.00000	555.00000	 	1018.50000	637.50000	 	 	 	 	 	 	 
218	 	 	 	700.50000	697.50000	 	1246.50000	555.00000	 	787.50000	486.00000	 	454.50000	241.50000	 	1390.50000	988.50000	 	582.00000	336.00000	 	252.00000	442.50000	 	 	 	 	1023.00000	636.00000	 	 	 	 	1315.50000	747.00000	*
219	 	 	 	700.50000	697.50000	 	1248.00000	556.50000	 	787.50000	484.50000	 	456.00000	243.00000	 	1387.50000	990.00000	 	582.00000	339.00000	 	252.00000	442.50000	 	 	 	 	1023.00000	633.00000	 	 	 	 	1312.50000	751.50000	 
220	 	 	 	700.50000	697.50000	 	1248.00000	556.50000	 	786.00000	481.50000	 	459.00000	244.50000	 	1390.50000	988.50000	 	585.00000	340.50000	 	255.00000	445.50000	 	1171.50000	553.50000	*	1024.50000	633.00000	 	 	 	 	 	 	 
221	 	 	 	700.50000	697.50000	 	1245.00000	556.50000	 	786.00000	483.00000	 	462.00000	246.00000	 	1392.00000	990.00000	 	583.50000	342.00000	 	255.00000	445.50000	 	1171.50000	555.00000	 	1024.50000	633.00000	 	 	 	 	1315.50000	751.50000	*
222	 	 	 	700.50000	697.50000	 	1243.50000	555.00000	 	787.50000	484.50000	 	459.00000	247.50000	 	1392.00000	987.00000	 	585.00000	342.00000	 	252.00000	442.50000	 	1171.50000	553.50000	 	1023.00000	634.50000	 	 	 	 	 	 	 
223	 	 	 	700.50000	697.50000	 	1243.50000	553.50000	 	792.00000	483.00000	 	463.50000	244.50000	 	1393.50000	990.00000	 	588.00000	339.00000	 	255.00000	448.50000	 	1170.00000	555.00000	 	1023.00000	634.50000	 	 	 	 	1318.50000	751.50000	*
224	 	 	 	700.50000	699.00000	 	1242.00000	556.50000	 	796.50000	483.00000	 	463.50000	244.50000	 	1395.00000	987.00000	 	586.50000	337.50000	 	255.00000	450.00000	 	1168.50000	555.00000	 	1023.00000	634.50000	 	 	 	 	1317.00000	753.00000	 
225	 	 	 	702.00000	699.00000	 	1240.50000	555.00000	 	798.00000	486.00000	 	466.50000	244.50000	 	1398.00000	988.50000	 	585.00000	340.50000	 	247.50000	442.50000	 	1170.00000	555.00000	 	1024.50000	633.00000	 	 	 	 	1317.00000	751.50000	 
226	 	 	 	700.50000	697.50000	 	1240.50000	555.00000	 	796.50000	486.00000	 	466.50000	244.50000	 	1398.00000	985.50000	 	585.00000	340.50000	 	253.50000	450.00000	 	1168.50000	555.00000	 	1024.50000	631.50000	 	 	 	 	1318.50000	753.00000	 
227	 	 	 	700.50000	697.50000	 	1242.00000	553.50000	 	799.50000	484.50000	 	468.00000	246.00000	 	1398.00000	982.50000	 	586.50000	336.00000	 	253.50000	451.50000	 	1171.50000	553.50000	 	1026.00000	630.00000	 	 	 	 	1317.00000	753.00000	 
228	 	 	 	697.50000	700.50000	 	1242.00000	552.00000	 	796.50000	483.00000	 	469.50000	244.50000	 	1398.00000	982.50000	 	585.00000	334.50000	 	254.33637	451.34355	 	1171.50000	553.50000	 	1027.50000	631.50000	 	 	 	 	1318.50000	754.50000	 
229	 	 	 	699.00000	699.00000	 	1239.00000	555.00000	 	798.00000	480.00000	 	472.50000	247.50000	 	1396.50000	987.00000	 	585.00000	336.00000	 	256.50000	460.50000	 	1171.50000	553.50000	 	1027.50000	631.50000	 	 	 	 	1318.50000	753.00000	 
230	 	 	 	 	 	 	1240.50000	556.50000	 	796.50000	481.50000	 	474.00000	250.50000	 	1398.00000	985.50000	 	586.50000	337.50000	 	 	 	 	1170.00000	553.50000	 	1027.50000	630.00000	 	 	 	 	1320.00000	753.00000	 
231	 	 	 	699.00000	699.00000	*	1239.00000	556.50000	 	795.00000	480.00000	 	474.00000	252.00000	 	1396.50000	985.50000	 	583.50000	339.00000	 	 	 	 	1168.50000	553.50000	 	1029.00000	633.00000	 	 	 	 	1320.00000	753.00000	 
232	 	 	 	697.50000	699.00000	 	1239.00000	556.50000	 	796.50000	478.50000	 	471.00000	252.00000	 	1393.50000	987.00000	 	583.50000	339.00000	 	259.50000	463.50000	*	1156.50000	562.50000	 	1029.00000	633.00000	 	 	 	 	1318.50000	751.50000	 
233	 	 	 	697.50000	699.00000	 	1239.00000	556.50000	 	798.00000	477.00000	 	472.50000	250.50000	 	1393.50000	987.00000	 	586.50000	336.00000	 	259.50000	465.00000	 	1158.00000	559.50000	 	1027.50000	631.50000	 	 	 	 	1320.00000	750.00000	 
234	 	 	 	697.50000	699.00000	 	1236.00000	559.50000	 	795.00000	474.00000	 	474.00000	249.00000	 	1393.50000	990.00000	 	586.50000	336.00000	 	 	 	 	1161.00000	555.00000	 	1024.50000	628.50000	 	 	 	 	1320.00000	748.50000	 
235	 	 	 	 	 	 	1237.50000	556.50000	 	795.00000	475.50000	 	472.50000	249.00000	 	1395.00000	988.50000	 	588.00000	331.50000	 	 	 	 	1162.50000	555.00000	 	1023.00000	631.50000	 	 	 	 	1320.00000	748.50000	 
236	 	 	 	 	 	 	1239.00000	556.50000	 	792.00000	475.50000	 	472.50000	250.50000	 	1395.00000	990.00000	 	589.50000	325.50000	 	264.00000	466.50000	*	1164.00000	553.50000	 	1023.00000	630.00000	 	 	 	 	1318.50000	747.00000	 
237	 	 	 	 	 	 	1239.00000	556.50000	 	793.50000	475.50000	 	474.00000	249.00000	 	1398.00000	988.50000	 	589.50000	327.00000	 	264.00000	465.00000	 	1162.50000	552.00000	 	1024.50000	633.00000	 	 	 	 	1317.00000	748.50000	 
238	 	 	 	697.50000	699.00000	*	1239.00000	556.50000	 	793.50000	474.00000	 	474.00000	249.00000	 	1398.00000	990.00000	 	588.00000	325.50000	 	264.00000	465.00000	 	1161.00000	552.00000	 	1029.00000	630.00000	 	 	 	 	1317.00000	745.50000	 
239	 	 	 	697.50000	697.50000	 	1242.00000	556.50000	 	792.00000	475.50000	 	474.00000	247.50000	 	1395.00000	990.00000	 	591.00000	325.50000	 	262.50000	466.50000	 	1162.50000	555.00000	 	1027.50000	633.00000	 	 	 	 	 	 	 
240	 	 	 	 	 	 	1243.50000	556.50000	 	792.00000	477.00000	 	475.50000	247.50000	 	1396.50000	990.00000	 	591.00000	327.00000	 	261.00000	465.00000	 	1162.50000	555.00000	 	1027.50000	633.00000	 	 	 	 	1318.50000	748.50000	*

Track 	Length	Distance traveled	Nr of Frames
1	438.35051	13.50000	167
2	528.13678	1.50000	221
3	555.98890	30.77743	232
4	580.54443	55.58102	240
5	545.78424	82.51364	240
6	531.90671	51.02205	239
7	565.67913	56.04463	240
8	730.87095	25.08867	236
9	439.03972	8.74643	178
10	141.25531	13.58308	57
11	38.05745	5.40833	13
12	50.79633	13.82932	22
