Frame	X1	Y1	Flag1	X2	Y2	Flag2
Tracks 1 to 2
1	691.50000	484.50000	 	520.50000	345.00000	 
2	694.50000	483.00000	 	520.50000	343.50000	 
3	691.50000	484.50000	 	520.50000	345.00000	 
4	687.00000	495.00000	 	519.00000	343.50000	 
5	691.50000	484.50000	 	517.50000	343.50000	 
6	690.00000	486.00000	 	519.00000	343.50000	 
7	688.50000	487.50000	 	519.00000	345.00000	 
8	691.50000	483.00000	 	516.00000	342.00000	 
9	691.50000	483.00000	 	517.50000	343.50000	 
10	690.00000	484.50000	 	519.00000	345.00000	 
11	685.50000	495.00000	 	517.50000	342.00000	 
12	687.00000	495.00000	 	517.50000	342.00000	 
13	688.50000	484.50000	 	517.50000	342.00000	 
14	687.00000	495.00000	 	517.50000	342.00000	 
15	687.00000	495.00000	 	517.50000	340.50000	 
16	691.50000	481.50000	 	517.50000	342.00000	 
17	691.50000	483.00000	 	520.50000	340.50000	 
18	691.50000	483.00000	 	519.00000	340.50000	 
19	690.00000	486.00000	 	520.50000	340.50000	 
20	690.00000	486.00000	 	519.00000	340.50000	 
21	691.50000	486.00000	 	519.00000	340.50000	 
22	690.00000	486.00000	 	520.50000	340.50000	 
23	688.50000	487.50000	 	517.50000	340.50000	 
24	691.50000	486.00000	 	519.00000	340.50000	 
25	691.50000	486.00000	 	519.00000	340.50000	 
26	691.50000	487.50000	 	517.50000	339.00000	 
27	691.50000	487.50000	 	517.50000	339.00000	 
28	691.50000	487.50000	 	517.50000	340.50000	 
29	691.50000	489.00000	 	517.50000	340.50000	 
30	690.00000	489.00000	 	519.00000	340.50000	 
31	690.00000	490.50000	 	517.50000	342.00000	 
32	691.50000	489.00000	 	517.50000	340.50000	 
33	690.00000	489.00000	 	517.50000	340.50000	 
34	690.00000	489.00000	 	517.50000	342.00000	 
35	690.00000	489.00000	 	517.50000	340.50000	 
36	688.50000	489.00000	 	517.50000	340.50000	 
37	690.00000	487.50000	 	517.50000	342.00000	 
38	688.50000	489.00000	 	519.00000	340.50000	 
39	687.00000	484.50000	 	519.00000	339.00000	 
40	687.00000	487.50000	 	520.50000	340.50000	 
41	685.50000	486.00000	 	520.50000	340.50000	 
42	685.50000	486.00000	 	519.00000	340.50000	 
43	685.50000	487.50000	 	520.50000	340.50000	 
44	685.50000	486.00000	 	520.50000	340.50000	 
45	685.50000	487.50000	 	520.50000	340.50000	 
46	684.00000	487.50000	 	520.50000	340.50000	 
47	684.00000	487.50000	 	520.50000	340.50000	 
48	684.00000	487.50000	 	517.50000	339.00000	 
49	682.50000	489.00000	 	519.00000	339.00000	 
50	681.00000	487.50000	 	519.00000	336.00000	 
51	681.00000	489.00000	 	517.50000	336.00000	 
52	682.50000	489.00000	 	517.50000	337.50000	 
53	681.00000	489.00000	 	519.00000	339.00000	 
54	682.50000	487.50000	 	517.50000	337.50000	 
55	681.00000	489.00000	 	517.50000	339.00000	 
56	681.00000	490.50000	 	517.50000	339.00000	 
57	681.00000	489.00000	 	517.50000	339.00000	 
58	682.50000	490.50000	 	517.50000	340.50000	 
59	682.50000	489.00000	 	514.50000	339.00000	 
60	684.00000	490.50000	 	516.00000	340.50000	 
61	682.50000	489.00000	 	514.50000	340.50000	 
62	684.00000	487.50000	 	513.00000	339.00000	 
63	684.00000	487.50000	 	513.00000	339.00000	 
64	685.50000	486.00000	 	513.00000	339.00000	 
65	685.50000	486.00000	 	514.50000	339.00000	 
66	685.50000	486.00000	 	514.50000	337.50000	 
67	685.50000	486.00000	 	514.50000	337.50000	 
68	685.50000	486.00000	 	514.50000	337.50000	 
69	685.50000	486.00000	 	514.50000	337.50000	 
70	687.00000	487.50000	 	514.50000	339.00000	 
71	687.00000	486.00000	 	513.00000	337.50000	 
72	688.50000	489.00000	 	513.00000	339.00000	 
73	688.50000	489.00000	 	513.00000	339.00000	 
74	688.50000	489.00000	 	514.50000	337.50000	 
75	690.00000	487.50000	 	514.50000	340.50000	 
76	690.00000	489.00000	 	514.50000	340.50000	 
77	690.00000	489.00000	 	516.00000	339.00000	 
78	690.00000	489.00000	 	514.50000	339.00000	 
79	691.50000	487.50000	 	514.50000	339.00000	 
80	691.50000	487.50000	 	516.00000	337.50000	 
81	691.50000	487.50000	 	517.50000	337.50000	 
82	691.50000	487.50000	 	517.50000	339.00000	 
83	691.50000	486.00000	 	516.00000	339.00000	 
84	691.50000	486.00000	 	517.50000	340.50000	 
85	691.50000	484.50000	 	516.00000	340.50000	 
86	691.50000	484.50000	 	517.50000	342.00000	 
87	690.00000	487.50000	 	519.00000	345.00000	 
88	691.50000	487.50000	 	519.00000	343.50000	 
89	691.50000	487.50000	 	519.00000	343.50000	 
90	691.50000	487.50000	 	517.50000	340.50000	 
91	690.00000	487.50000	 	516.00000	340.50000	 
92	690.00000	489.00000	 	514.50000	340.50000	 
93	691.50000	487.50000	 	517.50000	340.50000	 
94	690.00000	487.50000	 	517.50000	339.00000	 
95	691.50000	487.50000	 	517.50000	342.00000	 
96	691.50000	487.50000	 	519.00000	340.50000	 
97	691.50000	487.50000	 	519.00000	342.00000	 
98	691.50000	489.00000	 	519.00000	342.00000	 
99	693.00000	489.00000	 	519.00000	342.00000	 
100	691.50000	490.50000	 	519.00000	342.00000	 
101	691.50000	490.50000	 	517.50000	343.50000	 
102	691.50000	489.00000	 	516.00000	343.50000	 
103	691.50000	490.50000	 	514.50000	343.50000	 
104	690.00000	489.00000	 	520.50000	345.00000	 
105	690.00000	490.50000	 	517.50000	343.50000	 
106	690.00000	490.50000	 	517.50000	342.00000	 
107	690.00000	490.50000	 	517.50000	343.50000	 
108	690.00000	490.50000	 	519.00000	345.00000	 
109	690.00000	490.50000	 	519.00000	345.00000	 
110	690.00000	492.00000	 	517.50000	345.00000	 
111	690.00000	490.50000	 	519.00000	345.00000	 
112	691.50000	489.00000	 	517.50000	345.00000	 
113	691.50000	490.50000	 	516.00000	345.00000	 
114	691.50000	490.50000	 	517.50000	345.00000	 
115	690.00000	490.50000	 	516.00000	343.50000	 
116	690.00000	489.00000	 	514.50000	343.50000	 
117	688.50000	490.50000	 	516.00000	345.00000	 
118	687.00000	490.50000	 	517.50000	345.00000	 
119	685.50000	492.00000	 	516.00000	345.00000	 
120	684.00000	490.50000	 	514.50000	345.00000	 
121	684.00000	490.50000	 	517.50000	345.00000	 
122	684.00000	492.00000	 	517.50000	343.50000	 
123	685.50000	492.00000	 	517.50000	345.00000	 
124	682.50000	493.50000	 	517.50000	343.50000	 
125	682.50000	492.00000	 	514.50000	342.00000	 
126	682.50000	492.00000	 	517.50000	342.00000	 
127	682.50000	492.00000	 	517.50000	343.50000	 
128	685.50000	493.50000	 	514.50000	342.00000	 
129	687.00000	492.00000	 	514.50000	342.00000	 
130	684.00000	493.50000	 	514.50000	342.00000	 
131	685.50000	493.50000	 	513.00000	345.00000	 
132	684.00000	492.00000	 	511.50000	345.00000	 
133	687.00000	493.50000	 	513.00000	345.00000	 
134	682.50000	495.00000	 	513.00000	345.00000	 
135	682.50000	495.00000	 	513.00000	345.00000	 
136	682.50000	492.00000	 	511.50000	343.50000	 
137	682.50000	493.50000	 	511.50000	343.50000	 
138	682.50000	492.00000	 	511.50000	342.00000	 
139	684.00000	492.00000	 	510.00000	340.50000	 
140	684.00000	492.00000	 	510.00000	342.00000	 
141	684.00000	493.50000	 	507.00000	342.00000	 
142	685.50000	492.00000	 	508.50000	342.00000	 
143	687.00000	492.00000	 	508.50000	342.00000	 
144	685.50000	492.00000	 	508.50000	343.50000	 
145	687.00000	492.00000	 	511.50000	343.50000	 
146	687.00000	490.50000	 	511.50000	343.50000	 
147	687.00000	490.50000	 	508.50000	343.50000	 
148	688.50000	492.00000	 	508.50000	343.50000	 
149	688.50000	493.50000	 	510.00000	343.50000	 
150	687.00000	493.50000	 	508.50000	343.50000	 
151	685.50000	492.00000	 	508.50000	342.00000	 
152	685.50000	493.50000	 	511.50000	343.50000	 
153	687.00000	489.00000	 	510.00000	340.50000	 
154	685.50000	493.50000	 	511.50000	343.50000	 
155	687.00000	495.00000	 	511.50000	343.50000	 
156	688.50000	492.00000	 	511.50000	342.00000	 
157	687.00000	492.00000	 	511.50000	342.00000	 
158	688.50000	492.00000	 	514.50000	343.50000	 
159	687.00000	489.00000	 	513.00000	342.00000	 
160	684.00000	490.50000	 	514.50000	342.00000	 
161	682.50000	492.00000	 	513.00000	342.00000	 
162	685.50000	492.00000	 	511.50000	340.50000	 
163	684.00000	489.00000	 	513.00000	339.00000	 
164	682.50000	490.50000	 	513.00000	339.00000	 
165	682.50000	493.50000	 	513.00000	340.50000	 
166	684.00000	490.50000	 	513.00000	337.50000	 
167	684.00000	490.50000	 	510.00000	337.50000	 
168	684.00000	490.50000	 	511.50000	339.00000	 
169	682.50000	490.50000	 	514.50000	337.50000	 
170	684.00000	489.00000	 	511.50000	336.00000	 
171	684.00000	492.00000	 	513.00000	337.50000	 
172	687.00000	492.00000	 	513.00000	337.50000	 
173	684.00000	490.50000	 	514.50000	337.50000	 
174	682.50000	490.50000	 	513.00000	339.00000	 
175	684.00000	490.50000	 	511.50000	339.00000	 
176	684.00000	490.50000	 	508.50000	337.50000	 
177	684.00000	493.50000	 	513.00000	339.00000	 
178	687.00000	493.50000	 	510.00000	337.50000	 
179	687.00000	495.00000	 	510.00000	340.50000	 
180	685.50000	493.50000	 	510.00000	340.50000	 
181	685.50000	495.00000	 	510.00000	340.50000	 
182	687.00000	495.00000	 	511.50000	340.50000	 
183	688.50000	496.50000	 	511.50000	340.50000	 
184	688.50000	495.00000	 	511.50000	340.50000	 
185	688.50000	495.00000	 	511.50000	340.50000	 
186	688.50000	495.00000	 	511.50000	340.50000	 
187	688.50000	495.00000	 	513.00000	340.50000	 
188	688.50000	495.00000	 	514.50000	340.50000	 
189	687.00000	495.00000	 	514.50000	340.50000	 
190	687.00000	493.50000	 	514.50000	339.00000	 
191	688.50000	493.50000	 	514.50000	339.00000	 
192	687.00000	495.00000	 	516.00000	340.50000	 
193	688.50000	493.50000	 	516.00000	339.00000	 
194	688.50000	495.00000	 	514.50000	339.00000	 
195	688.50000	495.00000	 	514.50000	339.00000	 
196	688.50000	498.00000	 	516.00000	340.50000	 
197	688.50000	495.00000	 	516.00000	339.00000	 
198	690.00000	495.00000	 	516.00000	340.50000	 
199	690.00000	496.50000	 	514.50000	339.00000	 
200	690.00000	495.00000	 	514.50000	339.00000	 
201	691.50000	493.50000	 	513.00000	339.00000	 
202	691.50000	493.50000	 	513.00000	339.00000	 
203	690.00000	495.00000	 	513.00000	340.50000	 
204	691.50000	493.50000	 	513.00000	340.50000	 
205	691.50000	493.50000	 	513.00000	340.50000	 
206	691.50000	493.50000	 	514.50000	342.00000	 
207	691.50000	493.50000	 	514.50000	342.00000	 
208	691.50000	495.00000	 	514.50000	342.00000	 
209	690.00000	495.00000	 	514.50000	343.50000	 
210	690.00000	493.50000	 	513.00000	343.50000	 
211	690.00000	493.50000	 	513.00000	343.50000	 
212	690.00000	495.00000	 	513.00000	345.00000	 
213	690.00000	493.50000	 	513.00000	346.50000	 
214	688.50000	493.50000	 	513.00000	346.50000	 
215	688.50000	493.50000	 	513.00000	346.50000	 
216	687.00000	492.00000	 	513.00000	345.00000	 
217	688.50000	493.50000	 	514.50000	345.00000	 
218	687.00000	492.00000	 	513.00000	346.50000	 
219	688.50000	493.50000	 	514.50000	346.50000	 
220	688.50000	493.50000	 	513.00000	348.00000	 
221	688.50000	493.50000	 	513.00000	348.00000	 
222	688.50000	493.50000	 	513.00000	348.00000	 
223	687.00000	493.50000	 	513.00000	346.50000	 
224	688.50000	493.50000	 	514.50000	348.00000	 
225	687.00000	492.00000	 	517.50000	348.00000	 
226	687.00000	492.00000	 	516.00000	346.50000	 
227	687.00000	492.00000	 	516.00000	346.50000	 
228	690.00000	492.00000	 	516.00000	348.00000	 
229	687.00000	490.50000	 	517.50000	346.50000	 
230	687.00000	493.50000	 	516.00000	346.50000	 
231	688.50000	493.50000	 	514.50000	349.50000	 
232	688.50000	493.50000	 	514.50000	348.00000	 
233	687.00000	493.50000	 	514.50000	349.50000	 
234	687.00000	493.50000	 	513.00000	349.50000	 
235	688.50000	493.50000	 	513.00000	349.50000	 
236	687.00000	492.00000	 	513.00000	349.50000	 
237	687.00000	492.00000	 	514.50000	349.50000	 
238	687.00000	492.00000	 	514.50000	349.50000	 
239	688.50000	492.00000	 	513.00000	349.50000	 
240	690.00000	490.50000	 	513.00000	349.50000	 

Track 	Length	Distance traveled	Nr of Frames
1	417.68218	6.18466	240
2	350.63015	8.74643	240
