Frame	X1	Y1	Flag1	X2	Y2	Flag2	X3	Y3	Flag3	X4	Y4	Flag4
Tracks 1 to 4
1	514.50000	541.50000	 	207.00000	253.50000	 	678.00000	766.50000	 	 	 	 
2	514.50000	541.50000	 	207.00000	255.00000	 	684.00000	772.50000	 	 	 	 
3	513.00000	541.50000	 	207.00000	255.00000	 	678.00000	766.50000	 	 	 	 
4	514.50000	540.00000	 	207.00000	255.00000	 	687.00000	772.50000	 	 	 	 
5	513.00000	538.50000	 	207.00000	255.00000	 	691.50000	769.50000	 	 	 	 
6	514.50000	540.00000	 	207.00000	255.00000	 	696.36894	772.08907	 	 	 	 
7	514.50000	540.00000	 	207.00000	255.00000	 	685.50000	772.50000	 	 	 	 
8	516.00000	541.50000	 	207.00000	255.00000	 	687.00000	775.50000	 	 	 	 
9	517.50000	543.00000	 	207.00000	255.00000	 	694.38349	773.23962	 	 	 	 
10	514.50000	540.00000	 	207.00000	255.00000	 	688.50000	777.00000	 	 	 	 
11	513.00000	540.00000	 	207.00000	255.00000	 	685.50000	774.00000	 	 	 	 
12	514.50000	540.00000	 	207.00000	255.00000	 	685.50000	774.00000	 	 	 	 
13	514.50000	540.00000	 	207.00000	255.00000	 	685.50000	774.00000	 	 	 	 
14	519.00000	544.50000	 	207.00000	253.50000	 	685.50000	772.50000	 	 	 	 
15	514.50000	540.00000	 	207.00000	255.00000	 	685.50000	774.00000	 	 	 	 
16	514.50000	540.00000	 	207.00000	255.00000	 	685.50000	772.50000	 	 	 	 
17	519.00000	544.50000	 	207.00000	253.50000	 	685.50000	772.50000	 	 	 	 
18	520.50000	544.50000	 	207.00000	253.50000	 	684.00000	772.50000	 	 	 	 
19	519.00000	544.50000	 	207.00000	255.00000	 	682.50000	774.00000	 	 	 	 
20	519.00000	544.50000	 	207.00000	253.50000	 	685.50000	774.00000	 	 	 	 
21	519.00000	544.50000	 	207.00000	253.50000	 	682.50000	772.50000	 	 	 	 
22	519.00000	544.50000	 	207.00000	253.50000	 	685.50000	775.50000	 	 	 	 
23	519.00000	544.50000	 	207.00000	252.00000	 	690.94233	770.66685	 	 	 	 
24	520.50000	544.50000	 	210.00000	255.00000	 	684.00000	772.50000	 	 	 	 
25	517.50000	543.00000	 	207.00000	255.00000	 	681.00000	768.00000	 	 	 	 
26	517.50000	543.00000	 	207.00000	253.50000	 	684.00000	769.50000	 	 	 	 
27	517.50000	543.00000	 	211.50000	255.00000	 	685.50000	772.50000	 	 	 	 
28	517.50000	544.50000	 	207.00000	255.00000	 	681.00000	771.00000	 	 	 	 
29	519.00000	543.00000	 	207.00000	255.00000	 	685.50000	772.50000	 	 	 	 
30	519.00000	543.00000	 	207.00000	255.00000	 	685.50000	768.00000	 	 	 	 
31	519.00000	543.00000	 	207.00000	255.00000	 	681.00000	768.00000	 	 	 	 
32	519.00000	543.00000	 	208.50000	255.00000	 	682.50000	769.50000	 	 	 	 
33	519.00000	544.50000	 	208.50000	255.00000	 	682.50000	768.00000	 	 	 	 
34	519.00000	544.50000	 	207.00000	255.00000	 	682.50000	768.00000	 	 	 	 
35	519.00000	544.50000	 	207.00000	253.50000	 	685.50000	772.50000	 	 	 	 
36	519.00000	544.50000	 	207.00000	255.00000	 	681.00000	769.50000	 	 	 	 
37	520.50000	544.50000	 	207.00000	255.00000	 	684.00000	769.50000	 	 	 	 
38	520.50000	544.50000	 	207.00000	253.50000	 	682.50000	769.50000	 	 	 	 
39	520.50000	544.50000	 	207.00000	253.50000	 	681.00000	768.00000	 	 	 	 
40	520.50000	544.50000	 	207.00000	253.50000	 	679.50000	766.50000	 	 	 	 
41	520.50000	544.50000	 	207.00000	253.50000	 	681.00000	768.00000	 	 	 	 
42	520.50000	544.50000	 	207.00000	253.50000	 	682.50000	768.00000	 	 	 	 
43	520.50000	544.50000	 	207.00000	253.50000	 	682.50000	768.00000	 	 	 	 
44	520.50000	544.50000	 	205.50000	255.00000	 	681.00000	766.50000	 	 	 	 
45	520.50000	544.50000	 	205.50000	253.50000	 	682.50000	765.00000	 	 	 	 
46	519.00000	544.50000	 	208.50000	253.50000	 	682.50000	766.50000	 	 	 	 
47	520.50000	543.00000	 	208.50000	253.50000	 	682.50000	765.00000	 	 	 	 
48	519.00000	543.00000	 	208.50000	253.50000	 	681.00000	766.50000	 	 	 	 
49	520.50000	543.00000	 	205.50000	253.50000	 	681.00000	766.50000	 	 	 	 
50	520.50000	543.00000	 	211.50000	255.00000	 	681.00000	765.00000	 	 	 	 
51	517.50000	543.00000	 	207.00000	255.00000	 	684.00000	765.00000	 	 	 	 
52	520.50000	543.00000	 	207.00000	255.00000	 	682.50000	765.00000	 	 	 	 
53	519.00000	543.00000	 	208.50000	255.00000	 	686.44631	763.16845	 	 	 	 
54	519.00000	543.00000	 	209.76416	260.78171	 	686.58343	761.97695	 	 	 	 
55	522.00000	543.00000	 	210.12842	260.62226	 	681.00000	765.00000	 	 	 	 
56	519.00000	543.00000	 	208.89825	261.39414	 	686.56989	762.48418	 	 	 	 
57	517.50000	543.00000	 	208.50000	253.50000	 	684.00000	763.50000	 	 	 	 
58	520.50000	543.00000	 	209.33314	259.32892	 	681.00000	765.00000	 	 	 	 
59	519.00000	543.00000	 	207.72085	258.83380	 	679.50000	765.00000	 	 	 	 
60	517.50000	543.00000	 	207.99319	258.35543	 	678.00000	765.00000	 	 	 	 
61	519.00000	544.50000	 	207.16218	258.45500	 	685.79098	761.81958	 	 	 	 
62	519.00000	543.00000	 	207.45649	257.25784	 	685.91890	763.68111	 	 	 	 
63	519.00000	543.00000	 	207.11535	256.88839	 	685.15786	763.67435	 	 	 	 
64	519.00000	544.50000	 	207.11925	256.52509	 	 	 	 	 	 	 
65	522.00000	543.00000	 	206.13006	256.76708	 	684.94533	764.14456	*	 	 	 
66	519.00000	543.00000	 	204.33868	257.58953	 	685.11988	763.79161	 	 	 	 
67	520.50000	544.50000	 	206.48332	257.43939	 	683.74477	762.63891	 	 	 	 
68	519.00000	543.00000	 	206.90902	256.28909	 	684.00509	762.77672	 	 	 	 
69	519.00000	544.50000	 	202.50000	255.00000	 	683.86275	762.94054	 	 	 	 
70	519.00000	544.50000	 	204.00000	253.50000	 	683.99828	762.85101	 	 	 	 
71	522.00000	546.00000	 	207.93384	257.38308	 	684.91835	763.49837	 	 	 	 
72	519.00000	544.50000	 	208.82386	257.15506	 	684.16296	762.42668	 	 	 	 
73	519.00000	544.50000	 	208.07251	258.37837	 	683.30078	761.77368	 	 	 	 
74	519.00000	544.50000	 	207.00000	255.00000	 	683.67472	761.94370	 	 	 	 
75	519.00000	544.50000	 	207.34213	258.22310	 	682.89903	762.55830	 	 	 	 
76	520.50000	544.50000	 	207.91149	260.05048	 	682.61750	763.51910	 	 	 	 
77	520.50000	544.50000	 	206.47906	260.25723	 	680.46561	763.38794	 	 	 	 
78	519.00000	544.50000	 	208.50000	255.00000	 	680.32151	761.21793	 	 	 	 
79	519.00000	544.50000	 	207.95257	258.76798	 	679.72203	761.29178	 	 	 	 
80	519.00000	544.50000	 	207.52893	257.35641	 	679.59005	761.39866	 	 	 	 
81	517.50000	544.50000	 	207.55871	257.67160	 	 	 	 	 	 	 
82	519.00000	544.50000	 	207.21471	257.83911	 	 	 	 	 	 	 
83	519.00000	544.50000	 	208.50000	256.50000	 	677.47631	763.04689	*	 	 	 
84	519.00000	544.50000	 	208.50000	256.50000	 	678.68162	764.18197	 	 	 	 
85	517.50000	544.50000	 	208.50000	255.00000	 	679.65117	764.69374	 	 	 	 
86	519.00000	544.50000	 	208.50000	256.50000	 	680.07029	765.32110	 	 	 	 
87	522.00000	544.50000	 	208.50000	256.50000	 	682.45612	765.83430	 	 	 	 
88	517.50000	543.00000	 	210.00000	258.00000	 	682.57649	766.17949	 	 	 	 
89	517.50000	544.50000	 	210.00000	258.00000	 	682.33551	766.07064	 	 	 	 
90	519.00000	544.50000	 	204.93966	257.47075	 	682.01750	766.01218	 	 	 	 
91	519.00000	544.50000	 	204.81035	258.15622	 	682.97427	766.31553	 	 	 	 
92	517.50000	544.50000	 	204.26428	258.05748	 	682.05629	765.94794	 	 	 	 
93	517.50000	544.50000	 	204.83759	257.98666	 	681.21262	765.33364	 	 	 	 
94	519.00000	544.50000	 	203.86597	258.22958	 	681.69692	766.10497	 	 	 	 
95	517.50000	544.50000	 	204.00000	256.50000	 	681.20070	766.35775	 	 	 	 
96	520.50000	544.50000	 	208.50000	256.50000	 	681.09633	765.45062	 	 	 	 
97	517.50000	544.50000	 	208.50000	256.50000	 	682.22825	765.99925	 	 	 	 
98	522.00000	543.00000	 	205.50000	255.00000	 	682.57699	765.76223	 	 	 	 
99	522.00000	543.00000	 	205.50000	256.50000	 	684.40037	766.52916	 	 	 	 
100	513.00000	543.00000	 	207.00000	255.00000	 	684.35935	767.10407	 	 	 	 
101	517.50000	540.00000	 	207.00000	255.00000	 	683.76064	767.70078	 	 	 	 
102	516.00000	544.50000	 	207.00000	256.50000	 	684.60153	767.57997	 	 	 	 
103	520.50000	544.50000	 	208.50000	255.00000	 	684.64564	767.79352	 	 	 	 
104	517.50000	544.50000	 	207.00000	255.00000	 	684.13242	768.02910	 	 	 	 
105	519.00000	544.50000	 	207.00000	255.00000	 	683.74055	768.00755	 	 	 	 
106	508.50000	544.50000	 	208.50000	256.50000	 	683.39838	767.23589	 	 	 	 
107	510.00000	544.50000	 	208.50000	255.00000	 	684.02039	767.03893	 	 	 	 
108	517.50000	546.00000	 	206.17979	255.73649	 	684.37798	766.96139	 	 	 	 
109	511.50000	543.00000	 	206.89784	255.32183	 	683.38881	766.77527	 	 	 	 
110	520.50000	541.50000	 	206.62691	256.96551	 	683.79405	766.99804	 	 	 	 
111	513.00000	541.50000	 	207.22538	258.18982	 	683.31604	766.85748	 	 	 	 
112	522.00000	541.50000	 	206.69418	256.73660	 	683.43675	766.67421	 	 	 	 
113	511.50000	543.00000	 	208.04249	255.15002	 	682.78534	766.71491	 	 	 	 
114	520.50000	543.00000	 	205.50000	252.00000	 	681.49293	765.52753	 	 	 	 
115	511.50000	543.00000	 	205.50000	253.50000	 	683.27352	765.79106	 	 	 	 
116	513.00000	541.50000	 	205.50000	255.00000	 	683.50644	766.06006	 	 	 	 
117	517.82972	540.56357	 	205.50000	255.00000	 	682.24079	765.63528	 	 	 	 
118	518.29675	542.36670	 	207.00000	255.00000	 	679.77779	765.94539	 	 	 	 
119	511.50000	543.00000	 	207.00000	255.00000	 	678.67424	766.00392	 	 	 	 
120	516.00000	544.50000	 	208.50000	255.00000	 	678.77729	765.69721	 	 	 	 
121	518.15175	541.86000	 	208.50000	264.00000	 	678.00536	766.08652	 	 	 	 
122	520.50000	541.50000	 	207.00000	253.50000	 	679.06523	764.03549	 	 	 	 
123	510.00000	544.50000	 	208.50000	258.00000	 	679.21700	764.03606	 	 	 	 
124	514.50000	541.50000	 	208.50000	255.00000	 	 	 	 	 	 	 
125	516.00000	544.50000	 	207.00000	255.00000	 	679.67060	761.38499	*	 	 	 
126	513.00000	541.50000	 	204.00000	255.00000	 	679.50000	766.50000	 	 	 	 
127	522.00000	543.00000	 	204.00000	255.00000	 	680.98262	761.61054	 	 	 	 
128	522.00000	543.00000	 	204.00000	255.00000	 	680.34661	761.80544	 	 	 	 
129	514.50000	541.50000	 	204.00000	255.00000	 	 	 	 	 	 	 
130	514.50000	543.00000	 	208.09852	258.45021	 	 	 	 	 	 	 
131	516.00000	543.00000	 	208.42959	260.13067	 	 	 	 	 	 	 
132	517.50000	549.00000	 	207.26096	257.91788	 	677.86522	762.61618	*	 	 	 
133	514.50000	546.00000	 	208.04936	258.45824	 	 	 	 	 	 	 
134	520.50000	544.50000	 	207.21526	257.95023	 	678.00000	771.00000	*	 	 	 
135	517.11505	545.35626	 	207.14451	257.89855	 	678.15803	760.82752	 	1424.79684	662.70795	 
136	528.00000	546.00000	 	206.97851	258.26982	 	679.50000	763.50000	 	1424.39216	660.07880	 
137	 	 	 	205.75921	259.02120	 	678.00000	763.50000	 	1423.58187	659.95913	 
138	512.95629	545.76054	*	206.54036	260.13490	 	678.00000	765.00000	 	1423.44372	662.02050	 
139	513.29285	545.81578	 	205.50000	256.50000	 	681.00000	769.50000	 	1423.61714	660.18326	 
140	512.08950	545.43497	 	205.48610	258.19226	 	679.50000	763.50000	 	1424.29929	660.45644	 
141	513.19613	546.29460	 	203.91614	258.92595	 	678.00000	766.50000	 	1424.29976	660.01879	 
142	513.92326	546.77055	 	205.50000	255.00000	 	678.00000	768.00000	 	1424.47263	659.85033	 
143	513.09872	546.53776	 	207.00000	256.50000	 	676.50000	763.50000	 	1424.00544	659.68701	 
144	511.95186	546.38974	 	205.50000	256.50000	 	676.50000	765.00000	 	1423.90677	660.14525	 
145	514.50000	547.50000	 	202.50000	256.50000	 	679.50000	768.00000	 	1422.90339	662.50628	 
146	520.50000	544.50000	 	207.00000	256.50000	 	675.52563	759.66486	 	1424.23244	662.95230	 
147	519.00000	541.50000	 	208.50000	256.50000	 	681.00000	768.00000	 	1423.38237	662.84800	 
148	519.00000	543.00000	 	204.00000	255.00000	 	679.50000	769.50000	 	1423.54778	664.04944	 
149	519.00000	541.50000	 	204.00000	256.50000	 	678.00000	769.50000	 	1423.50750	662.57433	 
150	513.21738	547.14560	 	205.50000	256.50000	 	675.87713	760.10603	 	1423.99999	662.73186	 
151	513.97708	547.23850	 	202.50000	256.50000	 	682.50000	766.50000	 	1424.61394	663.98739	 
152	513.45128	546.99235	 	202.50000	258.00000	 	675.19360	760.65314	 	1423.90121	664.02544	 
153	512.29291	546.61286	 	202.50000	256.50000	 	679.50000	768.00000	 	1424.19524	664.44633	 
154	513.00000	546.00000	 	202.50000	256.50000	 	678.00000	768.00000	 	1424.07457	662.92098	 
155	513.00000	546.00000	 	201.00000	255.00000	 	676.06913	759.48251	 	1424.45668	662.47232	 
156	522.00000	543.00000	 	202.50000	256.50000	 	678.00000	768.00000	 	1423.99701	662.70882	 
157	512.16460	546.31808	 	204.00000	256.50000	 	679.50000	763.50000	 	1424.34548	662.85734	 
158	513.00000	543.00000	 	202.23039	256.81496	 	676.50000	763.50000	 	1423.43801	662.98693	 
159	514.50000	544.50000	 	204.00000	256.50000	 	678.00000	763.50000	 	1423.94807	662.91443	 
160	513.00000	544.50000	 	202.50000	255.00000	 	676.50000	763.50000	 	1424.61636	663.03323	 
161	516.00000	544.50000	 	202.50000	255.00000	 	681.00000	768.00000	 	1423.85977	663.48601	 
162	516.00000	544.50000	 	202.50000	253.50000	 	679.50000	768.00000	 	1423.75098	663.78576	 
163	513.00000	544.50000	 	202.50000	253.50000	 	675.00000	766.50000	 	1422.92455	664.64703	 
164	511.50000	544.50000	 	201.00000	253.50000	 	672.00000	765.00000	 	1423.40977	664.57596	 
165	511.50000	543.00000	 	201.00000	255.00000	 	675.00000	765.00000	 	1421.70238	664.73640	 
166	514.50000	544.50000	 	201.00000	255.00000	 	679.50000	766.50000	 	1420.09399	662.26779	 
167	511.97193	546.03481	 	204.00000	255.00000	 	672.00000	765.00000	 	1420.12271	661.99924	 
168	 	 	 	201.00000	253.50000	 	673.50000	763.50000	 	1420.67201	661.83389	 
169	514.50000	546.00000	*	201.00000	255.00000	 	676.50000	768.00000	 	1419.94723	660.78596	 
170	514.50000	546.00000	 	207.00000	258.00000	 	676.50000	765.00000	 	1419.45757	659.44135	 
171	512.34433	546.28036	 	202.50000	253.50000	 	668.80912	755.81794	 	1418.31759	659.26264	 
172	511.86329	546.47173	 	207.00000	256.50000	 	676.50000	766.50000	 	1417.35381	659.43659	 
173	512.07749	546.16999	 	207.00000	258.00000	 	679.50000	766.50000	 	1416.33796	660.93466	 
174	512.56329	545.79930	 	207.00000	258.00000	 	678.00000	763.50000	 	1415.05137	661.54272	 
175	512.33918	545.66580	 	201.00000	255.00000	 	673.50000	766.50000	 	1414.54009	662.32216	 
176	512.46904	546.27440	 	202.50000	255.00000	 	682.50000	765.00000	 	1414.30991	663.63969	 
177	512.45381	546.22496	 	199.50000	255.00000	 	681.00000	765.00000	 	1413.33426	664.36352	 
178	511.99579	545.28611	 	202.50000	256.50000	 	679.50000	766.50000	 	1413.61626	663.99025	 
179	 	 	 	199.50000	255.00000	 	676.50000	766.50000	 	1413.57926	665.91702	 
180	511.86094	543.51617	*	199.50000	255.00000	 	676.50000	768.00000	 	1413.79618	664.83866	 
181	512.16472	542.38278	 	199.50000	255.00000	 	679.50000	769.50000	 	1414.12774	664.77529	 
182	519.00000	544.50000	 	199.50000	255.00000	 	679.50000	768.00000	 	1413.42072	665.03932	 
183	511.96249	541.15264	 	199.50000	255.00000	 	676.50000	768.00000	 	1414.06222	664.61911	 
184	512.83539	540.75140	 	202.50000	256.50000	 	676.50000	766.50000	 	1413.54955	663.55304	 
185	512.89151	540.52785	 	201.00000	256.50000	 	676.50000	768.00000	 	1413.84794	663.71994	 
186	513.05420	540.67121	 	199.50000	256.50000	 	676.50000	768.00000	 	1413.74764	663.51628	 
187	515.14006	540.63964	 	201.00000	256.50000	 	679.50000	771.00000	 	1414.56555	663.26262	 
188	 	 	 	201.00000	256.50000	 	676.50000	768.00000	 	1413.79287	665.09291	 
189	513.52135	541.24715	*	198.00000	256.50000	 	681.00000	769.50000	 	1415.48693	667.45836	 
190	513.39357	540.54705	 	207.00000	255.00000	 	679.50000	771.00000	 	1413.64252	667.54245	 
191	512.58502	540.66911	 	207.00000	255.00000	 	678.00000	763.50000	 	1411.99087	667.40224	 
192	512.95538	541.04056	 	205.50000	255.00000	 	679.50000	766.50000	 	1412.54138	667.65691	 
193	516.00000	547.50000	 	207.00000	255.00000	 	679.50000	766.50000	 	1411.44611	667.98846	 
194	513.27570	540.47046	 	205.50000	255.00000	 	676.50000	768.00000	 	1410.03278	667.10883	 
195	516.00000	546.00000	 	207.00000	255.00000	 	676.50000	768.00000	 	1408.73962	667.96545	 
196	512.28512	540.51789	 	202.50000	256.50000	 	676.50000	768.00000	 	1409.20592	667.90560	 
197	514.50000	546.00000	 	205.50000	255.00000	 	679.50000	771.00000	 	1411.37772	669.16076	 
198	517.50000	547.50000	 	207.00000	253.50000	 	 	 	 	1409.92618	670.36257	 
199	512.13358	542.19563	 	207.00000	255.00000	 	679.50000	771.00000	*	1409.03768	671.67830	 
200	512.85920	541.48602	 	207.00000	253.50000	 	676.50000	765.00000	 	1408.93778	671.75889	 
201	516.00000	547.50000	 	207.00000	253.50000	 	678.00000	765.00000	 	1410.08105	672.75214	 
202	512.83119	540.33426	 	207.00000	253.50000	 	676.50000	768.00000	 	1409.68696	672.21862	 
203	516.00000	543.00000	 	207.00000	253.50000	 	 	 	 	1409.47674	671.67474	 
204	513.00000	541.50000	 	208.50000	258.00000	 	 	 	 	1409.38183	671.63395	 
205	514.50000	544.50000	 	207.00000	255.00000	 	679.50000	768.00000	*	1408.29324	671.92015	 
206	514.50000	544.50000	 	208.50000	256.50000	 	676.50000	768.00000	 	1406.48214	671.08299	 
207	513.00000	543.00000	 	207.00000	255.00000	 	676.50000	765.00000	 	1405.91233	670.95846	 
208	514.50000	544.50000	 	208.50000	258.00000	 	679.50000	769.50000	 	1405.57829	671.36392	 
209	513.00000	543.00000	 	207.00000	255.00000	 	678.00000	768.00000	 	1404.89878	670.59749	 
210	514.50000	543.00000	 	205.50000	255.00000	 	679.50000	771.00000	 	1405.63158	670.04890	 
211	511.50000	543.00000	 	207.00000	253.50000	 	679.50000	771.00000	 	1405.60791	671.13136	 
212	511.50000	543.00000	 	207.00000	253.50000	 	678.00000	763.50000	 	1405.80221	672.18623	 
213	511.50000	543.00000	 	207.00000	255.00000	 	681.00000	771.00000	 	1406.88210	672.06904	 
214	513.00000	543.00000	 	207.00000	255.00000	 	678.00000	765.00000	 	1405.31425	670.53917	 
215	510.00000	541.50000	 	208.50000	256.50000	 	676.50000	766.50000	 	1406.56922	670.33282	 
216	511.50000	541.50000	 	207.00000	255.00000	 	678.00000	763.50000	 	1407.17721	671.32772	 
217	511.50000	543.00000	 	207.00000	253.50000	 	679.50000	766.50000	 	1406.70884	671.02807	 
218	511.50000	543.00000	 	207.00000	256.50000	 	678.00000	763.50000	 	1405.34931	671.08886	 
219	513.00000	543.00000	 	207.00000	256.50000	 	676.50000	768.00000	 	1405.91763	670.96144	 
220	514.50000	543.00000	 	208.50000	258.00000	 	676.50000	768.00000	 	1404.96691	670.43873	 
221	510.00000	543.00000	 	207.00000	255.00000	 	678.00000	771.00000	 	1405.84024	669.57781	 
222	510.00000	543.00000	 	207.00000	256.50000	 	676.50000	768.00000	 	1405.85948	669.61428	 
223	511.50000	543.00000	 	207.00000	255.00000	 	676.50000	768.00000	 	1405.07504	669.81287	 
224	511.50000	543.00000	 	207.00000	256.50000	 	679.50000	771.00000	 	1404.85182	669.74350	 
225	510.00000	543.00000	 	207.00000	255.00000	 	679.50000	766.50000	 	1403.65405	670.93344	 
226	508.50000	543.00000	 	207.00000	255.00000	 	676.50000	768.00000	 	1403.57473	670.90931	 
227	511.50000	543.00000	 	207.00000	253.50000	 	676.50000	768.00000	 	1403.36942	671.58641	 
228	511.50000	544.50000	 	207.00000	256.50000	 	684.00000	777.00000	 	1403.06385	672.65967	 
229	511.50000	543.00000	 	208.50000	258.00000	 	676.50000	766.50000	 	1403.93088	672.83236	 
230	507.00000	543.00000	 	208.50000	258.00000	 	 	 	 	1403.31861	671.76921	 
231	511.50000	543.00000	 	207.00000	255.00000	 	676.50000	768.00000	*	1402.40469	672.22874	 
232	511.50000	543.00000	 	208.50000	258.00000	 	676.50000	768.00000	 	1402.28660	671.74192	 
233	511.50000	543.00000	 	207.00000	255.00000	 	676.50000	768.00000	 	1402.91959	671.79946	 
234	514.50000	543.00000	 	207.00000	255.00000	 	676.50000	768.00000	 	1401.69000	672.52313	 
235	511.50000	543.00000	 	207.00000	256.50000	 	676.50000	768.00000	 	1400.98482	672.77820	 
236	516.00000	543.00000	 	207.00000	255.00000	 	676.50000	765.00000	 	1400.86173	672.52097	 
237	513.00000	543.00000	 	208.50000	256.50000	 	676.50000	768.00000	 	1400.26826	672.49143	 
238	511.50000	544.50000	 	207.00000	255.00000	 	678.00000	768.00000	 	1399.20860	672.38141	 
239	516.00000	543.00000	 	207.00000	256.50000	 	676.50000	765.00000	 	1398.37876	672.34020	 
240	520.50000	544.50000	 	208.50000	256.50000	 	679.50000	771.00000	 	1398.03701	672.29571	 

Track 	Length	Distance traveled	Nr of Frames
1	614.67148	6.70820	236
2	440.73471	3.35410	240
3	700.74359	4.74342	228
4	109.36156	28.42558	106
