Frame	X1	Y1	Flag1	X2	Y2	Flag2	X3	Y3	Flag3	X4	Y4	Flag4	X5	Y5	Flag5	X6	Y6	Flag6
Tracks 1 to 6
1	139.20731	819.36681	 	273.00000	466.50000	 	883.50000	688.50000	 	1032.00000	789.00000	 	 	 	 	 	 	 
2	 	 	 	273.00000	465.00000	 	885.00000	688.50000	 	1032.00000	789.00000	 	1210.50000	405.00000	 	 	 	 
3	 	 	 	271.50000	466.50000	 	885.00000	690.00000	 	1032.00000	789.00000	 	1219.12482	407.33261	 	 	 	 
4	140.75250	818.90887	*	273.00000	468.00000	 	883.50000	688.50000	 	1035.00000	789.00000	 	1210.50000	405.00000	 	 	 	 
5	140.95435	819.84885	 	273.00000	469.50000	 	882.00000	690.00000	 	1033.50000	789.00000	 	1212.00000	405.00000	 	 	 	 
6	139.64811	820.42984	 	273.00000	469.50000	 	883.50000	691.50000	 	1033.50000	787.50000	 	1212.00000	406.50000	 	 	 	 
7	139.36838	820.59657	 	271.50000	468.00000	 	883.50000	691.50000	 	1033.50000	787.50000	 	1209.00000	408.00000	 	 	 	 
8	138.21455	821.55996	 	273.00000	468.00000	 	883.50000	690.00000	 	1035.00000	786.00000	 	1210.50000	408.00000	 	 	 	 
9	137.09028	821.88794	 	271.50000	471.00000	 	883.50000	690.00000	 	1033.50000	787.50000	 	 	 	 	 	 	 
10	137.11479	822.68054	 	270.00000	472.50000	 	883.50000	691.50000	 	1033.50000	787.50000	 	1210.50000	409.50000	*	 	 	 
11	135.86730	823.54618	 	270.00000	472.50000	 	883.50000	691.50000	 	1033.50000	786.00000	 	1210.50000	409.50000	 	 	 	 
12	135.57975	824.02116	 	267.00000	472.50000	 	883.50000	690.00000	 	1035.00000	784.50000	 	1209.00000	406.50000	 	 	 	 
13	136.02947	822.39532	 	268.50000	471.00000	 	882.00000	690.00000	 	1035.00000	786.00000	 	1207.50000	406.50000	 	 	 	 
14	136.14057	821.84847	 	270.00000	469.50000	 	883.50000	690.00000	 	1035.00000	784.50000	 	1207.50000	408.00000	 	 	 	 
15	138.82251	820.05503	 	268.50000	468.00000	 	882.00000	688.50000	 	1035.00000	786.00000	 	1207.50000	409.50000	 	 	 	 
16	136.91607	823.67592	 	270.00000	469.50000	 	882.00000	690.00000	 	1036.50000	786.00000	 	1207.50000	409.50000	 	 	 	 
17	139.28443	821.45425	 	270.00000	468.00000	 	882.00000	690.00000	 	1035.00000	786.00000	 	1209.00000	409.50000	 	 	 	 
18	141.58157	819.37642	 	270.00000	468.00000	 	882.00000	690.00000	 	1033.50000	786.00000	 	1209.00000	409.50000	 	 	 	 
19	142.79405	821.21244	 	271.50000	468.00000	 	882.00000	688.50000	 	1033.50000	786.00000	 	1210.50000	409.50000	 	 	 	 
20	142.03176	822.49810	 	268.50000	469.50000	 	883.50000	690.00000	 	1035.00000	786.00000	 	1212.00000	408.00000	 	 	 	 
21	139.75391	824.23790	 	267.00000	468.00000	 	882.00000	690.00000	 	1033.50000	787.50000	 	 	 	 	 	 	 
22	140.51721	822.54634	 	271.50000	468.00000	 	882.00000	690.00000	 	1033.50000	787.50000	 	1210.50000	405.00000	*	 	 	 
23	137.70758	825.48655	 	268.50000	468.00000	 	882.00000	691.50000	 	1030.50000	789.00000	 	1210.50000	405.00000	 	 	 	 
24	137.66309	825.92700	 	267.00000	469.50000	 	882.00000	691.50000	 	1032.00000	787.50000	 	1210.50000	405.00000	 	 	 	 
25	137.84704	826.27432	 	268.50000	468.00000	 	882.00000	690.00000	 	1033.50000	789.00000	 	1212.00000	403.50000	 	 	 	 
26	137.38617	826.46454	 	268.50000	468.00000	 	882.00000	690.00000	 	1035.00000	790.50000	 	1210.50000	403.50000	 	 	 	 
27	137.62026	826.97214	 	270.00000	468.00000	 	882.00000	691.50000	 	1035.00000	790.50000	 	1212.00000	405.00000	 	 	 	 
28	139.05317	825.57870	 	268.50000	466.50000	 	882.00000	690.00000	 	1035.00000	789.00000	 	 	 	 	 	 	 
29	140.82649	822.72212	 	268.50000	466.50000	 	882.00000	688.50000	 	1033.50000	789.00000	 	1210.50000	406.50000	*	 	 	 
30	141.95181	823.90458	 	270.00000	468.00000	 	880.50000	688.50000	 	1035.00000	789.00000	 	1210.50000	408.00000	 	 	 	 
31	142.49759	824.51590	 	267.00000	465.00000	 	880.50000	687.00000	 	1033.50000	787.50000	 	 	 	 	 	 	 
32	142.83275	823.19284	 	271.50000	465.00000	 	880.50000	687.00000	 	1033.50000	789.00000	 	1212.00000	405.00000	*	 	 	 
33	141.82574	820.99382	 	270.00000	465.00000	 	883.50000	687.00000	 	1033.50000	789.00000	 	1212.00000	406.50000	 	 	 	 
34	142.24796	822.58961	 	270.00000	463.50000	 	883.50000	688.50000	 	1033.50000	790.50000	 	 	 	 	 	 	 
35	142.42205	821.84527	 	270.00000	463.50000	 	882.00000	687.00000	 	1033.50000	790.50000	 	 	 	 	 	 	 
36	143.30387	821.97650	 	271.50000	462.00000	 	883.50000	687.00000	 	1033.50000	790.50000	 	1207.50000	406.50000	*	 	 	 
37	 	 	 	271.50000	462.00000	 	880.50000	688.50000	 	1032.00000	792.00000	 	1207.50000	408.00000	 	 	 	 
38	 	 	 	273.00000	465.00000	 	880.50000	687.00000	 	1032.00000	790.50000	 	1209.00000	408.00000	 	 	 	 
39	 	 	 	273.00000	465.00000	 	880.50000	685.50000	 	1032.00000	790.50000	 	1210.50000	408.00000	 	 	 	 
40	143.73063	821.89719	*	273.00000	465.00000	 	880.50000	685.50000	 	1032.00000	792.00000	 	1210.50000	406.50000	 	 	 	 
41	143.79327	820.87570	 	273.00000	465.00000	 	879.00000	685.50000	 	1032.00000	790.50000	 	 	 	 	 	 	 
42	142.68722	819.82264	 	271.50000	472.50000	 	879.00000	687.00000	 	1032.00000	789.00000	 	1219.12524	406.99069	*	 	 	 
43	142.72388	820.05874	 	271.50000	468.00000	 	877.50000	687.00000	 	1033.50000	789.00000	 	1210.50000	403.50000	 	 	 	 
44	 	 	 	271.50000	469.50000	 	879.00000	687.00000	 	1032.00000	789.00000	 	 	 	 	 	 	 
45	 	 	 	271.50000	468.00000	 	879.00000	687.00000	 	1030.50000	789.00000	 	1210.50000	403.50000	*	 	 	 
46	 	 	 	271.50000	469.50000	 	879.00000	687.00000	 	1032.00000	789.00000	 	1210.50000	405.00000	 	 	 	 
47	 	 	 	271.50000	468.00000	 	880.50000	687.00000	 	1035.00000	787.50000	 	1212.00000	406.50000	 	 	 	 
48	 	 	 	271.50000	468.00000	 	880.50000	687.00000	 	1032.00000	789.00000	 	1212.00000	406.50000	 	 	 	 
49	 	 	 	271.50000	468.00000	 	882.00000	687.00000	 	1032.00000	790.50000	 	1212.00000	406.50000	 	 	 	 
50	 	 	 	271.50000	469.50000	 	882.00000	685.50000	 	1033.50000	790.50000	 	1212.00000	406.50000	 	 	 	 
51	 	 	 	271.50000	471.00000	 	880.50000	687.00000	 	1032.00000	790.50000	 	1210.50000	403.50000	 	 	 	 
52	 	 	 	271.50000	469.50000	 	880.50000	685.50000	 	1033.50000	790.50000	 	1212.00000	403.50000	 	 	 	 
53	 	 	 	271.50000	469.50000	 	882.00000	685.50000	 	1032.00000	790.50000	 	1212.00000	403.50000	 	 	 	 
54	135.59909	842.06654	 	271.50000	469.50000	 	882.00000	685.50000	 	1032.00000	790.50000	 	1212.00000	406.50000	 	 	 	 
55	134.55040	840.78443	 	273.00000	469.50000	 	883.50000	685.50000	 	1032.00000	790.50000	 	1212.00000	408.00000	 	 	 	 
56	130.98194	838.18225	 	271.50000	471.00000	 	882.00000	685.50000	 	1032.00000	789.00000	 	1210.50000	408.00000	 	 	 	 
57	129.97586	838.64719	 	274.50000	468.00000	 	880.50000	685.50000	 	1032.00000	790.50000	 	1212.00000	408.00000	 	 	 	 
58	131.19314	838.86462	 	276.00000	463.50000	 	882.00000	685.50000	 	1033.50000	790.50000	 	1212.00000	406.50000	 	 	 	 
59	134.89647	841.49162	 	271.50000	471.00000	 	882.00000	685.50000	 	1032.00000	789.00000	 	 	 	 	 	 	 
60	138.06894	841.52638	 	271.50000	469.50000	 	880.50000	685.50000	 	1032.00000	789.00000	 	1212.00000	406.50000	*	 	 	 
61	136.34469	840.71932	 	271.50000	471.00000	 	879.00000	687.00000	 	1032.00000	790.50000	 	1212.00000	406.50000	 	 	 	 
62	139.25038	839.42498	 	271.50000	471.00000	 	877.50000	687.00000	 	1030.50000	787.50000	 	1212.00000	405.00000	 	 	 	 
63	 	 	 	271.50000	469.50000	 	879.00000	687.00000	 	1030.50000	789.00000	 	1212.00000	405.00000	 	 	 	 
64	 	 	 	271.50000	469.50000	 	877.50000	687.00000	 	1032.00000	789.00000	 	1212.00000	406.50000	 	 	 	 
65	138.90586	840.97231	*	271.50000	469.50000	 	877.50000	688.50000	 	1032.00000	789.00000	 	 	 	 	 	 	 
66	 	 	 	271.50000	469.50000	 	879.00000	688.50000	 	1030.50000	789.00000	 	1207.50000	406.50000	*	 	 	 
67	 	 	 	271.50000	471.00000	 	882.00000	690.00000	 	1029.00000	789.00000	 	1207.50000	405.00000	 	 	 	 
68	138.81111	837.63194	*	271.50000	469.50000	 	882.00000	690.00000	 	1030.50000	789.00000	 	 	 	 	 	 	 
69	 	 	 	271.50000	469.50000	 	880.50000	688.50000	 	1033.50000	790.50000	 	1210.50000	403.50000	*	 	 	 
70	 	 	 	271.50000	469.50000	 	879.00000	688.50000	 	1033.50000	790.50000	 	 	 	 	 	 	 
71	133.98745	835.08033	*	271.50000	469.50000	 	880.50000	687.00000	 	1030.50000	790.50000	 	1210.50000	403.50000	*	 	 	 
72	132.44594	833.31611	 	271.50000	469.50000	 	880.50000	685.50000	 	1030.50000	790.50000	 	1210.50000	403.50000	 	 	 	 
73	133.15300	834.52578	 	271.50000	469.50000	 	879.00000	685.50000	 	1030.50000	792.00000	 	 	 	 	 	 	 
74	133.95142	831.09584	 	271.50000	469.50000	 	879.00000	685.50000	 	1030.50000	792.00000	 	 	 	 	 	 	 
75	133.74570	829.98094	 	271.50000	468.00000	 	879.00000	685.50000	 	1029.00000	790.50000	 	 	 	 	 	 	 
76	136.17312	831.64689	 	271.50000	471.00000	 	879.00000	687.00000	 	1029.00000	790.50000	 	1207.50000	406.50000	*	 	 	 
77	132.59721	833.83992	 	270.00000	472.50000	 	879.00000	687.00000	 	1030.50000	790.50000	 	1207.50000	405.00000	 	 	 	 
78	134.30889	832.15540	 	271.50000	471.00000	 	877.50000	687.00000	 	1030.50000	790.50000	 	1207.50000	403.50000	 	 	 	 
79	137.83854	831.87500	 	270.00000	472.50000	 	877.50000	687.00000	 	1030.50000	789.00000	 	1207.50000	403.50000	 	 	 	 
80	 	 	 	271.50000	472.50000	 	879.00000	685.50000	 	1029.00000	789.00000	 	1207.50000	405.00000	 	 	 	 
81	 	 	 	270.00000	472.50000	 	879.00000	688.50000	 	1027.50000	790.50000	 	 	 	 	 	 	 
82	 	 	 	273.00000	469.50000	 	879.00000	688.50000	 	1027.50000	790.50000	 	 	 	 	 	 	 
83	 	 	 	276.00000	465.00000	 	879.00000	688.50000	 	1027.50000	790.50000	 	1208.67114	395.32819	*	 	 	 
84	 	 	 	274.50000	462.00000	 	879.00000	690.00000	 	1029.00000	790.50000	 	 	 	 	 	 	 
85	 	 	 	276.00000	463.50000	 	880.50000	690.00000	 	1029.00000	790.50000	 	1210.50000	408.00000	*	 	 	 
86	 	 	 	273.00000	468.00000	 	882.00000	690.00000	 	1029.00000	790.50000	 	1209.00000	408.00000	 	 	 	 
87	140.76055	831.25241	 	270.00000	472.50000	 	880.50000	690.00000	 	1030.50000	789.00000	 	1209.00000	406.50000	 	 	 	 
88	140.33919	834.72635	 	276.00000	466.50000	 	880.50000	687.00000	 	1032.00000	790.50000	 	1210.50000	406.50000	 	 	 	 
89	 	 	 	274.50000	465.00000	 	882.00000	685.50000	 	1033.50000	790.50000	 	1209.00000	405.00000	 	 	 	 
90	138.89052	831.58748	*	273.00000	468.00000	 	883.50000	685.50000	 	1033.50000	790.50000	 	1209.00000	403.50000	 	 	 	 
91	135.58312	829.26887	 	274.50000	468.00000	 	883.50000	685.50000	 	1033.50000	790.50000	 	1210.50000	402.00000	 	 	 	 
92	132.51468	830.11244	 	273.00000	469.50000	 	882.00000	685.50000	 	1033.50000	792.00000	 	1212.00000	405.00000	 	 	 	 
93	131.35299	830.82853	 	273.00000	469.50000	 	883.50000	685.50000	 	1035.00000	790.50000	 	 	 	 	 	 	 
94	130.91435	831.28166	 	273.00000	469.50000	 	882.00000	685.50000	 	1035.00000	790.50000	 	1209.84141	395.22341	*	 	 	 
95	129.30591	829.04247	 	273.00000	474.00000	 	883.50000	685.50000	 	1035.00000	789.00000	 	1209.00000	403.50000	 	 	 	 
96	130.51552	830.47084	 	273.00000	474.00000	 	883.50000	685.50000	 	1033.50000	789.00000	 	 	 	 	 	 	 
97	129.75193	829.81083	 	273.00000	469.50000	 	883.50000	687.00000	 	1033.50000	787.50000	 	 	 	 	 	 	 
98	 	 	 	274.50000	472.50000	 	882.00000	685.50000	 	1033.50000	787.50000	 	1209.00000	406.50000	*	 	 	 
99	 	 	 	271.50000	469.50000	 	882.00000	685.50000	 	1033.50000	787.50000	 	1209.00000	406.50000	 	 	 	 
100	 	 	 	274.50000	471.00000	 	882.00000	685.50000	 	1033.50000	787.50000	 	 	 	 	 	 	 
101	 	 	 	273.00000	469.50000	 	882.00000	685.50000	 	1033.50000	786.00000	 	1210.50000	406.50000	*	 	 	 
102	 	 	 	274.50000	474.00000	 	880.50000	687.00000	 	1033.50000	784.50000	 	1207.50000	408.00000	 	 	 	 
103	 	 	 	274.50000	474.00000	 	880.50000	687.00000	 	1032.00000	784.50000	 	1209.00000	408.00000	 	 	 	 
104	 	 	 	273.00000	472.50000	 	880.50000	687.00000	 	1030.50000	786.00000	 	1207.50000	408.00000	 	 	 	 
105	 	 	 	273.00000	474.00000	 	880.50000	688.50000	 	1030.50000	787.50000	 	1207.50000	408.00000	 	 	 	 
106	 	 	 	273.00000	474.00000	 	879.00000	687.00000	 	1030.50000	786.00000	 	1209.00000	406.50000	 	 	 	 
107	 	 	 	271.50000	477.00000	 	880.50000	687.00000	 	1032.00000	786.00000	 	 	 	 	 	 	 
108	 	 	 	271.50000	474.00000	 	879.00000	687.00000	 	1030.50000	786.00000	 	1207.50000	405.00000	*	 	 	 
109	 	 	 	274.50000	474.00000	 	880.50000	687.00000	 	1030.50000	784.50000	 	1209.00000	405.00000	 	 	 	 
110	 	 	 	274.50000	474.00000	 	882.00000	685.50000	 	1030.50000	784.50000	 	1207.50000	405.00000	 	 	 	 
111	 	 	 	274.50000	474.00000	 	879.00000	687.00000	 	1030.50000	784.50000	 	1207.50000	406.50000	 	 	 	 
112	 	 	 	276.00000	474.00000	 	879.00000	688.50000	 	1030.50000	784.50000	 	 	 	 	 	 	 
113	 	 	 	276.00000	474.00000	 	879.00000	688.50000	 	1030.50000	784.50000	 	 	 	 	 	 	 
114	 	 	 	276.00000	469.50000	 	877.50000	687.00000	 	1030.50000	786.00000	 	 	 	 	 	 	 
115	142.70076	840.42519	 	277.50000	469.50000	 	877.50000	688.50000	 	1029.00000	786.00000	 	 	 	 	 	 	 
116	142.45474	839.88301	 	276.00000	466.50000	 	877.50000	687.00000	 	1030.50000	786.00000	 	 	 	 	 	 	 
117	140.91493	840.68685	 	276.00000	468.00000	 	879.00000	688.50000	 	1030.50000	786.00000	 	 	 	 	 	 	 
118	140.95817	840.59547	 	274.50000	468.00000	 	880.50000	687.00000	 	1030.50000	789.00000	 	 	 	 	 	 	 
119	139.42275	838.72722	 	276.00000	469.50000	 	880.50000	687.00000	 	1029.00000	787.50000	 	 	 	 	 	 	 
120	140.53215	837.93570	 	276.00000	468.00000	 	880.50000	685.50000	 	1029.00000	786.00000	 	 	 	 	 	 	 
121	141.00414	836.56606	 	274.50000	469.50000	 	882.00000	685.50000	 	1030.50000	784.50000	 	 	 	 	 	 	 
122	140.85795	831.23081	 	276.00000	471.00000	 	882.00000	685.50000	 	1032.00000	786.00000	 	 	 	 	 	 	 
123	140.84474	830.17957	 	276.00000	469.50000	 	880.50000	685.50000	 	1032.00000	784.50000	 	 	 	 	 	 	 
124	140.08130	830.99352	 	276.00000	469.50000	 	880.50000	685.50000	 	1030.50000	784.50000	 	 	 	 	 	 	 
125	140.03466	830.87937	 	276.00000	468.00000	 	882.00000	685.50000	 	1030.50000	786.00000	 	 	 	 	 	 	 
126	139.70577	829.29469	 	276.00000	468.00000	 	880.50000	685.50000	 	1032.00000	784.50000	 	 	 	 	 	 	 
127	138.95836	828.81653	 	276.00000	466.50000	 	879.00000	685.50000	 	1032.00000	786.00000	 	 	 	 	 	 	 
128	140.28412	828.24830	 	274.50000	466.50000	 	880.50000	687.00000	 	1030.50000	786.00000	 	 	 	 	 	 	 
129	140.62548	829.28213	 	273.00000	465.00000	 	880.50000	687.00000	 	1030.50000	784.50000	 	 	 	 	 	 	 
130	140.69862	830.58233	 	271.50000	466.50000	 	879.00000	687.00000	 	1030.50000	786.00000	 	 	 	 	 	 	 
131	139.48392	830.83179	 	273.00000	468.00000	 	879.00000	687.00000	 	1033.50000	786.00000	 	 	 	 	 	 	 
132	141.31290	832.86352	 	273.00000	466.50000	 	879.00000	687.00000	 	1032.00000	787.50000	 	 	 	 	 	 	 
133	141.72800	835.40094	 	270.00000	466.50000	 	880.50000	688.50000	 	1033.50000	787.50000	 	 	 	 	 	 	 
134	141.14893	835.90869	 	268.50000	466.50000	 	882.00000	688.50000	 	1032.00000	787.50000	 	 	 	 	 	 	 
135	142.65205	836.77449	 	271.50000	468.00000	 	882.00000	688.50000	 	1032.00000	787.50000	 	 	 	 	 	 	 
136	 	 	 	273.00000	469.50000	 	882.00000	688.50000	 	1032.00000	787.50000	 	 	 	 	 	 	 
137	 	 	 	271.50000	468.00000	 	883.50000	687.00000	 	1030.50000	787.50000	 	 	 	 	 	 	 
138	 	 	 	270.00000	471.00000	 	882.00000	688.50000	 	1030.50000	787.50000	 	 	 	 	 	 	 
139	 	 	 	271.50000	469.50000	 	883.50000	688.50000	 	1030.50000	787.50000	 	 	 	 	 	 	 
140	 	 	 	271.50000	469.50000	 	883.50000	687.00000	 	1029.00000	789.00000	 	 	 	 	 	 	 
141	 	 	 	273.00000	469.50000	 	883.50000	688.50000	 	1029.00000	787.50000	 	 	 	 	 	 	 
142	 	 	 	273.00000	468.00000	 	882.00000	687.00000	 	1029.00000	789.00000	 	 	 	 	 	 	 
143	 	 	 	273.00000	469.50000	 	883.50000	688.50000	 	1029.00000	787.50000	 	 	 	 	 	 	 
144	 	 	 	271.50000	468.00000	 	882.00000	688.50000	 	1030.50000	789.00000	 	 	 	 	 	 	 
145	 	 	 	271.50000	468.00000	 	882.00000	688.50000	 	1030.50000	787.50000	 	 	 	 	 	 	 
146	 	 	 	271.50000	469.50000	 	882.00000	688.50000	 	1030.50000	787.50000	 	 	 	 	 	 	 
147	 	 	 	270.00000	469.50000	 	883.50000	688.50000	 	1030.50000	787.50000	 	 	 	 	 	 	 
148	 	 	 	271.50000	468.00000	 	883.50000	688.50000	 	1030.50000	787.50000	 	 	 	 	 	 	 
149	 	 	 	273.00000	469.50000	 	883.50000	688.50000	 	1032.00000	787.50000	 	 	 	 	 	 	 
150	 	 	 	273.00000	468.00000	 	883.50000	688.50000	 	1033.50000	786.00000	 	 	 	 	 	 	 
151	 	 	 	273.00000	465.00000	 	883.50000	688.50000	 	1033.50000	786.00000	 	 	 	 	 	 	 
152	 	 	 	271.50000	465.00000	 	885.00000	688.50000	 	1033.50000	786.00000	 	 	 	 	 	 	 
153	 	 	 	270.00000	466.50000	 	885.00000	690.00000	 	1033.50000	786.00000	 	 	 	 	 	 	 
154	118.61081	832.01088	 	270.00000	466.50000	 	885.00000	688.50000	 	1035.00000	786.00000	 	 	 	 	 	 	 
155	121.03702	830.87171	 	270.00000	465.00000	 	885.00000	688.50000	 	1033.50000	787.50000	 	 	 	 	 	 	 
156	122.56729	831.57443	 	268.50000	463.50000	 	885.00000	687.00000	 	1035.00000	787.50000	 	 	 	 	 	 	 
157	122.97588	832.17777	 	268.50000	465.00000	 	885.00000	685.50000	 	1033.50000	787.50000	 	 	 	 	 	 	 
158	122.74025	831.54376	 	267.00000	465.00000	 	885.00000	685.50000	 	1032.00000	787.50000	 	 	 	 	 	 	 
159	122.69984	830.36660	 	270.00000	466.50000	 	883.50000	684.00000	 	1032.00000	787.50000	 	 	 	 	 	 	 
160	123.48856	829.50969	 	283.26672	468.25526	 	883.50000	685.50000	 	1032.00000	787.50000	 	 	 	 	 	 	 
161	123.42357	829.35017	 	270.00000	468.00000	 	882.00000	685.50000	 	1032.00000	789.00000	 	 	 	 	 	 	 
162	125.37590	828.66733	 	270.00000	466.50000	 	882.00000	685.50000	 	1033.50000	789.00000	 	 	 	 	 	 	 
163	123.78550	829.42318	 	268.50000	469.50000	 	883.50000	685.50000	 	1033.50000	789.00000	 	 	 	 	1212.00000	405.00000	 
164	123.55930	829.57456	 	271.50000	468.00000	 	882.00000	684.00000	 	1032.00000	789.00000	 	 	 	 	1210.50000	403.50000	 
165	123.73340	829.75030	 	268.50000	469.50000	 	883.50000	685.50000	 	1033.50000	787.50000	 	 	 	 	1212.00000	405.00000	 
166	123.20247	829.78697	 	267.00000	468.00000	 	882.00000	685.50000	 	1032.00000	787.50000	 	 	 	 	1212.00000	405.00000	 
167	123.27881	829.67578	 	268.50000	466.50000	 	880.50000	687.00000	 	1033.50000	787.50000	 	 	 	 	1212.00000	403.50000	 
168	124.42637	830.51181	 	267.00000	465.00000	 	879.00000	685.50000	 	1033.50000	787.50000	 	 	 	 	1212.00000	405.00000	 
169	124.27102	830.99219	 	271.50000	469.50000	 	879.00000	685.50000	 	1033.50000	787.50000	 	 	 	 	1212.00000	406.50000	 
170	123.31044	830.80940	 	270.00000	468.00000	 	879.00000	687.00000	 	1033.50000	787.50000	 	 	 	 	1212.00000	406.50000	 
171	122.31481	830.91425	 	270.00000	468.00000	 	877.50000	688.50000	 	1033.50000	787.50000	 	 	 	 	1212.00000	405.00000	 
172	122.90947	832.29406	 	270.00000	469.50000	 	877.50000	688.50000	 	1035.00000	787.50000	 	 	 	 	1212.00000	406.50000	 
173	122.52371	832.86915	 	270.00000	469.50000	 	877.50000	688.50000	 	1035.00000	789.00000	 	 	 	 	1212.00000	406.50000	 
174	123.29733	833.03127	 	268.50000	472.50000	 	879.00000	687.00000	 	1035.00000	787.50000	 	 	 	 	1212.00000	406.50000	 
175	123.29521	833.41433	 	270.00000	469.50000	 	879.00000	687.00000	 	1035.00000	787.50000	 	 	 	 	1212.00000	405.00000	 
176	122.65589	832.81370	 	270.00000	469.50000	 	877.50000	688.50000	 	1035.00000	787.50000	 	 	 	 	1212.00000	405.00000	 
177	123.55220	833.45106	 	270.00000	469.50000	 	880.50000	687.00000	 	1033.50000	787.50000	 	 	 	 	1210.50000	403.50000	 
178	123.72005	832.89013	 	268.50000	466.50000	 	880.50000	687.00000	 	1035.00000	789.00000	 	 	 	 	1212.00000	402.00000	 
179	124.32042	833.69637	 	268.50000	466.50000	 	880.50000	687.00000	 	1035.00000	789.00000	 	 	 	 	1210.50000	403.50000	 
180	126.19204	834.47174	 	264.92893	464.74069	 	879.00000	687.00000	 	1035.00000	789.00000	 	 	 	 	 	 	 
181	125.73007	834.43428	 	270.00000	468.00000	 	877.50000	688.50000	 	1033.50000	787.50000	 	 	 	 	1210.50000	403.50000	*
182	126.98948	833.74310	 	284.01257	469.96779	 	879.00000	688.50000	 	1033.50000	789.00000	 	 	 	 	1210.50000	403.50000	 
183	127.67538	832.83352	 	 	 	 	879.00000	688.50000	 	1033.50000	787.50000	 	 	 	 	 	 	 
184	127.63380	832.55764	 	284.18222	469.86208	*	880.50000	688.50000	 	1035.00000	787.50000	 	 	 	 	1207.50000	403.50000	*
185	127.54201	833.75294	 	283.86364	470.53191	 	880.50000	690.00000	 	1036.50000	787.50000	 	 	 	 	 	 	 
186	128.01219	834.09318	 	283.89776	470.81600	 	879.00000	690.00000	 	1035.00000	789.00000	 	 	 	 	1210.50000	403.50000	*
187	128.79823	833.98116	 	283.59410	470.20567	 	879.00000	691.50000	 	1035.00000	787.50000	 	 	 	 	1210.50000	403.50000	 
188	128.37004	833.89139	 	270.00000	468.00000	 	879.00000	691.50000	 	1035.00000	787.50000	 	 	 	 	1210.50000	402.00000	 
189	128.78905	834.06625	 	267.00000	469.50000	 	879.00000	690.00000	 	1035.00000	786.00000	 	 	 	 	1209.00000	403.50000	 
190	129.73666	833.18869	 	267.00000	469.50000	 	879.00000	690.00000	 	1035.00000	786.00000	 	 	 	 	1210.50000	402.00000	 
191	130.37378	832.95484	 	267.00000	471.00000	 	880.50000	690.00000	 	1035.00000	786.00000	 	 	 	 	1209.00000	403.50000	 
192	130.56419	832.97848	 	267.00000	472.50000	 	880.50000	690.00000	 	1033.50000	787.50000	 	 	 	 	1210.50000	403.50000	 
193	130.34569	833.12747	 	267.00000	472.50000	 	880.50000	690.00000	 	1033.50000	786.00000	 	 	 	 	1209.00000	403.50000	 
194	130.65950	832.99482	 	265.50000	474.00000	 	880.50000	688.50000	 	1033.50000	786.00000	 	 	 	 	1209.00000	403.50000	 
195	130.63857	832.62899	 	264.00000	474.00000	 	880.50000	688.50000	 	1033.50000	786.00000	 	 	 	 	1209.00000	403.50000	 
196	129.77115	833.47749	 	265.50000	474.00000	 	882.00000	688.50000	 	1032.00000	789.00000	 	 	 	 	 	 	 
197	129.65825	833.41914	 	267.00000	474.00000	 	882.00000	688.50000	 	1032.00000	789.00000	 	 	 	 	1209.00000	403.50000	*
198	130.96512	832.13867	 	268.50000	468.00000	 	882.00000	687.00000	 	1033.50000	787.50000	 	 	 	 	1200.28256	403.43159	 
199	131.10645	831.88414	 	268.50000	472.50000	 	882.00000	687.00000	 	1032.00000	787.50000	 	 	 	 	 	 	 
200	132.15567	830.75652	 	270.00000	471.00000	 	880.50000	687.00000	 	1032.00000	786.00000	 	 	 	 	1207.50000	406.50000	*
201	132.37087	830.73819	 	270.00000	472.50000	 	880.50000	688.50000	 	1030.50000	787.50000	 	 	 	 	 	 	 
202	132.21549	830.76598	 	268.50000	472.50000	 	880.50000	690.00000	 	1032.00000	787.50000	 	 	 	 	1207.50000	406.50000	*
203	132.15837	830.94930	 	270.00000	472.50000	 	880.50000	688.50000	 	1032.00000	789.00000	 	 	 	 	 	 	 
204	132.06530	830.94199	 	270.00000	469.50000	 	879.00000	688.50000	 	1030.50000	790.50000	 	 	 	 	 	 	 
205	131.96620	831.06782	 	268.50000	472.50000	 	879.00000	688.50000	 	1030.50000	789.00000	 	 	 	 	1219.09727	403.31864	*
206	132.14594	830.84364	 	271.50000	469.50000	 	880.50000	690.00000	 	1032.00000	790.50000	 	 	 	 	 	 	 
207	131.18671	831.86930	 	270.00000	469.50000	 	880.50000	690.00000	 	1032.00000	790.50000	 	 	 	 	1209.00000	406.50000	*
208	132.12417	830.97278	 	270.00000	469.50000	 	880.50000	690.00000	 	1033.50000	790.50000	 	 	 	 	1209.00000	408.00000	 
209	131.82848	831.60839	 	270.00000	469.50000	 	882.00000	688.50000	 	1032.00000	790.50000	 	 	 	 	 	 	 
210	131.91876	831.72826	 	270.00000	471.00000	 	882.00000	690.00000	 	1033.50000	790.50000	 	 	 	 	1209.00000	408.00000	*
211	131.47787	832.05006	 	273.00000	469.50000	 	883.50000	690.00000	 	1035.00000	789.00000	 	 	 	 	1209.00000	406.50000	 
212	131.06577	832.92140	 	273.00000	474.00000	 	882.00000	688.50000	 	1035.00000	790.50000	 	 	 	 	1209.10333	415.28722	 
213	131.34490	832.59231	 	273.00000	469.50000	 	883.50000	688.50000	 	1032.00000	790.50000	 	 	 	 	1210.50000	409.50000	 
214	130.76872	833.02812	 	276.00000	469.50000	 	882.00000	687.00000	 	1030.50000	792.00000	 	 	 	 	1212.00000	408.00000	 
215	130.57696	833.01479	 	276.00000	469.50000	 	880.50000	687.00000	 	1032.00000	789.00000	 	 	 	 	1210.50000	408.00000	 
216	131.36744	832.47864	 	274.50000	471.00000	 	882.00000	687.00000	 	1032.00000	789.00000	 	 	 	 	1210.50000	409.50000	 
217	131.66257	832.33107	 	274.50000	471.00000	 	880.50000	687.00000	 	1032.00000	789.00000	 	 	 	 	1210.50000	409.50000	 
218	131.74018	831.99598	 	273.00000	469.50000	 	883.50000	688.50000	 	1030.50000	789.00000	 	 	 	 	1210.50000	408.00000	 
219	131.89502	831.81990	 	276.00000	474.00000	 	883.50000	688.50000	 	1032.00000	789.00000	 	 	 	 	1210.50000	408.00000	 
220	131.94227	831.67259	 	274.50000	471.00000	 	883.50000	690.00000	 	1033.50000	789.00000	 	 	 	 	1210.50000	408.00000	 
221	132.02069	831.36367	 	276.00000	474.00000	 	883.50000	690.00000	 	1030.50000	789.00000	 	 	 	 	1209.00000	408.00000	 
222	132.56380	830.78023	 	276.00000	474.00000	 	883.50000	687.00000	 	1030.50000	787.50000	 	 	 	 	1207.50000	406.50000	 
223	132.51412	830.82070	 	276.00000	474.00000	 	883.50000	688.50000	 	1030.50000	787.50000	 	 	 	 	1207.50000	405.00000	 
224	132.54972	830.89304	 	276.00000	472.50000	 	882.00000	687.00000	 	1030.50000	786.00000	 	 	 	 	1209.00000	405.00000	 
225	132.07305	831.21663	 	273.00000	469.50000	 	880.50000	685.50000	 	1032.00000	786.00000	 	 	 	 	1209.00000	403.50000	 
226	132.05344	831.56240	 	276.00000	472.50000	 	882.00000	685.50000	 	1032.00000	786.00000	 	 	 	 	1209.00000	405.00000	 
227	131.51082	831.97302	 	276.00000	471.00000	 	883.50000	685.50000	 	1032.00000	786.00000	 	 	 	 	1200.38887	402.70963	 
228	131.45868	831.95722	 	276.00000	471.00000	 	885.00000	687.00000	 	1032.00000	786.00000	 	 	 	 	 	 	 
229	131.70272	831.59866	 	273.00000	469.50000	 	883.50000	688.50000	 	1030.50000	787.50000	 	 	 	 	 	 	 
230	132.14286	831.18003	 	273.00000	471.00000	 	883.50000	688.50000	 	1030.50000	786.00000	 	 	 	 	 	 	 
231	132.48599	830.99399	 	273.00000	472.50000	 	883.50000	688.50000	 	1030.50000	786.00000	 	 	 	 	 	 	 
232	132.82593	830.29511	 	273.00000	471.00000	 	883.50000	688.50000	 	1032.00000	786.00000	 	 	 	 	 	 	 
233	132.56085	830.86841	 	273.00000	471.00000	 	883.50000	688.50000	 	1033.50000	786.00000	 	 	 	 	 	 	 
234	132.75181	830.69338	 	273.00000	469.50000	 	882.00000	688.50000	 	1035.00000	786.00000	 	 	 	 	 	 	 
235	132.65749	830.65709	 	273.00000	469.50000	 	882.00000	688.50000	 	1036.50000	786.00000	 	 	 	 	 	 	 
236	132.66129	830.63036	 	277.50000	472.50000	 	882.00000	688.50000	 	1035.00000	787.50000	 	 	 	 	 	 	 
237	132.90498	830.58037	 	277.50000	469.50000	 	882.00000	687.00000	 	1035.00000	787.50000	 	 	 	 	 	 	 
238	132.90419	830.35840	 	277.50000	469.50000	 	882.00000	685.50000	 	1035.00000	786.00000	 	 	 	 	 	 	 
239	132.74219	830.31862	 	277.50000	469.50000	 	880.50000	687.00000	 	1035.00000	787.50000	 	 	 	 	 	 	 
240	133.13171	830.22357	 	277.50000	469.50000	 	880.50000	687.00000	 	1035.00000	787.50000	 	 	 	 	 	 	 

Track 	Length	Distance traveled	Nr of Frames
1	289.02486	12.44115	176
2	514.10564	5.40833	239
3	290.98728	3.35410	240
4	296.08889	3.35410	240
5	198.85759	3.35410	87
6	118.53755	11.83487	55
