Frame	X1	Y1	Flag1	X2	Y2	Flag2	X3	Y3	Flag3	X4	Y4	Flag4	X5	Y5	Flag5	X6	Y6	Flag6	X7	Y7	Flag7	X8	Y8	Flag8	X9	Y9	Flag9
Tracks 1 to 9
1	1177.50000	466.50000	 	 	 	 	 	 	 	 	 	 	 	 	 	 	 	 	 	 	 	 	 	 	 	 	 
2	1177.50000	465.00000	 	1212.00000	241.50000	 	120.52968	707.63980	 	 	 	 	 	 	 	 	 	 	 	 	 	 	 	 	 	 	 
3	1177.50000	465.00000	 	1212.00000	241.50000	 	129.00000	709.50000	 	 	 	 	 	 	 	 	 	 	 	 	 	 	 	 	 	 	 
4	 	 	 	1212.00000	241.50000	 	129.00000	709.50000	 	 	 	 	 	 	 	 	 	 	 	 	 	 	 	 	 	 	 
5	1179.00000	466.50000	*	1212.00000	241.50000	 	129.00000	709.50000	 	 	 	 	 	 	 	 	 	 	 	 	 	 	 	 	 	 	 
6	1179.00000	466.50000	 	1201.94584	242.05940	 	122.76320	704.09504	 	 	 	 	 	 	 	 	 	 	 	 	 	 	 	 	 	 	 
7	1177.50000	468.00000	 	 	 	 	129.00000	709.50000	 	 	 	 	 	 	 	 	 	 	 	 	 	 	 	 	 	 	 
8	1179.00000	466.50000	 	1212.00000	241.50000	*	121.36285	705.87215	 	 	 	 	 	 	 	 	 	 	 	 	 	 	 	 	 	 	 
9	1179.00000	468.00000	 	1212.00000	241.50000	 	120.80785	707.00925	 	 	 	 	 	 	 	 	 	 	 	 	 	 	 	 	 	 	 
10	1177.50000	471.00000	 	1206.24161	249.51068	 	130.50000	709.50000	 	 	 	 	 	 	 	 	 	 	 	 	 	 	 	 	 	 	 
11	1178.93706	477.53957	 	 	 	 	122.34251	704.79497	 	 	 	 	 	 	 	 	 	 	 	 	 	 	 	 	 	 	 
12	1179.00000	469.50000	 	1212.00000	241.50000	*	120.16912	709.32877	 	 	 	 	 	 	 	 	 	 	 	 	 	 	 	 	 	 	 
13	1180.50000	469.50000	 	 	 	 	133.06945	702.16440	 	 	 	 	 	 	 	 	 	 	 	 	 	 	 	 	 	 	 
14	1180.50000	469.50000	 	1212.00000	240.00000	*	 	 	 	 	 	 	 	 	 	 	 	 	 	 	 	 	 	 	 	 	 
15	1179.00000	471.00000	 	1212.00000	241.50000	 	138.89797	719.21839	*	 	 	 	 	 	 	 	 	 	 	 	 	 	 	 	 	 	 
16	1180.50000	469.50000	 	1212.00000	241.50000	 	137.36267	720.52750	 	 	 	 	 	 	 	 	 	 	 	 	 	 	 	 	 	 	 
17	1182.00000	469.50000	 	1208.47292	251.19114	 	 	 	 	 	 	 	 	 	 	 	 	 	 	 	 	 	 	 	 	 	 
18	1182.00000	469.50000	 	1212.00000	241.50000	 	 	 	 	 	 	 	 	 	 	 	 	 	 	 	 	 	 	 	 	 	 
19	1183.50000	469.50000	 	1207.35874	249.79259	 	136.13615	721.29033	*	 	 	 	 	 	 	 	 	 	 	 	 	 	 	 	 	 	 
20	1182.00000	469.50000	 	1212.00000	241.50000	 	 	 	 	 	 	 	 	 	 	 	 	 	 	 	 	 	 	 	 	 	 
21	1182.00000	469.50000	 	1208.36396	250.15664	 	138.42461	705.26530	*	 	 	 	 	 	 	 	 	 	 	 	 	 	 	 	 	 	 
22	1182.00000	472.50000	 	1213.50000	241.50000	 	140.85770	708.58643	 	 	 	 	 	 	 	 	 	 	 	 	 	 	 	 	 	 	 
23	1183.50000	471.00000	 	1213.50000	241.50000	 	 	 	 	 	 	 	 	 	 	 	 	 	 	 	 	 	 	 	 	 	 
24	1182.00000	471.00000	 	1212.00000	241.50000	 	 	 	 	 	 	 	 	 	 	 	 	 	 	 	 	 	 	 	 	 	 
25	1182.00000	472.50000	 	1210.97707	250.86863	 	134.36390	702.73798	*	 	 	 	 	 	 	 	 	 	 	 	 	 	 	 	 	 	 
26	1182.00000	471.00000	 	 	 	 	 	 	 	1217.29267	227.30785	 	 	 	 	 	 	 	 	 	 	 	 	 	 	 	 
27	1182.00000	471.00000	 	 	 	 	 	 	 	1215.00000	237.00000	 	 	 	 	 	 	 	 	 	 	 	 	 	 	 	 
28	1182.00000	471.00000	 	 	 	 	141.11852	713.47371	*	1213.50000	237.00000	 	 	 	 	 	 	 	 	 	 	 	 	 	 	 	 
29	1182.00000	471.00000	 	 	 	 	141.07937	714.59850	 	 	 	 	 	 	 	 	 	 	 	 	 	 	 	 	 	 	 
30	1182.00000	471.00000	 	 	 	 	139.27432	706.33013	 	1221.38474	228.19270	*	 	 	 	 	 	 	 	 	 	 	 	 	 	 	 
31	1180.50000	469.50000	 	 	 	 	139.24894	706.11506	 	1215.00000	237.00000	 	 	 	 	 	 	 	 	 	 	 	 	 	 	 	 
32	1180.50000	471.00000	 	 	 	 	131.34613	701.75981	 	 	 	 	 	 	 	 	 	 	 	 	 	 	 	 	 	 	 
33	1180.50000	471.00000	 	 	 	 	136.20315	703.78260	 	1210.31999	252.05159	*	 	 	 	 	 	 	 	 	 	 	 	 	 	 	 
34	1182.00000	469.50000	 	 	 	 	134.43982	702.61992	 	 	 	 	 	 	 	 	 	 	 	 	 	 	 	 	 	 	 
35	1182.00000	474.00000	 	 	 	 	130.50000	709.50000	 	1212.00000	241.50000	*	 	 	 	 	 	 	 	 	 	 	 	 	 	 	 
36	1182.00000	474.00000	 	 	 	 	129.00000	709.50000	 	1208.62627	250.24488	 	 	 	 	 	 	 	 	 	 	 	 	 	 	 	 
37	1176.00000	480.00000	 	 	 	 	129.00000	709.50000	 	 	 	 	 	 	 	 	 	 	 	 	 	 	 	 	 	 	 
38	1183.50000	469.50000	 	 	 	 	121.55851	705.86527	 	 	 	 	 	 	 	 	 	 	 	 	 	 	 	 	 	 	 
39	1182.00000	471.00000	 	 	 	 	119.54794	712.94117	 	1212.00000	241.50000	*	 	 	 	 	 	 	 	 	 	 	 	 	 	 	 
40	1183.50000	471.00000	 	 	 	 	120.05308	708.77121	 	1212.00000	241.50000	 	 	 	 	 	 	 	 	 	 	 	 	 	 	 	 
41	1183.50000	468.00000	 	 	 	 	129.00000	709.50000	 	1212.00000	241.50000	 	 	 	 	 	 	 	 	 	 	 	 	 	 	 	 
42	1183.50000	471.00000	 	 	 	 	119.53780	710.39103	 	1212.00000	241.50000	 	 	 	 	 	 	 	 	 	 	 	 	 	 	 	 
43	1180.50000	477.00000	 	 	 	 	119.64802	711.51765	 	1213.50000	241.50000	 	 	 	 	 	 	 	 	 	 	 	 	 	 	 	 
44	1185.00000	469.50000	 	 	 	 	 	 	 	1212.00000	241.50000	 	 	 	 	 	 	 	 	 	 	 	 	 	 	 	 
45	1186.50000	469.50000	 	 	 	 	119.45214	711.94840	*	1206.38022	250.02482	 	 	 	 	 	 	 	 	 	 	 	 	 	 	 	 
46	1180.50000	477.00000	 	 	 	 	129.00000	714.00000	 	1212.00000	241.50000	 	 	 	 	 	 	 	 	 	 	 	 	 	 	 	 
47	1183.50000	471.00000	 	 	 	 	129.02554	723.95849	 	 	 	 	 	 	 	 	 	 	 	 	 	 	 	 	 	 	 
48	1183.50000	471.00000	 	 	 	 	 	 	 	 	 	 	 	 	 	 	 	 	 	 	 	 	 	 	 	 	 
49	1180.50000	474.00000	 	 	 	 	 	 	 	 	 	 	 	 	 	 	 	 	 	 	 	 	 	 	 	 	 
50	1182.00000	472.50000	 	 	 	 	 	 	 	 	 	 	 	 	 	 	 	 	 	 	 	 	 	 	 	 	 
51	1182.00000	475.50000	 	 	 	 	 	 	 	1215.00000	237.00000	*	 	 	 	 	 	 	 	 	 	 	 	 	 	 	 
52	1182.00000	475.50000	 	 	 	 	 	 	 	 	 	 	 	 	 	 	 	 	 	 	 	 	 	 	 	 	 
53	1182.00000	475.50000	 	 	 	 	 	 	 	1212.93679	251.26894	*	223.50000	1044.00000	 	 	 	 	 	 	 	 	 	 	 	 	 
54	1182.00000	472.50000	 	 	 	 	 	 	 	 	 	 	 	 	 	 	 	 	 	 	 	 	 	 	 	 	 
55	1180.50000	475.50000	 	 	 	 	 	 	 	 	 	 	222.00000	1044.00000	*	 	 	 	 	 	 	 	 	 	 	 	 
56	1183.50000	475.50000	 	 	 	 	 	 	 	 	 	 	222.00000	1044.00000	 	 	 	 	 	 	 	 	 	 	 	 	 
57	1183.50000	475.50000	 	 	 	 	 	 	 	 	 	 	222.00000	1044.00000	 	 	 	 	 	 	 	 	 	 	 	 	 
58	1185.00000	472.50000	 	 	 	 	133.85455	702.51431	 	 	 	 	 	 	 	 	 	 	 	 	 	 	 	 	 	 	 
59	1183.50000	474.00000	 	 	 	 	 	 	 	 	 	 	222.00000	1044.00000	*	 	 	 	 	 	 	 	 	 	 	 	 
60	1188.00000	471.00000	 	 	 	 	 	 	 	1212.00000	241.50000	 	225.00000	1044.00000	 	 	 	 	 	 	 	 	 	 	 	 	 
61	1182.00000	475.50000	 	 	 	 	132.00000	709.50000	*	 	 	 	 	 	 	 	 	 	 	 	 	 	 	 	 	 	 
62	1186.50000	471.00000	 	 	 	 	124.57768	702.73133	 	1206.20714	249.48955	*	 	 	 	 	 	 	 	 	 	 	 	 	 	 	 
63	1182.00000	472.50000	 	 	 	 	 	 	 	1212.00000	241.50000	 	222.00000	1044.00000	*	 	 	 	 	 	 	 	 	 	 	 	 
64	1182.00000	471.00000	 	 	 	 	 	 	 	 	 	 	 	 	 	 	 	 	 	 	 	 	 	 	 	 	 
65	1182.00000	469.50000	 	 	 	 	125.92845	722.94212	*	1212.00000	240.00000	*	 	 	 	 	 	 	 	 	 	 	 	 	 	 	 
66	1182.00000	469.50000	 	 	 	 	136.10501	721.59443	 	1208.40843	250.48846	 	222.00000	1044.00000	*	 	 	 	 	 	 	 	 	 	 	 	 
67	1180.50000	469.50000	 	 	 	 	135.44454	722.24265	 	1212.00000	241.50000	 	222.00000	1045.50000	 	 	 	 	 	 	 	 	 	 	 	 	 
68	1180.50000	469.50000	 	 	 	 	138.28292	720.30634	 	1212.00000	241.50000	 	 	 	 	 	 	 	 	 	 	 	 	 	 	 	 
69	1180.50000	471.00000	 	 	 	 	133.18855	723.37552	 	1212.00000	241.50000	 	 	 	 	 	 	 	 	 	 	 	 	 	 	 	 
70	1179.00000	472.50000	 	 	 	 	133.00174	723.34949	 	1213.50000	241.50000	 	223.50000	1041.00000	*	 	 	 	 	 	 	 	 	 	 	 	 
71	1182.00000	471.00000	 	 	 	 	 	 	 	 	 	 	 	 	 	 	 	 	 	 	 	 	 	 	 	 	 
72	1182.00000	469.50000	 	 	 	 	123.70813	721.72111	*	1223.87223	229.47425	*	 	 	 	 	 	 	 	 	 	 	 	 	 	 	 
73	1180.50000	471.00000	 	 	 	 	130.50000	715.50000	 	 	 	 	 	 	 	 	 	 	 	 	 	 	 	 	 	 	 
74	1180.50000	471.00000	 	 	 	 	129.00000	715.50000	 	 	 	 	222.00000	1042.50000	*	 	 	 	 	 	 	 	 	 	 	 	 
75	1179.00000	471.00000	 	 	 	 	128.55220	723.71664	 	 	 	 	 	 	 	 	 	 	 	 	 	 	 	 	 	 	 
76	1179.00000	471.00000	 	 	 	 	129.00000	715.50000	 	 	 	 	223.50000	1045.50000	*	 	 	 	 	 	 	 	 	 	 	 	 
77	1180.50000	471.00000	 	 	 	 	130.50000	715.50000	 	 	 	 	 	 	 	 	 	 	 	 	 	 	 	 	 	 	 
78	1182.00000	471.00000	 	 	 	 	131.48442	723.35967	 	 	 	 	222.00000	1044.00000	*	 	 	 	 	 	 	 	 	 	 	 	 
79	1179.00000	474.00000	 	 	 	 	130.27476	723.98596	 	1213.50000	241.50000	 	220.50000	1050.00000	 	 	 	 	 	 	 	 	 	 	 	 	 
80	1179.00000	475.50000	 	 	 	 	 	 	 	 	 	 	220.50000	1048.50000	 	 	 	 	 	 	 	 	 	 	 	 	 
81	1177.50000	474.00000	 	 	 	 	 	 	 	1215.00000	237.00000	*	220.50000	1047.00000	 	 	 	 	 	 	 	 	 	 	 	 	 
82	1179.00000	474.00000	 	 	 	 	120.20102	714.52264	*	1215.00000	238.50000	 	219.00000	1047.00000	 	 	 	 	 	 	 	 	 	 	 	 	 
83	1179.00000	474.00000	 	 	 	 	131.21015	723.50517	 	1215.00000	238.50000	 	220.50000	1047.00000	 	 	 	 	 	 	 	 	 	 	 	 	 
84	1179.00000	474.00000	 	 	 	 	140.49993	716.78479	 	 	 	 	208.24485	1053.37289	 	 	 	 	 	 	 	 	 	 	 	 	 
85	1180.50000	472.50000	 	 	 	 	141.18930	713.40364	 	1206.41512	249.44408	*	219.00000	1048.50000	 	 	 	 	 	 	 	 	 	 	 	 	 
86	1182.00000	472.50000	 	 	 	 	141.32520	711.65694	 	1213.07541	251.31265	 	217.50000	1047.00000	 	 	 	 	 	 	 	 	 	 	 	 	 
87	1180.50000	474.00000	 	 	 	 	140.65872	716.57127	 	1209.18787	250.90425	 	208.04658	1053.61755	 	 	 	 	 	 	 	 	 	 	 	 	 
88	1180.50000	472.50000	 	 	 	 	 	 	 	1212.00000	241.50000	 	219.00000	1050.00000	 	 	 	 	 	 	 	 	 	 	 	 	 
89	1182.00000	472.50000	 	 	 	 	 	 	 	1207.91085	250.29698	 	219.00000	1050.00000	 	 	 	 	 	 	 	 	 	 	 	 	 
90	1180.50000	475.50000	 	 	 	 	135.63901	703.31943	*	1207.36462	249.67418	 	217.50000	1050.00000	 	 	 	 	 	 	 	 	 	 	 	 	 
91	1180.50000	475.50000	 	 	 	 	133.25954	702.21523	 	1213.50000	241.50000	 	208.27438	1053.57625	 	 	 	 	 	 	 	 	 	 	 	 	 
92	1182.00000	477.00000	 	 	 	 	138.03538	704.90460	 	1207.06925	249.87939	 	217.50000	1050.00000	 	 	 	 	 	 	 	 	 	 	 	 	 
93	1182.00000	478.50000	 	 	 	 	 	 	 	1208.52554	250.23653	 	216.00000	1051.50000	 	 	 	 	 	 	 	 	 	 	 	 	 
94	1180.50000	475.50000	 	 	 	 	 	 	 	1204.18944	248.08157	 	217.50000	1050.00000	 	 	 	 	 	 	 	 	 	 	 	 	 
95	1180.50000	475.50000	 	 	 	 	131.69154	723.39324	*	1211.48375	251.21665	 	208.10947	1054.88011	 	 	 	 	 	 	 	 	 	 	 	 	 
96	1182.00000	477.00000	 	 	 	 	 	 	 	1215.00000	238.50000	 	214.50000	1051.50000	 	 	 	 	 	 	 	 	 	 	 	 	 
97	1182.00000	478.50000	 	 	 	 	139.12260	706.32841	*	1213.50000	238.50000	 	206.85394	1053.61563	 	 	 	 	 	 	 	 	 	 	 	 	 
98	1185.00000	478.50000	 	 	 	 	 	 	 	1220.25982	228.07726	 	206.87000	1053.94492	 	 	 	 	 	 	 	 	 	 	 	 	 
99	1185.00000	478.50000	 	 	 	 	 	 	 	1224.51164	232.98580	 	206.46965	1053.99672	 	 	 	 	 	 	 	 	 	 	 	 	 
100	1183.50000	477.00000	 	 	 	 	 	 	 	1215.00000	238.50000	 	208.49902	1052.62638	 	 	 	 	 	 	 	 	 	 	 	 	 
101	1183.50000	478.50000	 	 	 	 	 	 	 	1224.63510	231.66405	 	208.54713	1052.94156	 	 	 	 	 	 	 	 	 	 	 	 	 
102	1183.50000	478.50000	 	 	 	 	 	 	 	 	 	 	207.00000	1050.00000	 	 	 	 	 	 	 	 	 	 	 	 	 
103	1182.00000	477.00000	 	 	 	 	 	 	 	 	 	 	207.00000	1047.00000	 	 	 	 	 	 	 	 	 	 	 	 	 
104	1180.50000	477.00000	 	 	 	 	 	 	 	1222.71846	228.74278	*	207.00000	1050.00000	 	 	 	 	 	 	 	 	 	 	 	 	 
105	1182.00000	478.50000	 	 	 	 	 	 	 	1223.60513	230.76035	 	205.72332	1053.24758	 	 	 	 	 	 	 	 	 	 	 	 	 
106	1182.00000	478.50000	 	 	 	 	 	 	 	 	 	 	205.15359	1053.23576	 	 	 	 	 	 	 	 	 	 	 	 	 
107	1185.00000	478.50000	 	 	 	 	 	 	 	1215.00000	237.00000	*	206.07446	1052.92949	 	 	 	 	 	 	 	 	 	 	 	 	 
108	1182.00000	477.00000	 	 	 	 	 	 	 	1215.00000	237.00000	 	206.26193	1052.37010	 	 	 	 	 	 	 	 	 	 	 	 	 
109	1183.50000	477.00000	 	 	 	 	134.29754	702.62445	 	1215.00000	238.50000	 	206.58177	1052.93466	 	 	 	 	 	 	 	 	 	 	 	 	 
110	1185.00000	475.50000	 	 	 	 	132.00000	711.00000	 	1215.00000	237.00000	 	207.05127	1052.56806	 	 	 	 	 	 	 	 	 	 	 	 	 
111	1182.00000	477.00000	 	 	 	 	 	 	 	1213.50000	238.50000	 	206.58411	1052.90552	 	 	 	 	 	 	 	 	 	 	 	 	 
112	1182.00000	475.50000	 	 	 	 	 	 	 	1215.00000	237.00000	 	206.74160	1052.88159	 	 	 	 	 	 	 	 	 	 	 	 	 
113	1185.00000	475.50000	 	 	 	 	 	 	 	1215.00000	238.50000	 	206.85628	1052.41645	 	 	 	 	 	 	 	 	 	 	 	 	 
114	1186.50000	472.50000	 	 	 	 	128.55955	723.93269	*	 	 	 	206.67341	1053.08435	 	 	 	 	 	 	 	 	 	 	 	 	 
115	1182.00000	477.00000	 	 	 	 	 	 	 	 	 	 	207.00000	1047.00000	 	 	 	 	 	 	 	 	 	 	 	 	 
116	1182.00000	474.00000	 	 	 	 	120.84341	717.93850	*	1213.50000	238.50000	*	210.00000	1048.50000	 	 	 	 	 	 	 	 	 	 	 	 	 
117	1182.00000	472.50000	 	 	 	 	119.86081	708.98853	 	1213.50000	237.00000	 	206.55359	1053.03262	 	 	 	 	 	 	 	 	 	 	 	 	 
118	1180.50000	472.50000	 	 	 	 	 	 	 	1213.50000	238.50000	 	206.74148	1053.71316	 	 	 	 	 	 	 	 	 	 	 	 	 
119	1180.50000	474.00000	 	 	 	 	135.67633	721.69151	*	1213.50000	238.50000	 	210.00000	1050.00000	 	 	 	 	 	 	 	 	 	 	 	 	 
120	1180.50000	477.00000	 	 	 	 	136.41221	721.20559	 	1213.50000	238.50000	 	206.66278	1052.59798	 	 	 	 	 	 	 	 	 	 	 	 	 
121	1179.00000	475.50000	 	 	 	 	132.10454	723.33262	 	1203.56353	247.15705	 	206.75161	1052.29671	 	 	 	 	 	 	 	 	 	 	 	 	 
122	1180.50000	474.00000	 	 	 	 	135.72897	721.95454	 	1204.01439	247.51053	 	206.81238	1052.31302	 	 	 	 	 	 	 	 	 	 	 	 	 
123	1180.50000	475.50000	 	 	 	 	133.79682	722.70458	 	1202.29584	246.56831	 	206.69031	1052.49797	 	 	 	 	 	 	 	 	 	 	 	 	 
124	1182.00000	475.50000	 	 	 	 	132.70465	723.24119	 	1212.00000	241.50000	 	210.00000	1048.50000	 	 	 	 	 	 	 	 	 	 	 	 	 
125	1180.50000	478.50000	 	 	 	 	134.90484	722.41818	 	1212.00000	241.50000	 	206.72207	1052.26454	 	 	 	 	 	 	 	 	 	 	 	 	 
126	1176.00000	477.00000	 	 	 	 	129.34009	723.75907	 	1212.00000	241.50000	 	206.77575	1052.31926	 	 	 	 	 	 	 	 	 	 	 	 	 
127	1174.50000	477.00000	 	 	 	 	126.48315	723.17630	 	1202.91555	246.53625	 	206.72879	1052.69134	 	 	 	 	 	 	 	 	 	 	 	 	 
128	1173.00000	477.00000	 	 	 	 	130.81920	723.70383	 	 	 	 	206.61578	1053.45345	 	 	 	 	 	 	 	 	 	 	 	 	 
129	1174.50000	475.50000	 	 	 	 	130.81917	723.63152	 	 	 	 	206.68592	1053.95333	 	 	 	 	 	 	 	 	 	 	 	 	 
130	1176.00000	474.00000	 	 	 	 	 	 	 	1202.02574	244.72199	*	206.31749	1053.77392	 	 	 	 	 	 	 	 	 	 	 	 	 
131	1174.50000	474.00000	 	 	 	 	 	 	 	 	 	 	207.00000	1050.00000	 	 	 	 	 	 	 	 	 	 	 	 	 
132	1174.50000	474.00000	 	 	 	 	139.63338	718.38535	*	 	 	 	204.90908	1054.68821	 	 	 	 	 	 	 	 	 	 	 	 	 
133	1174.50000	477.00000	 	 	 	 	136.62939	721.38342	 	 	 	 	204.65193	1054.95432	 	 	 	 	 	 	 	 	 	 	 	 	 
134	1176.00000	478.50000	 	 	 	 	132.00000	715.50000	 	1212.00000	241.50000	*	203.99244	1055.54157	 	 	 	 	 	 	 	 	 	 	 	 	 
135	1176.00000	478.50000	 	 	 	 	135.87204	722.11895	 	1205.22497	248.35423	 	204.74445	1055.30151	 	 	 	 	 	 	 	 	 	 	 	 	 
136	1176.00000	477.00000	 	 	 	 	139.79353	718.28637	 	 	 	 	204.00000	1056.00000	 	 	 	 	 	 	 	 	 	 	 	 	 
137	1176.00000	478.50000	 	 	 	 	133.50000	714.00000	 	 	 	 	202.50000	1057.50000	 	 	 	 	 	 	 	 	 	 	 	 	 
138	1181.33900	472.07346	 	 	 	 	136.14804	721.61657	 	 	 	 	202.50000	1057.50000	 	 	 	 	 	 	 	 	 	 	 	 	 
139	1179.00000	481.50000	 	 	 	 	141.06682	709.45087	 	1221.94452	228.10069	*	204.00000	1057.50000	 	 	 	 	 	 	 	 	 	 	 	 	 
140	1181.23395	471.71547	 	 	 	 	 	 	 	 	 	 	202.50000	1057.50000	 	1203.62651	247.88873	 	 	 	 	 	 	 	 	 	 
141	1179.00000	478.50000	 	 	 	 	 	 	 	 	 	 	204.00000	1059.00000	 	1213.50000	241.50000	 	 	 	 	 	 	 	 	 	 
142	1180.50000	474.00000	 	 	 	 	 	 	 	 	 	 	204.00000	1059.00000	 	1204.76905	248.04171	 	 	 	 	 	 	 	 	 	 
143	1179.00000	477.00000	 	 	 	 	141.18375	709.59955	*	 	 	 	204.00000	1060.50000	 	 	 	 	 	 	 	 	 	 	 	 	 
144	1177.50000	477.00000	 	 	 	 	 	 	 	 	 	 	205.50000	1060.50000	 	1213.50000	241.50000	*	 	 	 	 	 	 	 	 	 
145	1176.00000	477.00000	 	 	 	 	 	 	 	 	 	 	207.00000	1062.00000	 	1213.50000	238.50000	 	 	 	 	 	 	 	 	 	 
146	1176.00000	477.00000	 	 	 	 	 	 	 	 	 	 	209.54916	1050.33758	 	1216.43230	227.04888	 	 	 	 	 	 	 	 	 	 
147	1176.00000	478.50000	 	 	 	 	 	 	 	 	 	 	208.80160	1050.32815	 	1220.26642	228.21546	 	 	 	 	 	 	 	 	 	 
148	1177.50000	475.50000	 	 	 	 	 	 	 	 	 	 	209.09793	1050.46974	 	1216.50000	235.50000	 	 	 	 	 	 	 	 	 	 
149	1179.00000	475.50000	 	 	 	 	 	 	 	 	 	 	209.20900	1050.44422	 	1215.00000	237.00000	 	 	 	 	 	 	 	 	 	 
150	1176.00000	477.00000	 	 	 	 	 	 	 	 	 	 	208.73208	1050.58891	 	1215.00000	237.00000	 	 	 	 	 	 	 	 	 	 
151	1176.00000	477.00000	 	 	 	 	 	 	 	 	 	 	208.72789	1050.34957	 	1215.00000	237.00000	 	 	 	 	 	 	 	 	 	 
152	1176.00000	474.00000	 	 	 	 	 	 	 	 	 	 	208.19239	1050.34774	 	1213.50000	237.00000	 	 	 	 	 	 	 	 	 	 
153	1176.00000	478.50000	 	 	 	 	 	 	 	 	 	 	 	 	 	1215.00000	237.00000	 	 	 	 	 	 	 	 	 	 
154	1176.00000	477.00000	 	 	 	 	 	 	 	 	 	 	207.79375	1050.97575	*	1215.00000	235.50000	 	 	 	 	 	 	 	 	 	 
155	1176.00000	475.50000	 	 	 	 	 	 	 	 	 	 	207.73458	1051.05777	 	1215.00000	235.50000	 	 	 	 	 	 	 	 	 	 
156	1176.00000	475.50000	 	 	 	 	 	 	 	 	 	 	207.76954	1051.60331	 	1213.50000	237.00000	 	 	 	 	 	 	 	 	 	 
157	1176.00000	474.00000	 	 	 	 	 	 	 	 	 	 	207.70635	1051.91885	 	1216.50000	237.00000	 	 	 	 	 	 	 	 	 	 
158	1176.00000	475.50000	 	 	 	 	 	 	 	 	 	 	207.79913	1051.54242	 	1215.00000	237.00000	 	 	 	 	 	 	 	 	 	 
159	1174.50000	475.50000	 	 	 	 	 	 	 	 	 	 	207.83015	1051.53067	 	1215.00000	237.00000	 	 	 	 	 	 	 	 	 	 
160	1174.50000	474.00000	 	 	 	 	 	 	 	 	 	 	 	 	 	1215.00000	237.00000	 	 	 	 	 	 	 	 	 	 
161	1176.00000	474.00000	 	 	 	 	 	 	 	 	 	 	 	 	 	1215.00000	235.50000	 	 	 	 	 	 	 	 	 	 
162	1176.00000	477.00000	 	 	 	 	 	 	 	 	 	 	 	 	 	1215.00000	237.00000	 	 	 	 	 	 	 	 	 	 
163	1174.50000	477.00000	 	 	 	 	 	 	 	 	 	 	207.44724	1051.98374	*	1219.17701	227.75515	 	 	 	 	 	 	 	 	 	 
164	1173.00000	477.00000	 	 	 	 	 	 	 	 	 	 	207.28821	1051.66902	 	1215.00000	237.00000	 	 	 	 	 	 	 	 	 	 
165	1173.00000	480.00000	 	 	 	 	 	 	 	 	 	 	207.45315	1052.34272	 	1215.00000	238.50000	 	 	 	 	 	 	 	 	 	 
166	1171.50000	478.50000	 	 	 	 	 	 	 	 	 	 	 	 	 	1216.50000	237.00000	 	 	 	 	 	 	 	 	 	 
167	1171.50000	478.50000	 	 	 	 	 	 	 	 	 	 	 	 	 	1215.00000	238.50000	 	 	 	 	 	 	 	 	 	 
168	1173.00000	480.00000	 	 	 	 	 	 	 	 	 	 	208.33980	1050.61897	*	1209.24399	251.34417	 	 	 	 	 	 	 	 	 	 
169	1171.50000	478.50000	 	 	 	 	 	 	 	 	 	 	 	 	 	 	 	 	1225.34988	234.35807	 	509.86811	103.93725	 	 	 	 
170	1171.50000	477.00000	 	 	 	 	 	 	 	 	 	 	 	 	 	 	 	 	1215.00000	237.00000	 	 	 	 	 	 	 
171	1171.50000	478.50000	 	 	 	 	 	 	 	 	 	 	208.00967	1051.40581	*	 	 	 	1219.80110	227.13295	 	 	 	 	 	 	 
172	1170.00000	474.00000	 	 	 	 	 	 	 	 	 	 	208.07233	1051.01697	 	 	 	 	1215.00000	237.00000	 	510.94449	102.34602	*	 	 	 
173	1173.00000	472.50000	 	 	 	 	 	 	 	 	 	 	207.94676	1050.89156	 	 	 	 	1220.27726	227.63156	 	515.95996	97.68424	 	 	 	 
174	1171.50000	477.00000	 	 	 	 	 	 	 	 	 	 	207.62177	1052.11622	 	1212.00000	241.50000	 	 	 	 	 	 	 	 	 	 
175	1173.00000	477.00000	 	 	 	 	 	 	 	 	 	 	207.58318	1052.07643	 	1215.00000	238.50000	 	 	 	 	 	 	 	 	 	 
176	1173.00000	474.00000	 	 	 	 	 	 	 	 	 	 	207.79188	1050.78918	 	1215.00000	237.00000	 	 	 	 	520.20166	96.53945	*	 	 	 
177	1171.50000	477.00000	 	 	 	 	 	 	 	 	 	 	208.81154	1049.57644	 	 	 	 	1224.29737	232.21407	*	 	 	 	 	 	 
178	1173.00000	477.00000	 	 	 	 	 	 	 	 	 	 	209.19852	1048.65017	 	1216.50000	238.50000	*	 	 	 	 	 	 	 	 	 
179	1173.00000	477.00000	 	 	 	 	 	 	 	 	 	 	208.94649	1050.01480	 	1215.00000	237.00000	 	 	 	 	513.08599	99.96617	*	 	 	 
180	1173.00000	478.50000	 	 	 	 	 	 	 	 	 	 	209.05004	1049.35066	 	1215.00000	237.00000	 	 	 	 	512.07349	100.76895	 	 	 	 
181	1171.50000	478.50000	 	 	 	 	 	 	 	 	 	 	209.84576	1047.86016	 	 	 	 	1223.51926	230.74867	*	 	 	 	 	 	 
182	1173.00000	475.50000	 	 	 	 	 	 	 	 	 	 	209.31857	1048.97749	 	1215.00000	237.00000	*	 	 	 	513.61124	99.39872	*	 	 	 
183	1173.00000	475.50000	 	 	 	 	 	 	 	 	 	 	209.32265	1048.74409	 	1215.00000	238.50000	 	 	 	 	511.38102	101.54983	 	 	 	 
184	1173.00000	478.50000	 	 	 	 	 	 	 	 	 	 	209.42708	1048.58118	 	1211.06967	250.81617	 	 	 	 	 	 	 	 	 	 
185	1173.00000	475.50000	 	 	 	 	 	 	 	 	 	 	209.25946	1049.26881	 	 	 	 	1215.00000	238.50000	*	510.03157	103.94340	*	 	 	 
186	1173.00000	477.00000	 	 	 	 	 	 	 	 	 	 	209.30442	1049.84680	 	 	 	 	1215.00000	238.50000	 	515.33214	98.08767	 	 	 	 
187	1171.50000	480.00000	 	 	 	 	 	 	 	 	 	 	209.62520	1048.68337	 	 	 	 	 	 	 	 	 	 	 	 	 
188	1170.00000	480.00000	 	 	 	 	 	 	 	 	 	 	209.33159	1049.09413	 	1208.94128	250.71937	*	 	 	 	 	 	 	 	 	 
189	1173.00000	478.50000	 	 	 	 	 	 	 	 	 	 	208.96342	1049.35891	 	 	 	 	 	 	 	521.62067	96.31428	*	 	 	 
190	1171.50000	478.50000	 	 	 	 	 	 	 	 	 	 	213.02121	1042.40239	 	1208.53992	250.28443	*	 	 	 	 	 	 	 	 	 
191	1173.00000	475.50000	 	 	 	 	 	 	 	 	 	 	209.95078	1047.44642	 	 	 	 	1212.00000	241.50000	*	 	 	 	 	 	 
192	1173.00000	475.50000	 	 	 	 	 	 	 	 	 	 	209.10428	1048.95696	 	 	 	 	 	 	 	 	 	 	 	 	 
193	1173.00000	475.50000	 	 	 	 	 	 	 	 	 	 	209.25471	1048.81809	 	 	 	 	1219.68776	227.95973	*	516.54419	97.37943	*	 	 	 
194	1174.50000	475.50000	 	 	 	 	 	 	 	 	 	 	208.94525	1049.23165	 	1213.22934	251.38288	*	 	 	 	 	 	 	 	 	 
195	1173.00000	475.50000	 	 	 	 	 	 	 	 	 	 	209.07686	1048.88141	 	 	 	 	 	 	 	515.24091	98.21270	*	 	 	 
196	1173.00000	477.00000	 	 	 	 	 	 	 	 	 	 	209.66501	1048.25583	 	1209.32468	251.18250	*	 	 	 	513.79328	99.16709	 	 	 	 
197	1173.00000	480.00000	 	 	 	 	 	 	 	 	 	 	209.81752	1047.78401	 	1212.12334	251.04595	 	 	 	 	 	 	 	 	 	 
198	1173.00000	480.00000	 	 	 	 	 	 	 	 	 	 	209.07085	1049.31092	 	1202.11798	250.45875	 	 	 	 	512.29150	100.79965	*	 	 	 
199	1174.50000	480.00000	 	 	 	 	 	 	 	 	 	 	209.06569	1049.45003	 	 	 	 	 	 	 	518.30784	96.65663	 	 	 	 
200	1174.50000	481.50000	 	 	 	 	 	 	 	 	 	 	209.66248	1048.90569	 	 	 	 	 	 	 	510.06589	103.63639	 	 	 	 
201	1176.00000	481.50000	 	 	 	 	 	 	 	 	 	 	209.73866	1048.35525	 	1209.78655	251.01153	*	 	 	 	 	 	 	 	 	 
202	1177.50000	481.50000	 	 	 	 	 	 	 	 	 	 	209.76643	1048.09328	 	 	 	 	 	 	 	518.28585	96.87027	*	 	 	 
203	1179.00000	481.50000	 	 	 	 	 	 	 	 	 	 	209.72951	1047.24933	 	1204.21353	248.10885	*	 	 	 	511.69679	101.35601	 	 	 	 
204	1176.00000	483.00000	 	 	 	 	 	 	 	 	 	 	209.75479	1047.13912	 	1212.00000	241.50000	 	 	 	 	 	 	 	 	 	 
205	1177.50000	481.50000	 	 	 	 	 	 	 	 	 	 	209.56522	1047.24798	 	1212.00000	241.50000	 	 	 	 	514.44529	98.70923	*	 	 	 
206	1177.50000	483.00000	 	 	 	 	 	 	 	 	 	 	210.65749	1042.33717	 	1212.00000	241.50000	 	 	 	 	 	 	 	 	 	 
207	1177.50000	481.50000	 	 	 	 	 	 	 	 	 	 	212.16205	1041.32968	 	1207.17563	249.42846	 	 	 	 	509.84565	104.21924	*	 	 	 
208	1177.50000	481.50000	 	 	 	 	 	 	 	 	 	 	211.67332	1042.28194	 	1209.14418	250.80136	 	 	 	 	 	 	 	 	 	 
209	1181.06099	471.99143	 	 	 	 	 	 	 	 	 	 	209.91363	1047.11449	 	1210.52603	250.69545	 	 	 	 	 	 	 	 	 	 
210	1181.02503	472.00233	 	 	 	 	 	 	 	 	 	 	209.81654	1047.99419	 	1212.00000	241.50000	 	 	 	 	511.12084	101.87152	*	 	 	 
211	1180.69059	472.52148	 	 	 	 	 	 	 	 	 	 	209.69102	1048.23510	 	1212.00000	241.50000	 	 	 	 	 	 	 	 	 	 
212	1179.00000	481.50000	 	 	 	 	 	 	 	 	 	 	208.79783	1049.42583	 	 	 	 	 	 	 	 	 	 	 	 	 
213	1180.50000	481.50000	 	 	 	 	 	 	 	 	 	 	208.58550	1049.52506	 	 	 	 	 	 	 	510.10698	103.48836	*	 	 	 
214	1180.80373	472.45376	 	 	 	 	 	 	 	 	 	 	208.59913	1049.44818	 	 	 	 	 	 	 	 	 	 	 	 	 
215	1180.81322	472.48215	 	 	 	 	 	 	 	 	 	 	209.29778	1048.46467	 	 	 	 	 	 	 	 	 	 	 	 	 
216	1179.00000	480.00000	 	 	 	 	 	 	 	 	 	 	208.84438	1049.17133	 	1203.85142	247.61772	*	 	 	 	510.10188	103.78495	*	125.46285	702.27005	 
217	1180.86567	472.22419	 	 	 	 	 	 	 	 	 	 	209.36090	1048.70347	 	1206.52270	249.30504	 	 	 	 	 	 	 	119.85469	710.17200	 
218	1177.50000	481.50000	 	 	 	 	 	 	 	 	 	 	209.93916	1047.33023	 	 	 	 	 	 	 	511.29660	114.66649	*	120.00743	715.54759	 
219	1180.93868	471.97294	 	 	 	 	 	 	 	 	 	 	209.84295	1047.68037	 	1215.00000	237.00000	*	 	 	 	 	 	 	120.84409	707.07750	 
220	1179.00000	480.00000	 	 	 	 	 	 	 	 	 	 	209.90533	1047.69700	 	1215.00000	238.50000	 	 	 	 	 	 	 	119.64610	711.32403	 
221	1179.00000	478.50000	 	 	 	 	 	 	 	 	 	 	211.76153	1041.86840	 	1215.00000	237.00000	 	 	 	 	 	 	 	 	 	 
222	1180.96724	472.31710	 	 	 	 	 	 	 	 	 	 	216.00000	1041.00000	 	1215.00000	237.00000	 	 	 	 	 	 	 	126.22511	723.09077	*
223	1179.00000	481.50000	 	 	 	 	 	 	 	 	 	 	209.81747	1047.24664	 	1215.00000	238.50000	 	 	 	 	 	 	 	133.56548	722.82137	 
224	1177.50000	483.00000	 	 	 	 	 	 	 	 	 	 	209.33314	1046.80928	 	1221.40656	228.34635	 	 	 	 	 	 	 	127.04832	723.35476	 
225	1176.00000	483.00000	 	 	 	 	 	 	 	 	 	 	209.57517	1047.03214	 	1215.00000	237.00000	 	 	 	 	 	 	 	134.59451	722.35895	 
226	1176.00000	483.00000	 	 	 	 	 	 	 	 	 	 	208.85123	1046.63591	 	 	 	 	 	 	 	 	 	 	 	 	 
227	1176.00000	484.50000	 	 	 	 	 	 	 	 	 	 	208.24582	1047.26421	 	1203.11499	247.14915	*	 	 	 	 	 	 	131.29434	723.73662	*
228	1177.50000	484.50000	 	 	 	 	 	 	 	 	 	 	208.31701	1046.60262	 	1212.00000	241.50000	 	 	 	 	 	 	 	134.37444	722.77312	 
229	1177.50000	484.50000	 	 	 	 	 	 	 	 	 	 	209.26047	1044.96503	 	1205.97751	249.13920	 	 	 	 	 	 	 	121.15412	718.53121	 
230	1179.00000	483.00000	 	 	 	 	 	 	 	 	 	 	208.73006	1046.56986	 	1203.00952	246.10416	 	 	 	 	 	 	 	119.29684	712.71165	 
231	1177.50000	483.00000	 	 	 	 	 	 	 	 	 	 	208.85627	1046.04124	 	1212.00000	241.50000	 	 	 	 	 	 	 	121.77570	719.96533	 
232	1176.00000	484.50000	 	 	 	 	 	 	 	 	 	 	208.28225	1046.76086	 	1213.50000	241.50000	 	 	 	 	 	 	 	129.00000	715.50000	 
233	1179.00000	481.50000	 	 	 	 	 	 	 	 	 	 	207.99089	1047.69304	 	1207.57290	250.04826	 	 	 	 	 	 	 	132.87072	723.28227	 
234	1179.00000	481.50000	 	 	 	 	 	 	 	 	 	 	207.82764	1047.92801	 	1212.00000	241.50000	 	 	 	 	 	 	 	134.35038	722.78914	 
235	1179.00000	484.50000	 	 	 	 	 	 	 	 	 	 	208.06586	1047.02324	 	1207.62945	250.18595	 	 	 	 	 	 	 	132.00000	715.50000	 
236	1179.00000	483.00000	 	 	 	 	 	 	 	 	 	 	208.68898	1046.75759	 	1213.50000	241.50000	 	 	 	 	 	 	 	140.28799	717.40421	 
237	1180.50000	483.00000	 	 	 	 	 	 	 	 	 	 	209.07694	1046.23735	 	1207.38966	250.72343	 	 	 	 	 	 	 	141.05065	715.45091	 
238	1180.50000	484.50000	 	 	 	 	 	 	 	 	 	 	207.75664	1047.55059	 	1212.19620	251.08621	 	 	 	 	 	 	 	141.35662	712.57603	 
239	1179.00000	484.50000	 	 	 	 	 	 	 	 	 	 	207.53737	1048.36288	 	1214.75565	249.71369	 	 	 	 	 	 	 	 	 	 
240	1179.00000	483.00000	 	 	 	 	 	 	 	 	 	 	207.39614	1048.54795	 	1215.00000	238.50000	 	 	 	 	 	 	 	 	 	 

Track 	Length	Distance traveled	Nr of Frames
1	588.31617	16.56804	239
2	112.88199	9.42431	21
3	629.97098	20.74683	90
4	465.50375	4.71894	74
5	332.69964	16.73374	167
6	399.96853	14.74804	76
7	82.46665	8.54390	11
8	118.91589	10.82392	25
9	137.32503	18.94269	21
