Frame	X1	Y1	Flag1	X2	Y2	Flag2	X3	Y3	Flag3	X4	Y4	Flag4	X5	Y5	Flag5	X6	Y6	Flag6	X7	Y7	Flag7	X8	Y8	Flag8	X9	Y9	Flag9	X10	Y10	Flag10	X11	Y11	Flag11
Tracks 1 to 11
1	631.69033	336.47001	 	649.29990	637.37195	 	285.28479	1026.76321	 	354.25232	628.45269	 	 	 	 	 	 	 	 	 	 	 	 	 	 	 	 	 	 	 	 	 	 
2	629.00597	338.93988	 	648.40659	639.46994	 	288.00000	1012.50000	 	337.01285	625.09026	 	644.23070	322.07310	 	795.32367	607.71384	 	 	 	 	 	 	 	 	 	 	 	 	 	 	 	 
3	624.93379	339.35160	 	650.13777	637.56775	 	286.50000	1012.50000	 	339.99181	626.75305	 	644.50606	325.18608	 	797.96445	608.02108	 	687.12139	599.41618	 	 	 	 	 	 	 	 	 	 	 	 	 
4	623.42784	340.54155	 	650.63221	637.55688	 	285.00000	1011.00000	 	340.69832	625.69613	 	642.32380	325.49937	 	794.22053	609.11070	 	687.24682	604.62704	 	 	 	 	 	 	 	 	 	 	 	 	 
5	623.18019	341.05928	 	650.21378	638.28615	 	291.00000	1014.00000	 	342.56752	630.96752	 	641.12467	324.58643	 	795.20637	609.53408	 	680.79130	598.24348	 	 	 	 	 	 	 	 	 	 	 	 	 
6	637.23340	354.79229	 	649.12039	638.55530	 	289.82635	1018.25861	 	339.90780	632.11607	 	637.89524	329.56186	 	794.62489	607.72523	 	 	 	 	 	 	 	 	 	 	 	 	 	 	 	 
7	637.98182	353.78990	 	650.03343	638.18158	 	291.00000	1011.00000	 	340.74903	630.77527	 	636.01694	328.37856	 	794.55954	607.83920	 	 	 	 	 	 	 	 	 	 	 	 	 	 	 	 
8	637.03091	354.92274	 	649.45241	638.49012	 	286.50000	1008.00000	 	344.71222	634.73422	 	638.57250	329.90055	 	794.96190	610.38842	 	 	 	 	 	 	 	 	 	 	 	 	 	 	 	 
9	621.79696	341.62343	 	649.18577	639.01347	 	285.46395	1018.45986	 	344.57727	636.99355	 	640.26673	326.87378	 	794.24137	607.39110	 	 	 	 	 	 	 	 	 	 	 	 	 	 	 	 
10	621.14875	342.23800	 	650.82877	637.38838	 	283.52428	1022.69415	 	346.33707	638.22284	 	638.43850	328.46847	 	792.93811	606.77027	 	 	 	 	 	 	 	 	 	 	 	 	 	 	 	 
11	637.35149	354.21040	 	651.36996	636.08895	 	285.00000	1017.00000	 	344.51610	636.54136	 	635.99172	329.53008	 	793.07657	605.19307	 	688.85217	596.22609	*	 	 	 	 	 	 	 	 	 	 	 	 
12	637.01533	354.82184	 	650.80011	636.81200	 	285.00000	1017.00000	 	345.10083	632.42912	 	636.22481	329.53744	 	790.61768	605.53367	 	 	 	 	 	 	 	 	 	 	 	 	 	 	 	 
13	618.93103	343.59091	 	652.17302	635.19099	 	286.50000	1012.50000	 	345.00000	630.00000	 	636.47662	329.98008	 	787.55462	608.74112	 	688.69922	592.39844	*	 	 	 	 	 	 	 	 	 	 	 	 
14	618.42424	343.46890	 	650.64073	637.02675	 	288.00000	1012.50000	 	345.00000	633.00000	 	636.58273	331.11729	 	788.71774	606.81279	 	683.05479	592.28082	 	 	 	 	 	 	 	 	 	 	 	 	 
15	619.27096	343.18114	 	650.01534	637.06149	 	286.50000	1014.00000	 	347.88905	630.52612	 	636.15002	328.82727	 	790.01690	607.31495	 	675.35714	589.06429	 	 	 	 	 	 	 	 	 	 	 	 	 
16	637.58724	354.07317	 	652.02496	635.42413	 	286.50000	1014.00000	 	343.89528	629.32536	 	633.10846	329.32346	 	793.50000	609.00000	 	684.30795	596.06457	 	 	 	 	 	 	 	 	 	 	 	 	 
17	637.16468	354.16706	 	652.37150	634.81551	 	288.00000	1014.00000	 	344.14195	630.04813	 	634.50000	327.00000	 	793.50000	612.00000	 	691.71390	593.30790	 	 	 	 	 	 	 	 	 	 	 	 	 
18	636.51935	354.77742	 	653.14019	633.86984	 	286.50000	1012.50000	 	340.62065	631.46724	 	635.33702	326.28449	 	793.59689	610.72551	 	 	 	 	 	 	 	 	 	 	 	 	 	 	 	 
19	635.52310	355.34488	 	653.74462	632.81544	 	285.65506	1021.17843	 	345.03000	628.71613	 	636.14766	330.35619	 	794.48416	607.21844	 	 	 	 	 	 	 	 	 	 	 	 	 	 	 	 
20	637.26545	354.35112	 	654.51307	632.27326	 	283.46355	1021.35934	 	342.80376	627.31473	 	635.28886	331.83079	 	796.83244	608.39422	 	 	 	 	 	 	 	 	 	 	 	 	 	 	 	 
21	637.57303	353.72472	 	654.17665	632.72632	 	280.21305	1023.48961	 	341.38433	629.59594	 	633.32587	329.61388	 	797.44007	607.65274	 	 	 	 	 	 	 	 	 	 	 	 	 	 	 	 
22	635.45655	354.85052	 	653.98787	632.98516	 	279.11498	1023.20864	 	342.28396	626.03951	 	631.92918	332.87875	 	796.59322	607.01736	 	 	 	 	 	 	 	 	 	 	 	 	 	 	 	 
23	633.36648	355.37654	 	 	 	 	279.00000	1017.00000	 	344.16374	626.55467	 	631.57194	332.27414	 	795.03598	603.07022	 	 	 	 	 	 	 	 	 	 	 	 	 	 	 	 
24	 	 	 	655.24433	632.55679	*	280.50000	1015.50000	 	343.71328	625.79195	 	632.16444	334.75746	 	794.22876	606.16757	 	689.31009	603.12018	*	 	 	 	 	 	 	 	 	 	 	 	 
25	636.12157	354.98039	*	654.74692	632.64908	 	281.11223	1022.99129	 	343.29895	627.74352	 	629.98112	333.89371	 	794.68564	605.77864	 	 	 	 	 	 	 	 	 	 	 	 	 	 	 	 
26	634.83807	355.59801	 	653.09066	633.45646	 	282.37511	1021.74602	 	343.31713	626.60766	 	627.64434	334.35643	 	798.26181	602.14070	 	 	 	 	 	 	 	 	 	 	 	 	 	 	 	 
27	 	 	 	653.85185	633.39552	 	285.00000	1015.50000	 	341.88324	627.10832	 	627.00000	337.50000	 	795.90419	602.61120	 	691.49368	603.17439	*	 	 	 	 	 	 	 	 	 	 	 	 
28	 	 	 	654.42183	632.89969	 	285.00000	1014.00000	 	341.75804	625.74070	 	627.73701	338.78404	 	795.85446	602.10943	 	 	 	 	 	 	 	 	 	 	 	 	 	 	 	 
29	 	 	 	653.66802	634.09742	 	283.45923	1018.94083	 	341.80016	627.00110	 	627.09930	343.47574	 	796.92138	601.19785	 	 	 	 	 	 	 	 	 	 	 	 	 	 	 	 
30	 	 	 	653.36700	634.91823	 	285.02373	1020.34679	 	340.86629	624.48187	 	627.02792	344.86495	 	800.94916	600.19296	 	699.82648	607.86073	*	 	 	 	 	 	 	 	 	 	 	 	 
31	 	 	 	654.24085	634.08665	 	286.84918	1019.10617	 	340.03171	623.47430	 	628.50000	345.00000	 	801.46458	599.56914	 	699.50447	602.65884	 	 	 	 	 	 	 	 	 	 	 	 	 
32	 	 	 	654.67780	633.36792	 	289.50000	1009.50000	 	340.90617	622.43427	 	628.62597	345.12152	 	800.23156	600.26627	 	 	 	 	 	 	 	 	 	 	 	 	 	 	 	 
33	 	 	 	653.43296	634.39412	 	289.50000	1009.50000	 	340.70367	622.96830	 	628.72055	345.04883	 	799.75851	598.91249	 	 	 	 	 	 	 	 	 	 	 	 	 	 	 	 
34	 	 	 	653.73368	634.85754	 	289.50000	1009.50000	 	340.56008	623.82610	 	631.13993	343.13143	 	798.27977	602.50778	 	 	 	 	 	 	 	 	 	 	 	 	 	 	 	 
35	 	 	 	653.89083	634.84286	 	289.50000	1011.00000	 	342.00000	627.00000	 	632.57372	344.20048	 	797.20847	600.27683	 	 	 	 	 	 	 	 	 	 	 	 	 	 	 	 
36	 	 	 	653.79755	634.67945	 	291.00000	1012.50000	 	343.48918	629.19206	 	634.02479	343.18944	 	799.54708	598.91631	 	698.50817	599.16993	*	 	 	 	 	 	 	 	 	 	 	 	 
37	 	 	 	654.13373	634.16514	 	288.00000	1012.50000	 	342.68029	631.35947	 	633.43659	342.62246	 	801.87533	599.21070	 	 	 	 	 	 	 	 	 	 	 	 	 	 	 	 
38	 	 	 	654.84519	632.46192	 	292.50000	1009.50000	 	341.46212	634.22504	 	632.66574	341.08036	 	801.98180	599.32285	 	 	 	 	 	 	 	 	 	 	 	 	 	 	 	 
39	 	 	 	 	 	 	294.00000	1011.00000	 	340.78940	634.97881	 	632.28455	339.91803	 	801.55397	599.55530	 	 	 	 	 	 	 	 	 	 	 	 	 	 	 	 
40	 	 	 	655.56402	632.79955	*	294.00000	1008.00000	 	342.63756	635.07473	 	630.88543	342.39408	 	802.51839	604.68236	 	 	 	 	 	 	 	 	 	 	 	 	 	 	 	 
41	 	 	 	670.13542	622.77652	 	291.00000	1005.00000	 	341.88514	634.73365	 	630.38898	344.18796	 	801.35000	600.55194	 	 	 	 	 	 	 	 	 	 	 	 	 	 	 	 
42	 	 	 	 	 	 	287.32774	1014.18206	 	341.74905	632.61386	 	631.57637	343.73813	 	800.65582	602.50173	 	 	 	 	 	 	 	 	 	 	 	 	 	 	 	 
43	 	 	 	 	 	 	286.13775	1014.29127	 	339.90280	631.15423	 	629.66085	345.31274	 	800.39287	602.68408	 	 	 	 	 	 	 	 	 	 	 	 	 	 	 	 
44	 	 	 	 	 	 	289.50000	1009.50000	 	341.58271	629.42481	 	630.52785	346.70002	 	801.85189	598.05734	 	 	 	 	 	 	 	 	 	 	 	 	 	 	 	 
45	 	 	 	668.37092	623.66886	*	287.32270	1018.13986	 	342.52978	629.83133	 	629.58560	348.28561	 	803.48521	597.91164	 	 	 	 	 	 	 	 	 	 	 	 	 	 	 	 
46	 	 	 	666.61259	624.47084	 	292.50000	1015.50000	 	342.47920	631.27587	 	629.65348	345.46757	 	805.35757	597.49571	 	 	 	 	 	 	 	 	 	 	 	 	 	 	 	 
47	 	 	 	666.59427	625.18430	 	288.66574	1022.87921	 	339.61933	627.49616	 	629.75999	344.81257	 	803.29659	599.49355	 	 	 	 	 	 	 	 	 	 	 	 	 	 	 	 
48	 	 	 	665.28790	626.25349	 	292.50000	1017.00000	 	340.80044	626.07447	 	631.54499	347.07644	 	800.12991	595.73213	 	 	 	 	 	 	 	 	 	 	 	 	 	 	 	 
49	 	 	 	653.81946	633.32975	 	288.00000	1017.00000	 	343.77329	621.89010	 	628.72985	343.54184	 	800.37198	602.51190	 	 	 	 	 	 	 	 	 	 	 	 	 	 	 	 
50	 	 	 	651.55512	635.66994	 	289.50000	1017.00000	 	342.08710	622.65656	 	628.38915	343.87660	 	804.28264	603.67005	 	 	 	 	 	 	 	 	 	 	 	 	 	 	 	 
51	 	 	 	649.28932	637.38826	 	292.50000	1018.50000	 	340.34915	626.53947	 	627.65795	342.77699	 	808.57727	602.24232	 	 	 	 	 	 	 	 	 	 	 	 	 	 	 	 
52	 	 	 	650.49465	636.45541	 	292.50000	1021.50000	 	339.98814	623.54264	 	626.24819	341.99729	 	807.86897	599.41207	 	 	 	 	 	 	 	 	 	 	 	 	 	 	 	 
53	 	 	 	650.18676	636.84415	 	294.00000	1021.50000	 	339.51986	624.83026	 	623.05365	336.84740	 	804.16122	598.68873	 	 	 	 	 	 	 	 	 	 	 	 	 	 	 	 
54	 	 	 	651.35301	635.34959	 	292.50000	1018.50000	 	336.71692	626.83383	 	622.57530	337.40926	 	804.21320	604.19802	 	 	 	 	 	 	 	 	 	 	 	 	 	 	 	 
55	 	 	 	648.96415	638.57233	 	294.00000	1023.00000	 	337.10853	626.97114	 	618.30090	336.35198	 	806.32605	598.96334	 	 	 	 	 	 	 	 	 	 	 	 	 	 	 	 
56	 	 	 	649.60740	637.81052	 	294.00000	1024.50000	 	340.77604	621.88687	 	617.76745	334.42904	 	804.55890	602.73203	 	 	 	 	 	 	 	 	 	 	 	 	 	 	 	 
57	 	 	 	647.51046	640.33487	 	292.50000	1023.00000	 	340.58728	620.59520	 	618.82254	329.48129	 	805.50000	598.50000	 	 	 	 	 	 	 	 	 	 	 	 	 	 	 	 
58	 	 	 	648.74224	636.96516	 	295.50000	1023.00000	 	339.16381	622.27691	 	618.77306	328.07506	 	808.50000	598.50000	 	 	 	 	 	 	 	 	 	 	 	 	 	 	 	 
59	 	 	 	657.31211	631.24568	 	289.00217	1028.10323	 	339.93809	621.26554	 	621.03033	331.75015	 	810.00000	595.50000	 	 	 	 	 	 	 	 	 	 	 	 	 	 	 	 
60	 	 	 	658.46558	630.29584	 	287.69124	1026.36736	 	341.39616	622.19565	 	616.75011	333.28027	 	810.00000	597.00000	 	 	 	 	 	 	 	 	 	 	 	 	 	 	 	 
61	 	 	 	649.54882	637.89507	 	288.69309	1027.58137	 	338.66904	621.49031	 	616.50068	331.46149	 	811.50000	597.00000	 	 	 	 	 	 	 	 	 	 	 	 	 	 	 	 
62	 	 	 	660.30568	629.86154	 	289.76699	1025.56731	 	335.98205	619.83718	 	614.56452	332.73203	 	807.00000	598.50000	 	 	 	 	356.33054	634.36402	 	 	 	 	 	 	 	 	 	 
63	 	 	 	659.81904	629.35398	 	291.92155	1025.00544	 	334.89335	618.65968	 	615.84329	335.00130	 	811.21315	601.45708	 	 	 	 	356.18750	634.45089	 	 	 	 	 	 	 	 	 	 
64	 	 	 	649.19169	638.11899	 	290.95165	1022.15646	 	335.33781	618.45985	 	614.28953	336.86729	 	810.00000	600.00000	 	 	 	 	356.12981	634.38462	 	 	 	 	 	 	 	 	 	 
65	 	 	 	648.76391	638.97550	 	289.06400	1021.36070	 	334.11068	621.14079	 	613.27871	338.61057	 	810.00000	601.50000	 	 	 	 	356.44444	634.02924	 	 	 	 	 	 	 	 	 	 
66	 	 	 	648.01356	639.60210	 	290.03614	1023.24827	 	331.65252	621.28041	 	616.76446	340.38503	 	810.00000	600.00000	 	 	 	 	356.16749	634.45813	 	 	 	 	 	 	 	 	 	 
67	 	 	 	647.10254	640.95258	 	290.11140	1024.71182	 	333.72931	624.20134	 	618.34573	340.65282	 	811.50000	601.50000	 	 	 	 	 	 	 	 	 	 	 	 	 	 	 	 
68	 	 	 	648.43565	639.15575	 	288.39304	1027.35361	 	334.10159	623.50178	 	620.10909	335.34163	 	814.50000	603.00000	 	 	 	 	356.15190	634.77637	*	 	 	 	 	 	 	 	 	 
69	 	 	 	648.52004	637.61114	 	289.36731	1027.88240	 	333.88252	621.44189	 	619.67252	337.29126	 	816.00000	601.50000	 	 	 	 	355.97561	633.99593	 	 	 	 	 	 	 	 	 	 
70	 	 	 	655.09705	632.65702	 	288.20578	1029.07022	 	334.98630	620.60534	 	619.51575	338.94110	 	816.00000	598.50000	 	 	 	 	356.14027	634.53394	 	 	 	 	 	 	 	 	 	 
71	 	 	 	657.22213	630.94750	 	288.36671	1029.56583	 	338.04534	623.60956	 	621.18416	337.61881	 	816.00000	598.50000	 	 	 	 	 	 	 	 	 	 	 	 	 	 	 	 
72	 	 	 	657.53242	630.03176	 	297.00000	1027.50000	 	337.24707	622.72834	 	622.16496	336.23717	 	816.00000	598.50000	 	 	 	 	 	 	 	 	 	 	 	 	 	 	 	 
73	 	 	 	656.59054	630.68138	 	293.10795	1028.88725	 	335.93764	621.34914	 	623.65039	338.93754	 	819.00000	597.00000	 	 	 	 	356.17766	634.52284	*	 	 	 	 	 	 	 	 	 
74	 	 	 	654.88497	632.11527	 	288.70025	1027.62807	 	335.18948	619.54657	 	623.57764	339.02201	 	822.00000	598.50000	 	 	 	 	356.16509	634.47642	 	 	 	 	 	 	 	 	 	 
75	 	 	 	657.87871	630.54237	 	288.56395	1027.92595	 	338.07103	618.95837	 	623.99060	339.24129	 	823.50000	598.50000	 	 	 	 	356.14692	634.49289	 	 	 	 	 	 	 	 	 	 
76	 	 	 	655.64169	631.12239	 	298.50000	1024.50000	 	338.22182	617.59237	 	625.92138	340.43701	 	822.00000	600.00000	 	 	 	 	356.12381	634.51429	 	 	 	 	 	 	 	 	 	 
77	 	 	 	655.11456	631.76835	 	287.42423	1028.97216	 	337.67445	618.20369	 	628.21001	342.53157	 	820.50000	601.50000	 	 	 	 	356.13270	634.48815	 	 	 	 	 	 	 	 	 	 
78	 	 	 	656.06142	631.20188	 	291.54158	1029.19954	 	336.03023	619.82275	 	628.78889	343.53195	 	822.00000	604.50000	 	 	 	 	356.15640	634.47393	 	 	 	 	 	 	 	 	 	 
79	 	 	 	656.34439	630.57427	 	290.77167	1028.61276	 	336.03659	617.84020	 	625.91737	342.14640	 	820.98371	606.69490	 	 	 	 	354.77578	629.68085	 	 	 	 	 	 	 	 	 	 
80	 	 	 	656.21395	633.01340	 	292.84554	1027.34043	 	336.45985	621.74595	 	624.41061	342.36123	 	820.23790	610.28519	 	 	 	 	356.03493	634.54585	 	 	 	 	 	 	 	 	 	 
81	 	 	 	655.65438	633.44637	 	293.65761	1026.86378	 	336.53015	620.18204	 	625.31962	341.97318	 	822.46011	609.27907	 	 	 	 	 	 	 	 	 	 	 	 	 	 	 	 
82	 	 	 	653.87986	633.46838	 	297.00000	1026.00000	 	337.62775	620.74920	 	623.06541	342.23285	 	820.50000	612.00000	 	 	 	 	356.12963	634.47222	*	 	 	 	 	 	 	 	 	 
83	 	 	 	653.30175	633.52463	 	292.50000	1026.00000	 	336.45766	621.97291	 	620.55169	341.35969	 	819.00000	610.50000	 	 	 	 	355.78322	634.10490	 	 	 	 	 	 	 	 	 	 
84	 	 	 	652.35068	633.39573	 	291.00000	1027.50000	 	333.19148	624.44732	 	619.70932	342.62703	 	819.98409	610.88857	 	 	 	 	 	 	 	 	 	 	 	 	 	 	 	 
85	 	 	 	644.24759	644.70371	 	287.35393	1031.30057	 	332.93677	625.37543	 	618.53396	343.52307	 	817.24991	609.73470	 	 	 	 	 	 	 	676.75603	614.25172	 	 	 	 	 	 	 
86	 	 	 	645.57871	643.85090	 	288.81967	1028.44763	 	331.52939	627.91274	 	618.05919	341.74776	 	815.96271	609.33950	 	 	 	 	353.47011	628.24909	*	677.45316	613.67511	 	 	 	 	 	 	 
87	 	 	 	645.15917	644.18708	 	288.48843	1026.70312	 	330.88948	627.66357	 	618.76854	340.72985	 	814.48111	606.69619	 	 	 	 	353.45741	626.97900	 	676.76390	614.32978	 	 	 	 	 	 	 
88	 	 	 	645.91775	643.32325	 	289.46257	1028.01527	 	328.83367	627.26807	 	620.86775	341.06939	 	821.03908	608.63518	 	 	 	 	353.06042	626.76202	 	676.89129	613.60521	 	 	 	 	 	 	 
89	 	 	 	645.43850	643.97040	 	292.03683	1026.62484	 	331.53298	628.75323	 	620.91416	338.42420	 	822.94951	610.64197	 	 	 	 	353.53048	627.41070	 	675.44459	612.60814	 	 	 	 	 	 	 
90	 	 	 	651.84847	634.86340	 	290.45629	1026.18548	 	329.90798	627.09858	 	621.71804	336.11985	 	823.86408	612.67746	 	 	 	 	353.08523	626.56903	 	 	 	 	 	 	 	 	 	 
91	 	 	 	653.08092	633.35432	 	289.05729	1027.07193	 	330.45597	628.83034	 	619.87054	333.92689	 	819.94044	611.58812	 	 	 	 	353.21957	627.16587	 	 	 	 	 	 	 	 	 	 
92	 	 	 	654.16278	632.40689	 	287.46746	1027.40215	 	331.54572	629.75378	 	623.41419	333.88123	 	820.62167	612.14436	 	 	 	 	353.51075	627.76049	 	 	 	 	 	 	 	 	 	 
93	 	 	 	653.19604	632.84698	 	287.82642	1026.54963	 	330.58514	632.62405	 	621.37921	333.42399	 	818.28540	617.51091	 	 	 	 	353.38689	629.04590	 	 	 	 	 	 	 	 	 	 
94	 	 	 	651.85580	633.13100	 	288.53754	1024.88203	 	330.80889	631.93105	 	621.01629	333.79261	 	819.47897	614.16583	 	 	 	 	353.29478	626.60634	 	 	 	 	 	 	 	 	 	 
95	 	 	 	653.21222	637.28201	 	287.92149	1024.45609	 	332.72342	634.83615	 	622.86697	330.23151	 	823.21068	616.86241	 	 	 	 	 	 	 	 	 	 	 	 	 	 	 	 
96	 	 	 	653.77470	636.45624	 	288.42825	1025.35908	 	332.54599	632.70155	 	626.79384	330.50163	 	826.27145	616.84374	 	 	 	 	 	 	 	 	 	 	 	 	 	 	 	 
97	 	 	 	653.24773	637.01693	 	288.45652	1025.09091	 	338.38073	630.99910	 	622.28299	327.23270	 	825.72799	615.98449	 	 	 	 	 	 	 	 	 	 	 	 	 	 	 	 
98	 	 	 	645.67797	645.50866	 	288.56594	1025.47231	 	342.48737	632.44091	 	624.38125	327.05616	 	825.47839	613.60413	 	 	 	 	 	 	 	675.75878	619.46004	*	 	 	 	 	 	 
99	 	 	 	646.01647	645.54810	 	288.16890	1025.43469	 	345.43650	635.90214	 	623.71935	328.66940	 	822.70953	614.73586	 	 	 	 	 	 	 	675.56162	622.61268	 	 	 	 	 	 	 
100	 	 	 	646.62074	645.15147	 	288.42796	1024.94551	 	345.59682	633.84385	 	624.12727	326.96737	 	820.82709	615.50108	 	 	 	 	 	 	 	677.85161	623.09892	 	 	 	 	 	 	 
101	 	 	 	645.73018	643.45810	 	287.69272	1024.01930	 	343.60407	635.33539	 	622.19823	327.78874	 	821.01743	617.00510	 	 	 	 	 	 	 	 	 	 	 	 	 	 	 	 
102	 	 	 	646.20680	644.02225	 	291.00000	1021.50000	 	339.79956	635.21982	 	624.68268	329.09919	 	821.19900	617.70027	 	 	 	 	 	 	 	 	 	 	 	 	 	 	 	 
103	 	 	 	647.16297	643.01393	 	289.50000	1023.00000	 	339.73279	637.63259	 	627.00000	330.00000	 	822.49273	616.76040	 	 	 	 	 	 	 	 	 	 	 	 	 	 	 	 
104	 	 	 	647.12103	641.43064	 	288.00000	1024.50000	 	343.67633	640.12367	 	625.31208	329.16405	 	823.20579	617.51256	 	 	 	 	 	 	 	 	 	 	 	 	 	 	 	 
105	 	 	 	646.98179	642.16125	 	282.15809	1029.20884	 	345.00000	637.50000	 	624.29194	323.00561	 	820.83482	617.29430	 	 	 	 	 	 	 	 	 	 	 	 	 	 	 	 
106	 	 	 	651.50343	640.52708	 	283.49764	1028.35701	 	348.00000	639.00000	 	625.16092	325.26944	 	819.00000	613.50000	 	 	 	 	 	 	 	 	 	 	 	 	 	 	 	 
107	 	 	 	652.41969	639.72291	 	284.49875	1029.02084	 	348.00000	637.50000	 	625.25026	326.93196	 	820.78570	612.11699	 	 	 	 	 	 	 	 	 	 	 	 	 	 	 	 
108	 	 	 	652.34483	640.79455	 	282.77692	1035.24178	 	346.50000	633.00000	 	622.36828	325.08923	 	819.57288	612.94054	 	 	 	 	 	 	 	 	 	 	 	 	 	 	 	 
109	 	 	 	649.75000	644.59686	 	283.93078	1037.59105	 	345.33907	634.52080	 	622.09053	326.29349	 	820.73272	611.06635	 	 	 	 	 	 	 	672.23333	620.44286	*	 	 	 	 	 	 
110	 	 	 	652.42916	639.69398	 	282.17398	1036.22532	 	344.79120	635.94012	 	623.45619	328.51764	 	822.31293	609.81314	 	 	 	 	 	 	 	 	 	 	 	 	 	 	 	 
111	 	 	 	652.98614	637.94523	 	282.60251	1036.73396	 	342.53293	633.84195	 	623.80988	328.95276	 	817.50000	606.00000	 	 	 	 	 	 	 	 	 	 	 	 	 	 	 	 
112	 	 	 	652.35116	640.27143	 	281.97053	1037.18184	 	343.10905	632.50491	 	624.93899	328.86090	 	819.00000	604.50000	 	 	 	 	 	 	 	 	 	 	 	 	 	 	 	 
113	 	 	 	652.44928	641.78146	 	283.45444	1035.38089	 	346.01072	634.47665	 	623.21628	329.64912	 	816.00000	603.00000	 	 	 	 	 	 	 	 	 	 	 	 	 	 	 	 
114	 	 	 	647.75706	646.20250	 	282.43559	1033.84260	 	352.32727	631.72733	 	622.12866	326.59826	 	813.00000	603.00000	 	 	 	 	 	 	 	672.95869	625.27022	*	 	 	 	 	 	 
115	 	 	 	647.76170	646.05464	 	280.39544	1034.79319	 	353.26847	632.62441	 	624.54538	332.21914	 	810.00000	606.00000	 	 	 	 	 	 	 	673.09950	620.36318	 	 	 	 	 	 	 
116	 	 	 	646.29123	647.90856	 	280.90525	1034.86232	 	352.10475	634.70351	 	621.00000	330.00000	 	811.50000	607.50000	 	 	 	 	 	 	 	673.18436	619.72486	 	 	 	 	 	 	 
117	 	 	 	652.33912	640.99244	 	278.04974	1031.05170	 	353.38369	631.43309	 	615.32971	334.70378	 	810.30041	608.82793	 	 	 	 	 	 	 	 	 	 	 	 	 	 	 	 
118	 	 	 	652.77965	639.11687	 	281.62490	1028.67993	 	350.89856	629.38915	 	621.16305	335.66785	 	810.63021	609.64361	 	 	 	 	 	 	 	 	 	 	 	 	 	 	 	 
119	 	 	 	653.06009	638.89952	 	282.50203	1029.06213	 	351.01695	632.70075	 	622.64263	337.91747	 	810.78597	609.02025	 	 	 	 	 	 	 	 	 	 	 	 	 	 	 	 
120	 	 	 	652.32554	642.52880	 	283.45817	1028.45020	 	349.78255	631.74830	 	621.72748	333.99444	 	811.57542	610.58472	 	 	 	 	 	 	 	 	 	 	 	 	 	 	 	 
121	 	 	 	652.46262	641.73893	 	281.81826	1030.14155	 	349.08993	630.82331	 	621.13940	336.32117	 	808.41392	613.73189	 	 	 	 	 	 	 	 	 	 	 	 	 	 	 	 
122	 	 	 	653.72259	643.45866	 	279.83912	1033.37172	 	345.48482	633.86472	 	618.79124	340.21063	 	804.71896	609.45862	 	 	 	 	 	 	 	 	 	 	 	 	 	 	 	 
123	 	 	 	652.92400	644.05836	 	281.91374	1029.94613	 	345.33441	630.69174	 	617.67594	343.16380	 	807.04091	605.98750	 	 	 	 	 	 	 	 	 	 	 	 	 	 	 	 
124	 	 	 	654.84789	642.25054	 	277.80819	1034.03664	 	345.92838	632.22509	 	619.49924	345.76358	 	808.19521	609.38949	 	 	 	 	 	 	 	 	 	 	 	 	 	 	 	 
125	 	 	 	653.30092	652.10913	 	280.94463	1034.61918	 	347.33821	630.20432	 	618.59746	348.09347	 	807.53348	608.85269	 	 	 	 	 	 	 	671.90758	619.38078	*	 	 	 	 	 	 
126	 	 	 	655.58201	650.38558	 	282.69298	1033.40351	 	351.33827	631.35746	 	622.06176	347.98110	 	808.67271	607.04193	 	 	 	 	 	 	 	670.76007	618.74329	 	 	 	 	 	 	 
127	 	 	 	654.45833	648.37028	 	280.39842	1034.01609	 	356.64764	635.09187	 	621.52176	351.57803	 	808.61523	610.99883	 	 	 	 	 	 	 	671.58591	619.84021	 	 	 	 	 	 	 
128	 	 	 	651.76153	650.36975	 	277.07364	1039.34060	 	354.48060	635.58969	 	622.97380	351.14279	 	808.49666	611.99471	 	 	 	 	 	 	 	671.50395	619.69170	 	 	 	 	 	 	 
129	 	 	 	654.48053	649.23258	 	280.04758	1033.87379	 	355.88875	633.55031	 	622.64362	349.53960	 	809.97240	608.59535	 	 	 	 	 	 	 	671.75649	618.92857	 	 	 	 	 	 	 
130	 	 	 	652.87296	651.70765	 	279.16630	1028.84647	 	354.78815	631.31717	 	624.71784	349.01889	 	811.49494	606.59079	 	 	 	 	 	 	 	672.04975	620.06468	 	 	 	 	 	 	 
131	 	 	 	653.39712	648.40329	 	281.00935	1029.35981	 	355.91082	630.27448	 	629.57005	348.17448	 	808.80590	604.71841	 	 	 	 	 	 	 	671.69925	619.08647	 	 	 	 	 	 	 
132	 	 	 	652.94563	646.76553	 	282.25695	1028.06129	 	361.50000	624.00000	 	630.50258	350.43284	 	806.37349	604.50110	 	 	 	 	 	 	 	672.00000	619.01786	 	 	 	 	 	 	 
133	 	 	 	653.33632	647.40717	 	280.50000	1030.50000	 	356.21117	626.75959	 	630.74518	348.32630	 	807.01683	602.42721	 	 	 	 	 	 	 	 	 	 	 	 	 	 	 	 
134	 	 	 	653.31034	647.63608	 	280.50000	1035.00000	 	355.27630	624.69476	 	628.22876	346.65896	 	807.14050	602.54815	 	 	 	 	 	 	 	672.01667	619.50833	*	 	 	 	 	 	 
135	 	 	 	653.58148	648.19877	 	282.00000	1036.50000	 	355.17245	627.07014	 	627.51139	346.74262	 	808.93502	600.08043	 	 	 	 	 	 	 	 	 	 	 	 	 	 	 	 
136	 	 	 	654.36183	648.43539	 	283.50000	1036.50000	 	358.50000	625.50000	 	624.82271	350.92285	 	808.93296	599.52927	 	 	 	 	 	 	 	 	 	 	 	 	 	 	 	 
137	 	 	 	652.68539	650.75506	 	283.50000	1033.50000	 	358.50000	622.50000	 	625.80644	352.55439	 	809.96793	597.71317	 	 	 	 	 	 	 	 	 	 	 	 	 	 	 	 
138	 	 	 	652.74757	650.82039	 	280.11138	1033.67448	 	358.50000	622.50000	 	626.59609	353.14544	 	808.06733	597.78727	 	 	 	 	 	 	 	 	 	 	 	 	 	 	 	 
139	 	 	 	652.86801	649.84116	 	279.10866	1033.10630	 	358.50000	622.50000	 	625.12596	357.01902	 	808.86873	596.86491	 	 	 	 	 	 	 	 	 	 	 	 	 	 	 	 
140	 	 	 	651.57738	652.64881	 	276.17821	1032.13604	 	360.00000	621.00000	 	626.06243	357.18154	 	805.09966	594.10291	 	 	 	 	 	 	 	 	 	 	985.00758	317.15909	 	 	 	 
141	 	 	 	 	 	 	278.74269	1032.94086	 	360.00000	619.50000	 	622.66111	355.38145	 	805.27738	594.39847	 	 	 	 	 	 	 	 	 	 	 	 	 	 	 	 
142	 	 	 	 	 	 	276.73878	1033.09551	 	361.50000	622.50000	 	622.83729	355.27394	 	802.50000	594.00000	 	 	 	 	 	 	 	671.63265	618.47449	*	 	 	 	 	 	 
143	 	 	 	 	 	 	278.33162	1035.00686	 	363.00000	621.00000	 	623.07582	351.96600	 	802.86343	589.89815	 	 	 	 	 	 	 	671.78818	619.12315	 	 	 	 	 	 	 
144	 	 	 	 	 	 	279.00000	1032.00000	 	366.00000	621.00000	 	621.31229	352.87523	 	802.13518	587.64325	 	 	 	 	 	 	 	672.14729	619.54264	 	 	 	 	 	 	 
145	 	 	 	 	 	 	276.00000	1033.50000	 	366.00000	624.00000	 	620.25862	352.09516	 	800.73710	586.50417	 	 	 	 	 	 	 	671.01653	617.53719	 	984.23810	316.55238	*	 	 	 
146	 	 	 	 	 	 	277.50000	1030.50000	 	366.00000	625.50000	 	620.72871	347.10588	 	801.95689	585.85542	 	 	 	 	 	 	 	671.47305	618.57485	 	 	 	 	 	 	 
147	 	 	 	 	 	 	280.50000	1030.50000	 	369.00000	624.00000	 	622.55249	349.22853	 	800.90904	587.46126	 	 	 	 	 	 	 	671.58654	618.53365	 	 	 	 	 	 	 
148	 	 	 	 	 	 	280.50000	1030.50000	 	367.50000	625.50000	 	626.19107	348.51405	 	799.62679	590.14007	 	 	 	 	 	 	 	671.39161	618.10490	 	 	 	 	 	 	 
149	 	 	 	 	 	 	280.50000	1032.00000	 	367.37219	625.38504	 	628.35467	352.58336	 	801.46958	590.95019	 	 	 	 	 	 	 	671.64961	619.05118	 	978.01351	313.85664	*	 	 	 
150	 	 	 	 	 	 	277.50000	1033.50000	 	368.38849	623.77986	 	622.77590	348.89639	 	799.26944	594.10813	 	 	 	 	 	 	 	671.11640	617.98942	 	984.44422	316.05578	 	 	 	 
151	 	 	 	 	 	 	282.00000	1032.00000	 	367.50000	622.50000	 	625.42840	349.95311	 	800.49459	592.02563	 	 	 	 	 	 	 	671.60452	618.67232	 	976.25369	316.26222	 	 	 	 
152	 	 	 	 	 	 	280.50000	1035.00000	 	366.01165	625.02702	 	625.03030	351.44743	 	800.49350	593.15133	 	 	 	 	 	 	 	671.50000	618.63830	 	973.36845	311.58556	 	 	 	 
153	 	 	 	 	 	 	282.00000	1036.50000	 	366.90140	624.85235	 	624.87320	351.65589	 	801.56739	592.05018	 	 	 	 	 	 	 	664.59709	620.02913	 	971.03122	309.06325	 	 	 	 
154	 	 	 	 	 	 	280.50000	1038.00000	 	372.20403	626.26660	 	625.15151	351.79616	 	800.21845	589.84215	 	 	 	 	 	 	 	671.49373	619.33083	 	978.68898	306.18504	 	 	 	 
155	 	 	 	 	 	 	282.00000	1039.50000	 	371.79543	627.38957	 	624.93668	351.24625	 	800.25908	591.49196	 	 	 	 	 	 	 	671.49673	619.30392	 	976.86513	309.65132	 	 	 	 
156	 	 	 	 	 	 	282.00000	1038.00000	 	373.50000	627.00000	 	626.92351	351.42548	 	800.82297	589.98995	 	 	 	 	 	 	 	657.06883	620.83806	 	978.46705	308.69961	 	 	 	 
157	 	 	 	 	 	 	279.91059	1037.35563	 	370.80461	627.45053	 	626.01118	349.35345	 	804.30165	589.89883	 	 	 	 	 	 	 	656.89908	621.11009	 	971.93866	306.84601	 	 	 	 
158	 	 	 	 	 	 	285.76508	1026.44527	 	370.14289	626.66352	 	628.71202	347.54509	 	805.64694	583.06044	 	 	 	 	 	 	 	671.48746	618.46237	 	979.79008	308.13740	 	 	 	 
159	 	 	 	 	 	 	285.12184	1037.52059	 	370.11163	623.79450	 	628.64593	344.93223	 	801.10068	590.50993	 	 	 	 	 	 	 	656.77309	621.27441	 	974.79512	309.58049	 	 	 	 
160	 	 	 	 	 	 	286.50000	1035.00000	 	369.89530	625.87259	 	631.10201	346.66364	 	803.06102	584.84407	 	 	 	 	 	 	 	655.54545	623.20248	 	977.80435	306.57143	 	 	 	 
161	 	 	 	 	 	 	284.81610	1032.17799	 	368.67144	626.94255	 	631.02472	349.17176	 	805.83449	580.62835	 	 	 	 	 	 	 	656.17580	621.97032	 	977.48000	307.44889	 	 	 	 
162	 	 	 	 	 	 	284.17348	1032.78034	 	367.68375	627.21954	 	629.94199	348.30879	 	805.21707	584.72866	 	 	 	 	 	 	 	662.42979	622.30223	 	974.64455	309.94313	 	 	 	 
163	 	 	 	 	 	 	283.35276	1033.53772	 	368.89199	629.65779	 	630.88560	347.08090	 	803.95355	582.91539	 	 	 	 	 	 	 	656.04147	622.73272	 	 	 	 	 	 	 
164	 	 	 	 	 	 	282.90283	1033.45515	 	370.48069	630.93518	 	631.51716	348.86448	 	805.79746	584.19768	 	 	 	 	 	 	 	657.07536	624.35563	 	976.30645	306.09677	*	 	 	 
165	 	 	 	 	 	 	280.49576	1033.34697	 	370.19100	629.16348	 	636.85984	350.15499	 	805.67046	589.55550	 	 	 	 	 	 	 	656.97224	624.38937	 	977.10502	305.91781	 	 	 	 
166	 	 	 	 	 	 	282.22471	1030.39212	 	370.20371	629.78919	 	635.30707	347.29597	 	805.78032	588.07938	 	 	 	 	 	 	 	656.92886	623.74449	 	 	 	 	 	 	 
167	 	 	 	 	 	 	283.77475	1030.53018	 	371.87537	628.57170	 	636.20600	348.22422	 	809.07769	583.61940	 	 	 	 	 	 	 	660.56163	622.31994	 	 	 	 	 	 	 
168	 	 	 	 	 	 	285.05543	1034.53178	 	375.24178	627.36396	 	636.63801	346.81929	 	808.42286	585.70275	 	 	 	 	 	 	 	655.83252	622.91320	 	 	 	 	 	 	 
169	 	 	 	 	 	 	280.08025	1034.57255	 	374.50387	626.05654	 	638.10252	347.84556	 	808.99002	587.39112	 	 	 	 	 	 	 	662.41379	622.06308	 	 	 	 	 	 	 
170	 	 	 	 	 	 	280.69024	1033.89391	 	370.17079	629.19141	 	638.02484	347.85554	 	810.01210	589.89672	 	 	 	 	 	 	 	662.12016	622.56137	 	 	 	 	 	 	 
171	 	 	 	 	 	 	285.03803	1032.54836	 	370.97064	628.87230	 	637.10135	345.36038	 	813.73576	588.80735	 	 	 	 	 	 	 	657.05208	623.70660	 	983.22867	310.19454	*	 	 	 
172	 	 	 	 	 	 	285.35094	1032.28684	 	368.27553	629.93801	 	638.93763	347.63381	 	813.42889	587.87546	 	 	 	 	 	 	 	656.31662	622.32092	 	 	 	 	 	 	 
173	 	 	 	 	 	 	283.04609	1032.82758	 	365.65218	631.58082	 	637.54182	351.05505	 	815.45889	582.90938	 	 	 	 	 	 	 	656.24474	621.77247	 	 	 	 	 	 	 
174	 	 	 	 	 	 	285.00000	1033.50000	 	364.53230	631.56671	 	635.51458	349.78587	 	813.89288	586.40871	 	 	 	 	 	 	 	656.37500	622.21474	 	 	 	 	 	 	 
175	 	 	 	 	 	 	282.24505	1032.80000	 	364.75036	632.87261	 	632.54604	345.02551	 	812.57378	584.48876	 	 	 	 	 	 	 	662.65165	622.46647	 	 	 	 	 	 	 
176	 	 	 	 	 	 	283.50000	1029.00000	 	362.52269	632.16413	 	629.75359	345.54707	 	811.89908	582.61597	 	 	 	 	 	 	 	662.29082	622.65084	 	 	 	 	 	 	 
177	 	 	 	 	 	 	282.00000	1027.50000	 	364.96765	634.75556	 	628.54508	347.72308	 	812.20859	579.88222	 	 	 	 	 	 	 	662.31469	621.78943	 	 	 	 	 	 	 
178	 	 	 	 	 	 	282.00000	1027.50000	 	366.31227	634.85813	 	632.17658	349.09962	 	809.57176	578.35477	 	 	 	 	 	 	 	663.61612	620.76777	 	 	 	 	 	 	 
179	 	 	 	 	 	 	279.00000	1026.00000	 	366.40169	634.93220	 	636.49484	348.00929	 	813.04017	579.38828	 	 	 	 	 	 	 	670.91413	618.92844	 	 	 	 	 	 	 
180	 	 	 	 	 	 	279.00000	1027.50000	 	366.39107	633.93780	 	636.70714	347.54509	 	815.07011	580.79763	 	 	 	 	 	 	 	663.53114	621.15018	 	 	 	 	 	 	 
181	 	 	 	 	 	 	278.49406	1029.56612	 	364.64418	633.15094	 	633.77834	346.07763	 	814.11541	583.58177	 	 	 	 	 	 	 	662.72211	622.21341	 	 	 	 	 	 	 
182	 	 	 	 	 	 	282.00000	1026.00000	 	361.81550	635.65048	 	635.37282	348.98023	 	812.78976	583.41253	 	 	 	 	 	 	 	663.09883	621.58304	 	 	 	 	 	 	 
183	 	 	 	 	 	 	283.96480	1028.93629	 	361.60475	637.14559	 	631.74895	349.42685	 	811.51059	584.83349	 	 	 	 	 	 	 	662.52038	622.56205	 	 	 	 	 	 	 
184	 	 	 	 	 	 	283.50000	1026.00000	 	360.12142	637.67639	 	630.48688	349.71473	 	811.75478	582.95948	 	 	 	 	 	 	 	662.39533	623.05580	 	 	 	 	 	 	 
185	 	 	 	 	 	 	282.00000	1023.00000	 	362.38673	635.92563	 	632.95356	350.37630	 	810.70567	579.22049	 	 	 	 	 	 	 	660.97625	625.26540	 	 	 	 	 	 	 
186	 	 	 	 	 	 	280.50000	1020.00000	 	361.45601	634.97652	 	632.41443	347.37246	 	805.41072	582.64814	 	 	 	 	 	 	 	660.18969	625.11355	 	 	 	 	 	 	 
187	 	 	 	 	 	 	280.50000	1018.50000	 	359.08613	636.25212	 	635.32887	349.89735	 	806.55379	583.60125	 	 	 	 	 	 	 	659.82637	624.77883	 	980.40478	304.69163	 	 	 	 
188	 	 	 	 	 	 	282.00000	1015.50000	 	358.05734	638.73369	 	634.47531	349.30385	 	802.68414	581.89337	 	 	 	 	 	 	 	662.13385	622.84376	 	975.89564	304.40423	 	 	 	 
189	 	 	 	 	 	 	286.50000	1017.00000	 	356.69845	641.66357	 	635.22731	350.44291	 	803.61459	580.37954	 	 	 	 	 	 	 	660.00696	625.04042	 	978.36593	303.74622	 	 	 	 
190	 	 	 	 	 	 	286.50000	1017.00000	 	352.99335	639.92965	 	628.99679	348.32559	 	806.20873	577.56081	 	 	 	 	 	 	 	661.46671	624.81804	 	978.32431	304.31023	 	 	 	 
191	 	 	 	 	 	 	286.50000	1015.50000	 	352.61160	640.25160	 	628.61723	346.55595	 	804.93615	574.41026	 	 	 	 	 	 	 	662.73148	624.10625	 	978.49052	305.52069	 	 	 	 
192	 	 	 	 	 	 	288.00000	1012.50000	 	352.50000	642.00000	 	625.18797	344.30421	 	804.56886	576.43314	 	 	 	 	 	 	 	661.24647	623.25021	 	982.29790	304.61455	 	 	 	 
193	 	 	 	 	 	 	288.00000	1014.00000	 	357.00000	643.50000	 	630.76683	341.08611	 	806.29083	576.53468	 	 	 	 	 	 	 	661.63354	622.55250	 	984.61711	302.50265	 	 	 	 
194	 	 	 	 	 	 	289.50000	1015.50000	 	354.33316	647.23556	 	628.80407	340.21706	 	807.13170	576.39984	 	 	 	 	 	 	 	661.67949	622.92521	 	986.20506	301.02596	 	 	 	 
195	 	 	 	 	 	 	294.00000	1018.50000	 	357.00000	646.50000	 	632.83227	340.99727	 	809.89077	576.96836	 	 	 	 	 	 	 	656.80518	622.85327	 	983.20514	301.08890	 	 	 	 
196	 	 	 	 	 	 	293.00093	1021.29843	 	356.48184	645.12381	 	633.24236	341.32406	 	808.88640	576.97295	 	 	 	 	 	 	 	661.20230	624.42253	 	981.57942	300.30105	 	 	 	 
197	 	 	 	 	 	 	294.01565	1020.65620	 	358.31755	647.68348	 	632.33517	341.80707	 	806.79918	579.71082	 	 	 	 	 	 	 	660.75429	624.85396	 	981.86869	301.94510	 	 	 	 
198	 	 	 	 	 	 	287.04921	1018.27518	 	358.50000	648.00000	 	632.46332	344.37376	 	810.97346	579.02784	 	 	 	 	 	 	 	657.91594	623.68596	 	982.81653	296.91986	 	 	 	 
199	 	 	 	 	 	 	286.50000	1018.50000	 	357.00000	649.50000	 	631.16508	345.96511	 	809.48568	575.42932	 	 	 	 	 	 	 	658.64645	625.10626	 	982.87347	298.98670	 	 	 	 
200	 	 	 	 	 	 	289.50000	1023.00000	 	357.00000	648.00000	 	634.62128	345.04896	 	810.73170	575.30354	 	 	 	 	 	 	 	659.57137	625.05213	 	984.49407	301.53728	 	 	 	 
201	 	 	 	 	 	 	289.88415	1026.18936	 	355.50000	648.00000	 	634.71854	345.75295	 	812.54955	574.65879	 	 	 	 	 	 	 	660.70257	622.82656	 	984.30433	304.56918	 	 	 	 
202	 	 	 	 	 	 	287.67307	1026.21490	 	356.58372	645.19184	 	635.23079	345.21932	 	812.07672	571.71141	 	 	 	 	 	 	 	655.89160	623.49734	 	982.68457	305.01731	 	 	 	 
203	 	 	 	 	 	 	289.74490	1025.33863	 	355.50000	642.00000	 	638.55666	343.31682	 	813.99604	570.02410	 	 	 	 	 	 	 	655.70963	623.15839	 	983.52915	304.15622	 	616.53947	343.75000	 
204	 	 	 	 	 	 	290.28497	1024.11469	 	357.00000	642.00000	 	637.40695	343.84340	 	816.06026	567.76013	 	 	 	 	 	 	 	655.53846	623.19028	 	983.83860	304.18891	 	 	 	 
205	 	 	 	 	 	 	286.97797	1023.88074	 	354.00000	642.00000	 	636.90458	347.24604	 	816.90352	570.93234	 	 	 	 	 	 	 	655.21678	623.27273	 	983.91458	303.45797	 	 	 	 
206	 	 	 	 	 	 	285.00000	1023.00000	 	352.50000	642.00000	 	637.05550	348.23604	 	820.21096	569.75000	 	 	 	 	 	 	 	655.02979	623.81277	 	986.24770	303.93370	 	 	 	 
207	 	 	 	 	 	 	282.00000	1024.50000	 	354.00000	640.50000	 	636.51549	344.70605	 	825.00473	567.51834	 	 	 	 	 	 	 	 	 	 	988.83537	301.84175	 	 	 	 
208	 	 	 	 	 	 	283.50000	1021.50000	 	354.00000	639.00000	 	635.47573	344.32423	 	823.19338	565.86925	 	 	 	 	 	 	 	655.47774	623.04748	*	988.26663	302.79904	 	 	 	 
209	 	 	 	 	 	 	285.00000	1021.50000	 	358.50000	639.00000	 	634.97863	344.61874	 	823.12072	570.73942	 	 	 	 	 	 	 	655.04675	623.88831	 	989.94504	301.26023	 	 	 	 
210	 	 	 	 	 	 	280.50000	1023.00000	 	354.19160	639.70428	 	636.33943	343.07066	 	821.14288	572.23252	 	 	 	 	 	 	 	654.14035	624.67836	 	993.08666	302.84552	 	 	 	 
211	 	 	 	 	 	 	279.00000	1023.00000	 	351.65813	639.88687	 	637.27443	342.68071	 	822.68011	573.08379	 	 	 	 	 	 	 	655.24561	623.21754	 	994.56424	301.99850	 	 	 	 
212	 	 	 	 	 	 	282.00000	1026.00000	 	354.88650	641.77383	 	639.48538	344.30506	 	821.47780	570.95706	 	 	 	 	 	 	 	654.90775	623.69373	 	998.05716	302.30854	 	617.53670	342.60550	*
213	 	 	 	 	 	 	285.85206	1027.51149	 	355.46330	640.52624	 	639.16104	344.38782	 	816.00000	574.50000	 	 	 	 	 	 	 	654.10119	624.72619	 	997.80012	297.09530	 	616.58261	343.66087	 
214	 	 	 	 	 	 	288.44543	1027.09887	 	353.36684	642.84374	 	640.66114	345.65102	 	814.61360	576.45091	 	 	 	 	 	 	 	 	 	 	998.00975	296.77735	 	617.00262	342.91623	 
215	 	 	 	 	 	 	286.09474	1032.77318	 	352.53242	645.32396	 	635.65865	337.67744	 	816.20355	575.45323	 	 	 	 	 	 	 	654.26923	624.64103	*	998.47469	296.78374	 	 	 	 
216	 	 	 	 	 	 	287.19244	1035.40650	 	354.07508	643.73776	 	637.41429	344.78818	 	813.43260	571.22347	 	 	 	 	 	 	 	 	 	 	997.89409	292.24587	 	 	 	 
217	 	 	 	 	 	 	286.49385	1036.92190	 	356.28328	643.13517	 	638.54964	345.65312	 	815.46213	569.29207	 	 	 	 	 	 	 	654.28105	624.64052	*	995.81618	295.16957	 	 	 	 
218	 	 	 	 	 	 	281.44772	1038.74847	 	353.27460	640.87624	 	639.55713	347.32436	 	812.95857	567.86204	 	 	 	 	 	 	 	654.06383	624.52660	 	993.56268	293.52823	 	617.28796	343.15707	*
219	 	 	 	 	 	 	282.87277	1040.24932	 	349.76217	639.25481	 	639.10797	347.25156	 	813.74411	565.42354	 	 	 	 	 	 	 	 	 	 	991.74943	292.08645	 	617.23276	343.91379	 
220	 	 	 	 	 	 	283.94711	1040.41419	 	352.36950	641.24464	 	639.34492	347.81693	 	812.12847	564.69110	 	 	 	 	 	 	 	654.64095	623.84866	*	990.68712	291.63057	 	616.77536	342.50242	 
221	 	 	 	 	 	 	284.55623	1041.80714	 	355.50000	643.50000	 	640.66264	345.44756	 	810.75576	560.56978	 	 	 	 	 	 	 	654.06993	624.95105	 	985.42801	293.41420	 	617.53943	342.83281	 
222	 	 	 	 	 	 	286.13065	1042.97420	 	358.50000	643.50000	 	638.51882	345.71569	 	809.23769	561.08510	 	 	 	 	 	 	 	 	 	 	987.13907	291.96909	 	 	 	 
223	 	 	 	 	 	 	288.11941	1039.69710	 	361.50000	643.50000	 	639.61226	342.84396	 	810.28943	560.35132	 	 	 	 	 	 	 	 	 	 	 	 	 	 	 	 
224	 	 	 	 	 	 	291.04447	1039.98371	 	360.00000	643.50000	 	639.83655	342.01121	 	809.87820	555.94568	 	 	 	 	 	 	 	 	 	 	 	 	 	617.21450	343.76737	*
225	 	 	 	 	 	 	289.13568	1041.67013	 	364.50000	643.50000	 	637.48880	340.84901	 	809.33129	558.74843	 	 	 	 	 	 	 	 	 	 	 	 	 	 	 	 
226	 	 	 	 	 	 	286.72099	1043.68799	 	363.00000	645.00000	 	638.25824	341.66971	 	808.59498	558.35161	 	 	 	 	 	 	 	 	 	 	 	 	 	 	 	 
227	 	 	 	 	 	 	288.19637	1044.24309	 	360.00000	646.50000	 	640.05234	342.67335	 	808.65698	558.55866	 	 	 	 	 	 	 	 	 	 	 	 	 	616.91545	343.69388	*
228	 	 	 	 	 	 	286.56060	1041.11799	 	361.50000	642.00000	 	641.22082	342.00611	 	808.39195	554.80843	 	 	 	 	 	 	 	 	 	 	 	 	 	617.75550	343.35208	 
229	 	 	 	 	 	 	287.46638	1043.06369	 	361.50000	643.50000	 	640.03435	342.50958	 	806.26715	557.00827	 	 	 	 	 	 	 	 	 	 	 	 	 	 	 	 
230	 	 	 	 	 	 	288.38787	1045.30495	 	363.00000	643.50000	 	640.61741	341.91783	 	804.53847	554.50875	 	 	 	 	 	 	 	 	 	 	 	 	 	 	 	 
231	 	 	 	 	 	 	286.34091	1046.58382	 	364.50000	642.00000	 	640.27771	339.98599	 	800.80442	551.20038	 	 	 	 	 	 	 	 	 	 	 	 	 	 	 	 
232	 	 	 	 	 	 	284.70531	1051.60324	 	366.00000	642.00000	 	640.57512	340.16440	 	799.48693	553.03692	 	 	 	 	 	 	 	 	 	 	 	 	 	 	 	 
233	 	 	 	 	 	 	285.61679	1049.16859	 	366.00000	640.50000	 	649.45221	341.93557	 	804.32536	550.98899	 	 	 	 	 	 	 	 	 	 	 	 	 	624.91146	338.94497	*
234	 	 	 	 	 	 	282.90086	1046.64395	 	364.50000	636.00000	 	652.93877	341.70148	 	807.20660	548.84692	 	 	 	 	 	 	 	 	 	 	 	 	 	626.55328	338.01189	 
235	 	 	 	 	 	 	283.88928	1050.35629	 	364.50000	634.50000	 	655.76974	341.74179	 	807.38091	551.92559	 	 	 	 	 	 	 	 	 	 	 	 	 	628.23246	337.68849	 
236	 	 	 	 	 	 	283.46788	1047.90916	 	364.50000	631.50000	 	655.50972	340.67315	 	805.95485	549.72049	 	 	 	 	 	 	 	 	 	 	 	 	 	628.20265	337.68599	 
237	 	 	 	 	 	 	283.30335	1046.07908	 	367.50000	631.50000	 	661.67630	336.91962	 	805.35360	546.86629	 	 	 	 	 	 	 	 	 	 	 	 	 	629.74190	338.20617	 
238	 	 	 	 	 	 	284.08598	1043.37720	 	369.00000	633.00000	 	662.31531	338.53689	 	801.66115	547.52070	 	 	 	 	 	 	 	 	 	 	 	 	 	630.09384	337.65198	 
239	 	 	 	 	 	 	284.17772	1041.02402	 	372.00000	633.00000	 	661.44508	338.81129	 	803.63795	548.46647	 	 	 	 	 	 	 	 	 	 	 	 	 	630.17561	338.02476	 
240	 	 	 	 	 	 	284.66586	1042.11151	 	372.00000	633.00000	 	660.66585	339.35224	 	803.43601	544.16018	 	 	 	 	 	 	 	 	 	 	 	 	 	629.31167	338.05521	 
241	 	 	 	 	 	 	288.94843	1040.70684	 	373.50000	631.50000	 	659.32931	340.91195	 	803.78704	544.44683	 	 	 	 	 	 	 	 	 	 	 	 	 	629.42014	337.69125	 

Track 	Length	Distance traveled	Nr of Frames
1	132.51784	19.38527	25
2	342.93120	15.44569	135
3	762.02583	14.41690	241
4	617.74112	19.48741	241
5	604.07290	24.14271	240
6	667.02031	63.83058	240
7	90.37222	11.38945	14
8	28.53673	8.33051	27
9	230.00503	25.08256	97
10	181.06010	25.28002	55
11	25.38791	14.23447	20
