Frame	X1	Y1	Flag1	X2	Y2	Flag2	X3	Y3	Flag3	X4	Y4	Flag4
Tracks 1 to 4
1	 	 	 	 	 	 	 	 	 	 	 	 
2	1213.50000	340.50000	 	 	 	 	 	 	 	 	 	 
3	1213.50000	339.00000	 	 	 	 	 	 	 	 	 	 
4	 	 	 	 	 	 	 	 	 	 	 	 
5	1215.00000	337.50000	*	 	 	 	 	 	 	 	 	 
6	 	 	 	 	 	 	 	 	 	 	 	 
7	 	 	 	 	 	 	 	 	 	 	 	 
8	1216.50000	339.00000	*	 	 	 	 	 	 	 	 	 
9	 	 	 	271.26877	446.88478	 	 	 	 	 	 	 
10	 	 	 	273.73550	444.65914	 	 	 	 	 	 	 
11	1215.00000	339.00000	*	 	 	 	 	 	 	 	 	 
12	 	 	 	 	 	 	 	 	 	 	 	 
13	1215.00000	336.00000	*	274.30924	446.95255	*	 	 	 	 	 	 
14	1218.00000	334.50000	 	274.93472	446.20333	 	 	 	 	 	 	 
15	1218.00000	339.00000	 	 	 	 	 	 	 	 	 	 
16	1218.00000	337.50000	 	 	 	 	 	 	 	 	 	 
17	1219.50000	334.50000	 	 	 	 	 	 	 	 	 	 
18	1221.00000	337.50000	 	269.88865	442.71924	*	 	 	 	 	 	 
19	1218.00000	337.50000	 	270.29478	442.08076	 	 	 	 	 	 	 
20	1215.00000	334.50000	 	271.79850	441.10244	 	 	 	 	 	 	 
21	1219.50000	336.00000	 	270.33108	441.01800	 	 	 	 	 	 	 
22	1218.00000	339.00000	 	271.23525	441.95086	 	 	 	 	 	 	 
23	1219.50000	337.50000	 	276.42286	442.96441	 	 	 	 	 	 	 
24	1221.00000	336.00000	 	275.94515	442.19766	 	 	 	 	 	 	 
25	1221.00000	337.50000	 	274.83475	442.55715	 	 	 	 	 	 	 
26	1221.00000	336.00000	 	274.26253	440.89215	 	 	 	 	 	 	 
27	1221.00000	337.50000	 	275.99703	440.42190	 	 	 	 	 	 	 
28	1222.50000	343.50000	 	272.08387	439.21139	 	 	 	 	 	 	 
29	1222.50000	342.00000	 	 	 	 	 	 	 	 	 	 
30	1222.50000	342.00000	 	 	 	 	 	 	 	 	 	 
31	1221.00000	343.50000	 	 	 	 	 	 	 	 	 	 
32	1222.50000	342.00000	 	 	 	 	 	 	 	 	 	 
33	1222.50000	340.50000	 	 	 	 	 	 	 	 	 	 
34	1227.00000	342.00000	 	 	 	 	 	 	 	 	 	 
35	1225.50000	343.50000	 	 	 	 	 	 	 	 	 	 
36	1227.00000	343.50000	 	 	 	 	 	 	 	 	 	 
37	1227.00000	342.00000	 	 	 	 	 	 	 	 	 	 
38	1228.50000	343.50000	 	 	 	 	 	 	 	 	 	 
39	1230.00000	343.50000	 	 	 	 	 	 	 	 	 	 
40	1230.00000	342.00000	 	 	 	 	 	 	 	 	 	 
41	1231.50000	345.00000	 	 	 	 	 	 	 	 	 	 
42	1234.50000	343.50000	 	 	 	 	 	 	 	 	 	 
43	1236.00000	342.00000	 	 	 	 	 	 	 	 	 	 
44	1236.00000	342.00000	 	 	 	 	 	 	 	 	 	 
45	1236.00000	342.00000	 	 	 	 	 	 	 	 	 	 
46	1234.50000	340.50000	 	 	 	 	 	 	 	 	 	 
47	1234.50000	339.00000	 	 	 	 	 	 	 	 	 	 
48	1234.50000	340.50000	 	 	 	 	 	 	 	 	 	 
49	1233.00000	342.00000	 	 	 	 	 	 	 	 	 	 
50	1233.00000	342.00000	 	 	 	 	 	 	 	 	 	 
51	1234.50000	342.00000	 	 	 	 	 	 	 	 	 	 
52	1234.50000	340.50000	 	 	 	 	 	 	 	 	 	 
53	1231.50000	342.00000	 	 	 	 	 	 	 	 	 	 
54	1230.00000	339.00000	 	 	 	 	 	 	 	 	 	 
55	1233.00000	340.50000	 	 	 	 	 	 	 	 	 	 
56	1234.50000	343.50000	 	 	 	 	 	 	 	 	 	 
57	1234.50000	339.00000	 	 	 	 	 	 	 	 	 	 
58	1236.00000	342.00000	 	 	 	 	 	 	 	 	 	 
59	1234.50000	346.50000	 	 	 	 	 	 	 	 	 	 
60	1234.50000	343.50000	 	 	 	 	 	 	 	 	 	 
61	1236.00000	342.00000	 	 	 	 	 	 	 	 	 	 
62	1237.50000	345.00000	 	 	 	 	 	 	 	 	 	 
63	1236.00000	342.00000	 	 	 	 	 	 	 	 	 	 
64	1237.50000	340.50000	 	 	 	 	 	 	 	 	 	 
65	1240.50000	342.00000	 	 	 	 	 	 	 	 	 	 
66	1239.00000	343.50000	 	 	 	 	 	 	 	 	 	 
67	 	 	 	 	 	 	 	 	 	 	 	 
68	1239.00000	342.00000	*	 	 	 	 	 	 	 	 	 
69	1240.50000	342.00000	 	 	 	 	 	 	 	 	 	 
70	1240.50000	340.50000	 	 	 	 	 	 	 	 	 	 
71	 	 	 	 	 	 	 	 	 	 	 	 
72	 	 	 	 	 	 	 	 	 	 	 	 
73	1240.50000	342.00000	*	 	 	 	 	 	 	 	 	 
74	 	 	 	 	 	 	 	 	 	 	 	 
75	1243.50000	345.00000	*	 	 	 	 	 	 	 	 	 
76	1243.50000	343.50000	 	 	 	 	 	 	 	 	 	 
77	 	 	 	 	 	 	 	 	 	 	 	 
78	1243.50000	343.50000	*	 	 	 	257.52877	477.67947	 	 	 	 
79	1245.00000	343.50000	 	 	 	 	 	 	 	 	 	 
80	1246.50000	342.00000	 	 	 	 	258.53635	477.02182	*	 	 	 
81	1246.50000	342.00000	 	 	 	 	 	 	 	 	 	 
82	1248.00000	342.00000	 	 	 	 	 	 	 	 	 	 
83	1248.00000	342.00000	 	 	 	 	 	 	 	 	 	 
84	1248.00000	339.00000	 	 	 	 	257.05838	475.95952	*	 	 	 
85	1249.50000	339.00000	 	 	 	 	254.05360	476.23896	 	 	 	 
86	1251.00000	340.50000	 	 	 	 	255.71777	478.32424	 	 	 	 
87	1249.50000	339.00000	 	 	 	 	256.37848	476.21211	 	 	 	 
88	1251.00000	339.00000	 	 	 	 	257.19368	475.53856	 	 	 	 
89	1252.50000	342.00000	 	 	 	 	 	 	 	 	 	 
90	1251.00000	340.50000	 	 	 	 	 	 	 	 	 	 
91	1251.00000	342.00000	 	 	 	 	264.00000	451.50000	*	 	 	 
92	1251.00000	342.00000	 	 	 	 	 	 	 	 	 	 
93	1251.00000	340.50000	 	 	 	 	265.50000	453.00000	*	 	 	 
94	1251.00000	345.00000	 	 	 	 	 	 	 	 	 	 
95	1251.00000	343.50000	 	 	 	 	 	 	 	 	 	 
96	1251.00000	340.50000	 	 	 	 	 	 	 	 	 	 
97	1251.00000	343.50000	 	 	 	 	267.00000	451.50000	*	 	 	 
98	1251.00000	343.50000	 	 	 	 	 	 	 	 	 	 
99	1252.50000	340.50000	 	 	 	 	267.00000	451.50000	*	 	 	 
100	1254.00000	343.50000	 	 	 	 	 	 	 	 	 	 
101	1254.00000	345.00000	 	 	 	 	 	 	 	 	 	 
102	1254.00000	343.50000	 	 	 	 	 	 	 	 	 	 
103	1254.00000	343.50000	 	 	 	 	 	 	 	 	 	 
104	1254.00000	345.00000	 	 	 	 	 	 	 	 	 	 
105	1254.00000	342.00000	 	 	 	 	 	 	 	 	 	 
106	1255.50000	343.50000	 	 	 	 	 	 	 	 	 	 
107	1255.50000	346.50000	 	 	 	 	 	 	 	 	 	 
108	1258.50000	345.00000	 	 	 	 	 	 	 	 	 	 
109	1258.50000	345.00000	 	 	 	 	 	 	 	 	 	 
110	1257.00000	343.50000	 	 	 	 	 	 	 	 	 	 
111	1257.00000	343.50000	 	 	 	 	 	 	 	 	 	 
112	1255.50000	342.00000	 	 	 	 	 	 	 	 	 	 
113	1254.00000	340.50000	 	 	 	 	 	 	 	 	 	 
114	1254.00000	342.00000	 	 	 	 	 	 	 	 	 	 
115	1254.00000	342.00000	 	 	 	 	 	 	 	 	 	 
116	1255.50000	342.00000	 	 	 	 	 	 	 	 	 	 
117	1254.00000	343.50000	 	 	 	 	 	 	 	 	 	 
118	1255.50000	343.50000	 	 	 	 	 	 	 	 	 	 
119	1254.00000	343.50000	 	 	 	 	 	 	 	 	 	 
120	1254.00000	343.50000	 	 	 	 	 	 	 	 	 	 
121	1252.50000	346.50000	 	 	 	 	 	 	 	 	 	 
122	1254.00000	343.50000	 	 	 	 	 	 	 	 	 	 
123	1254.00000	343.50000	 	 	 	 	 	 	 	 	 	 
124	1251.00000	342.00000	 	 	 	 	 	 	 	 	 	 
125	1249.50000	340.50000	 	 	 	 	 	 	 	 	 	 
126	1252.50000	339.00000	 	 	 	 	 	 	 	 	 	 
127	1251.00000	340.50000	 	 	 	 	 	 	 	 	 	 
128	1252.50000	340.50000	 	 	 	 	 	 	 	 	 	 
129	1254.00000	339.00000	 	 	 	 	 	 	 	261.00000	454.50000	 
130	1255.50000	337.50000	 	 	 	 	 	 	 	 	 	 
131	1255.50000	337.50000	 	 	 	 	 	 	 	 	 	 
132	1257.00000	340.50000	 	 	 	 	 	 	 	 	 	 
133	1255.50000	339.00000	 	 	 	 	 	 	 	279.95882	461.04613	*
134	1255.50000	339.00000	 	 	 	 	 	 	 	279.97918	460.88964	 
135	1255.50000	339.00000	 	 	 	 	 	 	 	280.70639	459.88929	 
136	1255.50000	340.50000	 	 	 	 	 	 	 	280.16888	458.99119	 
137	1257.00000	340.50000	 	 	 	 	 	 	 	279.18259	460.14570	 
138	1258.50000	340.50000	 	 	 	 	 	 	 	279.42615	458.04715	 
139	1257.00000	340.50000	 	 	 	 	 	 	 	279.71370	456.18915	 
140	1254.00000	337.50000	 	 	 	 	 	 	 	279.83406	456.77767	 
141	1252.50000	339.00000	 	 	 	 	 	 	 	279.98755	460.64114	 
142	1254.00000	340.50000	 	 	 	 	 	 	 	280.15352	461.39289	 
143	1252.50000	339.00000	 	 	 	 	 	 	 	279.34621	461.70818	 
144	1252.50000	339.00000	 	 	 	 	 	 	 	279.29790	462.40003	 
145	1254.00000	342.00000	 	 	 	 	 	 	 	 	 	 
146	1254.00000	342.00000	 	 	 	 	 	 	 	 	 	 
147	1254.00000	342.00000	 	 	 	 	 	 	 	 	 	 
148	1254.00000	340.50000	 	 	 	 	 	 	 	 	 	 
149	1257.00000	342.00000	 	 	 	 	 	 	 	 	 	 
150	1258.50000	340.50000	 	 	 	 	 	 	 	 	 	 
151	1260.00000	342.00000	 	 	 	 	 	 	 	262.50000	456.00000	 
152	1258.50000	343.50000	 	 	 	 	 	 	 	258.00000	451.50000	 
153	1260.00000	343.50000	 	 	 	 	 	 	 	 	 	 
154	1261.50000	342.00000	 	 	 	 	 	 	 	 	 	 
155	1261.50000	342.00000	 	 	 	 	 	 	 	280.40161	463.00061	*
156	1263.00000	340.50000	 	 	 	 	 	 	 	 	 	 
157	1261.50000	343.50000	 	 	 	 	 	 	 	 	 	 
158	1263.00000	343.50000	 	 	 	 	 	 	 	258.00000	453.00000	*
159	1263.00000	343.50000	 	 	 	 	 	 	 	255.00000	451.50000	 
160	1263.00000	342.00000	 	 	 	 	 	 	 	 	 	 
161	1263.00000	342.00000	 	 	 	 	 	 	 	 	 	 
162	1264.50000	342.00000	 	 	 	 	 	 	 	259.50000	451.50000	*
163	1264.50000	340.50000	 	 	 	 	 	 	 	 	 	 
164	1263.00000	340.50000	 	 	 	 	 	 	 	259.50000	453.00000	*
165	1261.50000	340.50000	 	 	 	 	 	 	 	261.00000	453.00000	 
166	1261.50000	339.00000	 	 	 	 	 	 	 	 	 	 
167	1261.50000	340.50000	 	 	 	 	 	 	 	 	 	 
168	1261.50000	339.00000	 	 	 	 	 	 	 	 	 	 
169	1263.00000	337.50000	 	 	 	 	 	 	 	261.00000	454.50000	*
170	1261.50000	337.50000	 	 	 	 	 	 	 	 	 	 
171	1260.00000	337.50000	 	 	 	 	 	 	 	 	 	 
172	1261.50000	339.00000	 	 	 	 	 	 	 	 	 	 
173	1261.50000	337.50000	 	 	 	 	 	 	 	283.21811	443.32296	*
174	1261.50000	339.00000	 	 	 	 	 	 	 	 	 	 
175	1261.50000	340.50000	 	 	 	 	 	 	 	 	 	 
176	1261.50000	337.50000	 	 	 	 	 	 	 	 	 	 
177	1261.50000	337.50000	 	 	 	 	 	 	 	271.60086	436.35627	*
178	1261.50000	339.00000	 	 	 	 	 	 	 	269.81595	435.78973	 
179	1263.00000	339.00000	 	 	 	 	 	 	 	270.19357	436.50627	 
180	1261.50000	337.50000	 	 	 	 	 	 	 	267.72241	436.61295	 
181	1261.50000	337.50000	 	 	 	 	 	 	 	264.12191	437.32286	 
182	1260.00000	337.50000	 	 	 	 	 	 	 	 	 	 
183	1260.00000	337.50000	 	 	 	 	 	 	 	 	 	 
184	1261.50000	339.00000	 	 	 	 	 	 	 	265.50000	460.50000	*
185	1260.00000	337.50000	 	 	 	 	 	 	 	 	 	 
186	1258.50000	340.50000	 	 	 	 	 	 	 	 	 	 
187	1261.50000	336.00000	 	 	 	 	 	 	 	 	 	 
188	1261.50000	336.00000	 	 	 	 	 	 	 	 	 	 
189	1261.50000	337.50000	 	 	 	 	 	 	 	 	 	 
190	1261.50000	336.00000	 	 	 	 	 	 	 	 	 	 
191	1258.50000	337.50000	 	 	 	 	 	 	 	 	 	 
192	1255.50000	336.00000	 	 	 	 	 	 	 	 	 	 
193	1257.00000	336.00000	 	 	 	 	 	 	 	 	 	 
194	1257.00000	340.50000	 	 	 	 	 	 	 	 	 	 
195	1255.50000	339.00000	 	 	 	 	 	 	 	 	 	 
196	1255.50000	340.50000	 	 	 	 	 	 	 	 	 	 
197	1254.00000	339.00000	 	 	 	 	 	 	 	 	 	 
198	1254.00000	339.00000	 	 	 	 	 	 	 	 	 	 
199	1254.00000	337.50000	 	 	 	 	 	 	 	 	 	 
200	1255.50000	337.50000	 	 	 	 	 	 	 	 	 	 
201	1257.00000	339.00000	 	 	 	 	 	 	 	244.32938	454.49466	 
202	1255.50000	339.00000	 	 	 	 	 	 	 	246.24111	457.60727	 
203	1257.00000	340.50000	 	 	 	 	 	 	 	 	 	 
204	1257.00000	340.50000	 	 	 	 	 	 	 	 	 	 
205	1255.50000	339.00000	 	 	 	 	 	 	 	246.16355	459.27892	*
206	1258.50000	339.00000	 	 	 	 	 	 	 	245.92719	459.31529	 
207	1257.00000	337.50000	 	 	 	 	 	 	 	 	 	 
208	1255.50000	339.00000	 	 	 	 	 	 	 	 	 	 
209	1258.50000	337.50000	 	 	 	 	 	 	 	 	 	 
210	1255.50000	337.50000	 	 	 	 	 	 	 	245.21832	455.14969	*
211	1257.00000	336.00000	 	 	 	 	 	 	 	 	 	 
212	1258.50000	339.00000	 	 	 	 	 	 	 	 	 	 
213	1260.00000	342.00000	 	 	 	 	 	 	 	256.50000	460.50000	*
214	1255.50000	342.00000	 	 	 	 	 	 	 	 	 	 
215	1258.50000	340.50000	 	 	 	 	 	 	 	256.50000	460.50000	*
216	1257.00000	342.00000	 	 	 	 	 	 	 	246.21244	454.29209	 
217	1257.00000	340.50000	 	 	 	 	 	 	 	246.93552	453.06726	 
218	1257.00000	340.50000	 	 	 	 	 	 	 	245.61610	454.50109	 
219	1257.00000	340.50000	 	 	 	 	 	 	 	246.49892	452.72989	 
220	1260.00000	342.00000	 	 	 	 	 	 	 	246.32417	453.78761	 
221	1257.00000	342.00000	 	 	 	 	 	 	 	245.62295	455.21023	 
222	1258.50000	340.50000	 	 	 	 	 	 	 	 	 	 
223	1257.00000	340.50000	 	 	 	 	 	 	 	265.50000	456.00000	*
224	1258.50000	337.50000	 	 	 	 	 	 	 	 	 	 
225	1258.50000	340.50000	 	 	 	 	 	 	 	 	 	 
226	1260.00000	342.00000	 	 	 	 	 	 	 	 	 	 
227	1258.50000	340.50000	 	 	 	 	 	 	 	 	 	 
228	1257.00000	339.00000	 	 	 	 	 	 	 	265.50000	456.00000	*
229	1257.00000	340.50000	 	 	 	 	 	 	 	 	 	 
230	1257.00000	337.50000	 	 	 	 	 	 	 	 	 	 
231	1258.50000	337.50000	 	 	 	 	 	 	 	 	 	 
232	1260.00000	337.50000	 	 	 	 	 	 	 	 	 	 
233	1258.50000	340.50000	 	 	 	 	 	 	 	 	 	 
234	1258.50000	337.50000	 	 	 	 	 	 	 	 	 	 
235	1260.00000	337.50000	 	 	 	 	 	 	 	 	 	 
236	1261.50000	337.50000	 	 	 	 	 	 	 	 	 	 
237	1263.00000	336.00000	 	 	 	 	 	 	 	 	 	 
238	1264.50000	336.00000	 	 	 	 	 	 	 	 	 	 
239	1264.50000	339.00000	 	 	 	 	 	 	 	 	 	 
240	1266.00000	337.50000	 	 	 	 	 	 	 	 	 	 

Track 	Length	Distance traveled	Nr of Frames
1	459.59277	52.58564	228
2	33.12417	7.71656	15
3	41.20575	27.84006	11
4	275.87468	4.74342	44
