Frame	X2	Y2	Flag2	X3	Y3	Flag3	X4	Y4	Flag4	X5	Y5	Flag5	X1	Y1	Flag1
1	-38.3346	28.8540	0	28.4762	-15.2686	0	15.0318	27.4664	0	32.2338	33.0908	0	-22.2573	18.7350	0
2	-38.3112	28.6063	0	28.5248	-15.3457	0	15.0426	27.2901	0	32.3157	32.7669	0	-22.2644	18.6427	0
3	-38.5900	28.3635	0	28.4885	-15.4458	0	15.0824	27.2384	0	32.3567	32.7958	0	-22.4051	18.5321	0
4	-38.7047	28.3800	0	28.5048	-15.5068	0	15.1351	27.3500	0	32.2969	32.8715	0	-22.3885	18.6371	0
5	-38.7367	28.2215	0	28.5663	-15.6951	0	15.1085	27.2980	0	32.2272	32.9232	0	-22.2882	18.6768	0
6	-38.7609	28.0384	0	28.4789	-15.7039	0	15.0376	27.4142	0	32.1181	32.9980	0	-22.2523	18.4574	0
7	-38.7476	27.8948	0	28.6098	-15.6760	0	14.9253	27.2045	0	32.1854	33.1273	0	-22.3691	18.4744	0
8	-38.5839	27.8956	0	28.5611	-15.6496	0	14.8347	27.2399	0	32.0736	33.2247	0	-22.1891	18.4564	0
9	-38.4678	27.9143	0	28.5319	-15.8065	0	14.8776	27.2907	0	31.9691	33.2128	0	-22.1898	18.3241	0
10	-38.4350	27.9078	0	28.5172	-15.8299	0	15.0274	27.3250	0	31.8707	33.0674	0	-22.0759	18.2605	0
11	-38.1830	27.8826	0	28.5861	-15.9240	0	15.0038	27.4079	0	31.8091	33.1650	0	-22.2962	18.2113	0
12	-38.1673	28.1747	0	28.6595	-15.9094	0	14.9245	27.3157	0	31.6697	33.0363	0	-22.4590	18.2315	0
13	-38.1797	28.2676	0	28.6951	-16.0952	0	14.7877	27.3245	0	31.7914	33.0138	0	-22.5116	18.2749	0
14	-38.0932	28.1906	0	28.7734	-16.1831	0	14.7930	27.3521	0	31.8537	33.0497	0	-22.6148	18.3444	0
15	-38.0742	28.1288	0	28.7656	-16.2286	0	14.8140	27.3560	0	31.8556	33.2141	0	-22.6383	18.2650	0
16	-38.0541	28.0913	0	28.8500	-16.1769	0	14.7050	27.3168	0	31.8113	33.3815	0	-22.7715	18.2867	0
17	-38.0872	28.2112	0	28.8177	-16.1852	0	14.6054	27.2662	0	31.8508	33.3238	0	-22.7673	18.3998	0
18	-37.9543	28.3633	0	28.7671	-16.0888	0	14.7829	27.5359	0	31.5807	33.2315	0	-22.8374	18.4051	0
19	-38.0007	28.3399	0	28.7276	-16.3562	0	14.7954	27.4378	0	31.5290	33.0015	0	-22.8064	18.2070	0
20	-38.0124	28.1531	0	28.8425	-16.4230	0	14.7139	27.3828	0	31.4991	32.9804	0	-22.6889	17.9346	0
21	-37.8501	28.4615	0	29.0437	-16.3834	0	14.5760	27.7253	0	31.6202	33.1859	0	-22.7428	17.9212	0
22	-37.9682	28.4062	0	29.1041	-16.2888	0	14.4294	27.7983	0	31.5386	33.3558	0	-22.8887	17.8750	0
23	-37.8296	28.1795	0	29.0960	-16.5155	0	14.5547	27.6907	0	31.4072	33.0768	0	-22.7682	17.6644	0
24	-37.9160	28.4219	0	29.1748	-16.3511	0	14.5317	27.8807	0	31.3117	33.2344	0	-22.6326	17.7550	0
25	-37.7784	28.6394	0	29.1848	-16.1705	0	14.4488	27.9246	0	31.3130	33.2105	0	-22.6860	17.8598	0
26	-37.6795	28.3472	0	29.2209	-16.5545	0	14.2980	27.7171	0	31.3079	33.1335	0	-22.8271	17.6844	0
27	-37.5164	28.2384	0	29.2536	-16.6594	0	14.4380	27.7457	0	31.2924	33.1885	0	-22.6721	17.5805	0
28	-37.4805	28.6424	0	29.2617	-16.7295	0	14.4878	27.9565	0	31.2437	33.1112	0	-22.5031	17.4361	0
29	-37.3787	28.5224	0	29.2440	-16.9018	0	14.6342	27.9327	0	31.1755	32.9314	0	-22.5481	17.7660	0
30	-37.3922	28.5451	0	29.2747	-17.0086	0	14.7404	27.9337	0	31.3976	33.0083	0	-22.5957	17.7198	0
31	-37.1293	28.7971	0	29.2433	-16.9297	0	14.8548	28.1106	0	31.4739	33.0193	0	-22.5626	17.6841	0
32	-37.0707	28.7906	0	29.2058	-16.8830	0	14.6390	27.9255	0	31.6912	32.8826	0	-22.5129	17.7085	0
33	-37.3000	28.6171	0	29.1954	-16.9389	0	14.6366	27.8200	0	31.7349	32.7457	0	-22.7870	17.8991	0
34	-37.1698	28.4660	0	29.1976	-16.8031	0	14.7599	27.9763	0	31.5987	32.6992	0	-22.9860	18.2006	0
35	-37.2765	28.3980	0	29.1389	-16.6962	0	14.8600	28.0360	0	31.7027	32.6362	0	-23.0000	18.1293	0
36	-37.5412	28.2574	0	29.2523	-16.6925	0	14.6623	27.8909	0	31.6613	32.7707	0	-22.9132	18.1277	0
37	-37.5783	28.2614	0	29.3045	-16.6217	0	14.5443	27.7818	0	31.4840	32.9377	0	-22.8271	18.1659	0
38	-37.3687	28.1716	0	29.3548	-16.7745	0	14.6497	27.8299	0	31.5471	32.9126	0	-22.8359	18.0986	0
39	-37.4176	28.2417	0	29.3316	-16.7925	0	14.5763	27.9152	0	31.6218	32.6776	0	-22.8699	18.1066	0
40	-37.4587	28.2014	0	29.3177	-16.9517	0	14.8154	28.0724	0	31.5794	32.6504	0	-22.8414	18.1710	0
41	-37.4490	28.2855	0	29.3778	-16.7788	0	14.9844	28.0630	0	31.5977	32.5732	0	-22.7246	18.3809	0
42	-37.5510	28.2116	0	29.3908	-16.8103	0	14.9480	28.1168	0	31.5322	32.5176	0	-22.5742	18.2466	0
43	-37.2950	28.1261	0	29.4931	-16.8079	0	14.8949	28.0887	0	31.6339	32.6407	0	-22.4364	18.1949	0
44	-37.3184	28.0395	0	29.5133	-16.9405	0	15.0464	27.9356	0	31.6368	32.5619	0	-21.9345	18.2589	0
45	-37.3068	27.9762	0	29.5401	-16.9370	0	15.1176	28.0062	0	31.5655	32.4178	0	-21.9681	18.2223	0
46	-37.2090	28.0422	0	29.5081	-16.9925	0	15.0100	27.9616	0	31.6801	32.3965	0	-21.9683	18.1466	0
47	-37.0484	27.8616	0	29.5490	-16.9853	0	15.1135	28.1942	0	31.7693	32.3992	0	-21.8666	18.3265	0
48	-36.8354	27.9933	0	29.4644	-16.9751	0	15.2720	28.3732	0	31.7226	32.3803	0	-21.9415	18.3828	0
49	-36.8928	28.0316	0	29.4330	-17.1522	0	15.2764	28.3170	0	31.4993	32.6470	0	-22.1115	18.4799	0
50	-36.8769	27.8839	0	29.6269	-17.2265	0	15.2050	28.3754	0	31.5588	32.4727	0	-22.0706	18.3121	0
51	-36.6171	27.9609	0	29.4477	-17.1852	0	15.3565	28.6135	0	31.6102	32.2435	0	-22.0953	18.3848	0
52	-36.6381	28.0793	0	29.3673	-17.1841	0	15.2353	28.8473	0	31.8013	32.3957	0	-22.0972	18.3076	0
53	-36.6596	27.8304	0	29.3905	-17.0516	0	15.4365	28.6236	0	31.6164	32.1666	0	-22.0491	18.1612	0
54	-36.6998	27.9463	0	29.4358	-17.0198	0	15.4277	28.7996	0	31.7382	32.0588	0	-21.7875	18.1300	0
55	-36.6315	28.1232	0	29.5204	-16.9374	0	15.5861	28.9695	0	31.8103	31.9794	0	-21.7715	18.2249	0
56	-36.6794	27.9878	0	29.4166	-17.0024	0	15.4231	28.7721	0	31.7381	32.0065	0	-21.7614	18.2630	0
57	-36.7639	27.8208	0	29.3920	-16.9749	0	15.3313	28.7997	0	31.7013	31.8757	0	-21.9644	18.0868	0
58	-36.7432	27.8283	0	29.4875	-17.0142	0	15.3705	28.9355	0	31.5976	31.8431	0	-22.1115	18.1520	0
59	-36.6508	27.8316	0	29.2863	-16.9981	0	15.1699	28.8428	0	31.6830	31.8819	0	-22.0339	18.1746	0
60	-36.5061	28.0166	0	29.3065	-17.0307	0	15.4864	28.8300	0	31.4534	31.7289	0	-22.2157	18.1530	0
61	-36.4719	28.0737	0	29.2015	-16.9778	0	15.5946	28.8300	0	31.6308	31.7479	0	-22.3467	18.1668	0
62	-36.3911	28.1687	0	29.3820	-16.9655	0	15.6390	28.7837	0	31.6524	31.8360	0	-22.2736	18.1976	0
63	-36.3603	28.1443	0	29.4963	-16.8954	0	15.8327	28.7217	0	31.5020	31.9267	0	-22.3181	17.9318	0
64	-36.2998	28.2549	0	29.5203	-16.8790	0	15.9021	28.8001	0	31.3807	32.0490	0	-22.2904	18.0052	0
65	-36.4828	28.1007	0	29.3552	-16.8645	0	16.0708	28.5053	0	31.3922	31.8207	0	-22.1796	18.0889	0
66	-36.5994	28.2481	0	29.4205	-16.7340	0	16.0337	28.4595	0	31.0709	31.5759	0	-22.2264	18.1268	0
67	-36.5639	28.2170	0	29.2877	-16.7519	0	15.8976	28.3971	0	31.1688	31.5857	0	-22.3133	18.3610	0
68	-36.4923	28.0760	0	28.8025	-16.7456	0	15.8046	28.3340	0	31.0950	31.6108	0	-22.3111	18.4499	0
69	-36.5897	28.2205	0	28.5780	-16.5403	0	15.8483	28.2978	0	31.3463	31.8207	0	-22.1988	18.4228	0
70	-36.9263	28.1155	0	28.5950	-16.4946	0	15.7894	28.3105	0	31.3922	32.0502	0	-22.1355	18.2319	0
71	-37.1150	28.2673	0	28.8025	-16.6426	0	15.9625	28.6784	0	31.3304	32.0772	0	-22.0568	18.2600	0
72	-37.1051	28.2139	0	28.5630	-16.6228	0	15.9501	28.7230	0	31.2483	31.9925	0	-21.9542	18.2661	0
73	-37.1644	28.1786	0	28.5162	-16.7779	0	16.0209	28.8723	0	31.3746	31.9989	0	-21.8711	18.1656	0
74	-37.1495	28.1842	0	28.6553	-16.9159	0	16.1038	29.0396	0	31.4534	31.8360	0	-21.9274	18.2336	0
75	-37.1748	28.1900	0	28.7706	-17.0119	0	16.1141	28.8295	0	31.4393	31.7718	0	-21.8347	18.2599	0
76	-37.2370	28.1679	0	28.7494	-17.0283	0	16.2006	28.8732	0	31.4247	31.7832	0	-21.7075	18.4831	0
77	-37.3233	28.1580	0	28.5105	-17.0720	0	16.2007	28.8769	0	31.2851	32.0808	0	-21.7839	18.4263	0
78	-37.2875	28.1560	0	28.4803	-16.9526	0	16.1103	28.8145	0	31.3648	31.9333	0	-21.7968	18.3405	0
79	-37.2981	28.3939	0	28.5009	-16.9022	0	16.2006	28.9598	0	31.3057	31.9957	0	-21.6776	18.1475	0
80	-37.3161	28.3384	0	28.7338	-17.0548	0	16.1398	28.9430	0	31.2863	32.0117	0	-21.7651	18.2739	0
81	-37.3213	28.0296	0	28.7776	-17.0492	0	16.1136	28.9759	0	31.4460	32.0221	0	-21.7874	18.2315	0
82	-37.3367	28.0051	0	28.7478	-16.9021	0	16.2267	29.0301	0	31.4735	32.0630	0	-21.6794	18.1428	0
83	-37.3673	27.8865	0	28.8545	-16.9113	0	16.3181	29.1482	0	31.5213	32.0220	0	-21.6965	18.1635	0
84	-37.3296	28.0852	0	28.8747	-16.7800	0	16.1909	29.0802	0	31.5729	32.2067	0	-21.7472	18.2006	0
85	-37.3213	28.2185	0	28.8177	-16.7880	0	16.1932	29.1208	0	31.7029	32.1114	0	-21.8110	18.2525	0
86	-37.2116	28.2388	0	28.9150	-16.6942	0	16.0065	29.1374	0	31.6425	32.0152	0	-22.0101	18.3346	0
87	-37.1803	28.3621	0	28.9826	-16.6711	0	15.9238	28.9198	0	31.7052	31.9845	0	-22.0992	18.4709	0
88	-37.2370	28.3026	0	28.8317	-16.6555	0	16.0084	28.8460	0	31.7116	32.0249	0	-22.0624	18.4835	0
89	-37.2585	28.4259	0	28.7825	-16.6461	0	15.9938	29.0650	0	31.9040	31.8702	0	-22.2729	18.4592	0
90	-37.3804	28.4860	0	28.8045	-16.8000	0	15.8457	29.1619	0	31.9090	31.8725	0	-22.2594	18.4316	0
91	-37.3006	28.3909	0	28.8148	-16.9049	0	15.6640	29.1601	0	31.8627	31.8688	0	-22.2126	18.4301	0
92	-37.1363	28.4304	0	28.9610	-17.1241	0	15.5717	29.2272	0	31.8919	31.8123	0			
93	-37.0903	28.5444	0	29.0300	-17.0846	0	15.5422	29.3472	0	32.0018	31.9530	0			
94	-37.0027	28.5988	0	28.9415	-16.9831	0	15.4819	29.4108	0	31.8748	31.8325	0			
95	-36.9731	28.7277	0	28.8509	-16.9302	0	15.4070	29.4826	0	31.8736	31.7701	0			
96	-36.8651	28.7725	0	28.9784	-17.1344	0	15.4413	29.5331	0	31.9851	31.7344	0			
97	-36.7278	28.8651	0	29.0128	-17.0542	0	15.3905	29.6500	0	32.1536	31.7186	0			
98	-36.6356	28.9550	0	28.9903	-17.0617	0	15.2510	29.7380	0	32.1382	31.5635	0			
99	-36.6357	29.0345	0	29.1024	-16.9992	0	15.2894	29.6530	0	32.2112	31.6178	0			
100	-36.6707	29.1371	0	29.0103	-17.0966	0	15.2865	29.6055	0	32.0487	31.4535	0			
101	-36.6994	29.0796	0	29.2551	-17.1361	0	15.4481	29.7502	0	31.8936	31.4932	0			
102	-36.8248	29.1933	0	29.3990	-17.1634	0	15.3584	29.7359	0	31.9153	31.3895	0			
103	-37.0274	29.2873	0	29.4264	-17.2481	0	15.2215	29.8349	0	31.9764	31.3470	0			
104	-37.0811	29.2359	0	29.2516	-17.0546	0	15.1724	29.9120	0	32.2797	31.4228	0			
105	-37.1917	29.3130	0	29.3026	-16.9936	0	15.0729	29.9992	0	32.4787	31.5606	0			
106	-37.2485	29.2307	0	29.3104	-16.7653	0	15.1401	29.8905	0	32.3477	31.5004	0			
107	-37.4369	29.2637	0	29.1460	-16.8487	0	15.0318	29.8689	0	32.4040	31.4698	0			
108	-37.4198	29.3701	0	29.2231	-16.8120	0	15.0998	29.7833	0	32.1655	31.4945	0			
109	-37.4652	29.5424	0	29.3300	-16.7959	0	15.1070	29.8959	0						
110	-37.4663	29.4131	0	29.3163	-16.7719	0	15.2216	29.9362	0						
111	-37.5645	29.3487	0	29.1759	-16.9298	0	15.4648	29.9325	0						
112	-37.5494	29.4112	0	29.0883	-16.8898	0									
113	-37.3213	29.4551	0	29.0601	-16.9689	0									
114	-37.1812	29.2699	0												
115	-37.1094	29.3995	0												
116	-37.0973	29.3162	0												
117	-37.2497	29.4354	0												
118	-37.2950	29.3291	0												
119	-37.2596	29.2835	0												
