Frame	X1	Y1	Flag1	X3	Y3	Flag3	X2	Y2	Flag2
1	-38.0455	-15.6701	0	-22.5445	30.3244	0	-26.0518	11.7137	0
2	-37.9854	-15.5453	0	-22.4492	30.2768	0	-25.9633	11.8531	0
3	-38.0431	-15.7092	0	-22.5376	30.1512	0	-26.0414	11.7292	0
4	-38.0275	-15.7146	0	-22.6097	30.2794	0	-25.9327	11.7774	0
5	-37.8875	-15.5732	0	-22.6799	30.3278	0	-26.0422	11.7612	0
6	-37.9025	-15.7091	0	-22.6592	30.2995	0	-26.1677	11.7678	0
7	-37.8892	-15.6859	0	-22.5342	30.3845	0	-26.1986	11.7708	0
8	-37.8565	-15.6055	0	-22.3237	30.6072	0	-26.1499	11.9344	0
9	-37.8385	-15.6925	0	-22.5114	30.5564	0	-26.2396	11.8714	0
10	-37.6830	-15.4855	0	-22.4552	30.4936	0	-26.1222	11.7822	0
11	-37.6130	-15.5759	0	-22.3647	30.6925	0	-26.0102	11.8925	0
12	-37.5666	-15.6030	0	-22.3753	30.7090	0	-26.0660	11.8400	0
13	-37.5731	-15.4119	0	-22.2741	30.6355	0	-25.9907	11.5520	0
14	-37.6498	-15.3870	0	-22.1095	30.6089	0	-25.8368	11.4332	0
15	-37.4823	-15.3698	0	-22.0530	30.7498	0	-25.8918	11.4605	0
16	-37.6052	-15.3814	0	-21.8769	30.7067	0	-25.8193	11.2616	0
17	-37.7157	-15.3110	0	-21.6412	30.7992	0	-26.0313	11.2788	0
18	-37.5931	-15.1262	0	-21.8202	30.7960	0	-26.0761	11.1949	0
19	-37.6664	-15.2611	0	-21.8201	30.7983	0	-26.1035	11.0390	0
20	-37.6166	-15.0763	0	-21.7984	30.7055	0	-26.0174	11.0691	0
21	-37.7581	-15.1970	0	-21.7207	30.7531	0	-25.9503	11.1535	0
22	-37.8158	-15.2600	0	-21.6500	30.8074	0	-25.9325	11.1057	0
23	-37.7759	-15.3076	0	-21.6271	30.8244	0	-25.9544	11.1010	0
24	-37.7081	-15.2444	0	-21.8449	30.4875	0	-25.8604	11.1049	0
25	-37.8602	-15.1373	0	-21.7888	30.5253	0	-25.8022	11.0562	0
26	-37.9229	-15.2080	0	-21.7982	30.5633	0	-25.7859	11.0657	0
27	-38.0502	-15.3513	0	-21.7741	30.5785	0	-25.8358	11.0368	0
28	-38.0521	-15.1664	0	-21.7717	30.6024	0	-25.8916	10.9990	0
29	-38.1195	-15.1666	0	-21.8260	30.6864	0	-25.9367	10.8032	0
30	-38.1941	-15.3747	0	-21.8067	30.6968	0	-26.0588	10.7191	0
31	-38.3842	-15.4539	0	-21.6825	30.6579	0	-26.0106	10.6810	0
32	-38.4369	-15.5111	0	-21.6622	30.7699	0	-26.0598	10.7213	0
33	-38.3757	-15.4095	0	-21.7674	30.6312	0	-25.8404	10.7275	0
34	-38.4128	-15.3610	0	-21.5900	30.5932	0	-25.9292	10.4796	0
35	-38.2196	-15.4323	0	-21.5392	30.4816	0	-25.9859	10.3137	0
36	-38.2091	-15.4442	0	-21.4716	30.4354	0	-26.0481	10.4208	0
37	-38.1957	-15.5367	0	-21.3522	30.5946	0	-26.1367	10.5579	0
38	-38.0412	-15.4988	0	-21.2477	30.6567	0	-25.9168	10.5643	0
39	-38.1309	-15.4629	0	-21.1019	30.6504	0	-25.7035	10.6098	0
40	-38.0975	-15.3316	0	-21.3911	30.6653	0	-25.6509	10.6775	0
41	-38.1064	-15.3079	0	-21.4537	30.7260	0	-25.7069	10.6511	0
42	-38.2234	-15.2311	0	-21.4325	30.6824	0	-25.6087	10.6754	0
43	-38.1932	-15.1242	0	-21.5286	30.7340	0	-25.6868	10.7299	0
44	-38.0447	-15.2227	0	-21.5327	30.7754	0	-25.6331	10.6072	0
45	-38.0509	-15.2110	0	-21.5161	30.7624	0	-25.7731	10.6549	0
46	-38.1025	-15.2818	0	-21.5831	30.7961	0	-25.7226	10.7145	0
47	-38.0958	-15.3078	0	-21.5315	30.8106	0	-25.7691	10.9388	0
48	-37.9418	-15.3783	0	-21.5742	30.8075	0	-25.7004	10.7792	0
49	-37.9634	-15.5068	0	-21.5214	30.6012	0	-25.7638	10.5937	0
50	-37.9529	-15.5684	0	-21.5504	30.5884	0	-25.7127	10.4763	0
51	-37.9749	-15.4474	0	-21.7228	30.5558	0	-25.5974	10.5286	0
52	-38.0549	-15.3970	0	-21.8927	30.4286	0	-25.6017	10.3568	0
53	-38.0564	-15.3409	0	-21.8317	30.3707	0	-25.6540	10.3219	0
54	-38.1610	-15.2043	0	-21.6622	30.4659	0	-25.6891	10.2048	0
55	-38.2078	-15.2936	0	-21.4883	30.4717	0	-25.7354	10.2801	0
56	-38.2881	-15.3526	0	-21.4543	30.3114	0	-25.7116	10.2662	0
57	-38.3075	-15.3235	0	-21.4697	30.2765	0	-25.7150	10.2907	0
58	-38.3499	-15.3911	0	-21.4997	30.2798	0	-25.7924	10.2431	0
59	-38.3218	-15.4974	0	-21.7213	30.3719	0	-25.8674	10.1758	0
60	-38.2810	-15.4389	0	-21.7880	30.3933	0	-25.9002	10.1679	0
61	-38.4113	-15.3545	0	-21.8088	30.4386	0	-25.8918	10.1402	0
62	-38.2714	-15.4340	0	-21.7672	30.3928	0	-25.7837	10.0615	0
63	-38.3801	-15.5146	0	-21.6061	30.2280	0	-25.8732	10.1466	0
64	-38.2934	-15.4541	0	-21.6293	30.1703	0	-25.7452	10.0994	0
65	-38.2548	-15.4423	0	-21.4932	30.2292	0	-25.8914	10.2859	0
66	-38.3214	-15.3449	0	-21.3535	30.1151	0	-25.8665	10.2083	0
67	-38.3169	-15.2843	0	-21.3142	30.3826	0	-25.7636	10.3142	0
68	-38.2868	-15.2564	0	-21.2782	30.2181	0	-25.7887	10.4515	0
69	-38.1493	-15.3015	0	-21.3453	30.1083	0	-25.8147	10.4058	0
70	-38.0652	-15.3217	0	-21.0853	30.4215	0	-25.7029	10.4908	0
71	-38.0432	-15.2963	0	-21.0608	30.5039	0	-25.6505	10.4000	0
72	-38.2085	-15.2793	0	-20.9791	30.3280	0	-25.6361	10.3850	0
73	-38.1708	-15.2941	0	-20.9176	30.5867	0	-25.5825	10.4775	0
74	-38.1846	-15.3121	0	-20.8665	30.2171	0	-25.6061	10.4694	0
75	-38.1456	-15.2797	0	-20.8187	30.2206	0	-25.6026	10.3120	0
76	-38.0919	-14.9314	0	-20.8653	29.9597	0	-25.5792	10.4998	0
77	-38.0181	-15.0655	0	-20.9707	29.9704	0	-25.5462	10.5916	0
78	-37.9929	-15.2070	0	-20.8789	29.7708	0	-25.4856	11.1476	0
79	-37.8548	-14.8983	0	-21.0301	29.5770	0	-25.5289	10.9964	0
80	-37.8076	-14.8277	0	-20.8209	29.7327	0	-25.4764	10.8481	0
81	-37.9356	-14.9870	0	-20.7238	29.8165	0	-25.6294	10.7622	0
82	-37.7382	-14.6700	0	-20.5818	29.7601	0	-25.6510	10.8701	0
83	-37.7963	-14.7367	0	-20.6442	29.6668	0	-25.5994	10.7378	0
84	-37.7820	-14.7819	0	-20.6142	29.6183	0	-25.5961	10.9403	0
85	-37.7923	-14.7747	0	-20.6452	29.6855	0	-25.5253	10.9329	0
86	-37.9083	-14.8679	0	-20.4457	29.4718	0	-25.6570	10.9364	0
87	-37.8702	-14.7042	0	-20.4348	29.6485	0	-25.4774	10.6861	0
88	-37.7339	-14.7783	0	-20.5090	29.7507	0	-25.6165	10.3830	0
89	-37.6175	-14.6341	0	-20.4257	29.7274	0	-25.6249	10.5298	0
90	-37.5667	-14.6712	0	-20.3263	29.7294	0	-25.6562	10.5243	0
91	-37.5437	-14.5806	0	-20.3169	29.9984	0	-25.7097	10.4323	0
92	-37.4940	-14.3817	0	-20.4375	29.7115	0	-25.7606	10.3873	0
93	-37.7478	-14.3012	0	-20.4864	29.6169	0	-25.8116	10.7015	0
94	-37.7372	-14.3359	0	-20.4173	29.6681	0	-25.8936	10.5259	0
95	-37.6753	-14.2397	0	-20.5261	29.6513	0	-25.9624	10.5924	0
96	-37.6448	-14.0559	0	-20.5334	29.7076	0	-25.9512	10.5269	0
97	-37.7227	-14.1792	0	-20.5821	29.7208	0	-25.9994	10.6640	0
98	-37.6899	-13.9194	0	-20.6588	29.6868	0	-25.9014	10.7027	0
99	-37.7158	-13.8675	0	-20.6094	29.6362	0	-25.8094	10.6502	0
100	-37.7897	-13.8576	0	-20.5731	29.6330	0	-25.7254	10.4800	0
101	-38.0038	-13.7492	0	-20.5694	29.6789	0	-25.5977	10.7456	0
102	-37.9665	-13.5569	0	-20.5323	29.6094	0	-25.6381	10.8492	0
103	-37.9697	-13.5664	0	-20.4687	29.6434	0	-25.6939	10.6415	0
104	-37.8536	-13.4131	0	-20.4711	29.4763	0	-25.6084	10.6687	0
105	-37.8272	-13.2907	0	-20.3850	29.4080	0	-25.5286	10.7473	0
106	-37.9920	-13.2979	0	-20.5803	29.4659	0	-25.4222	10.6158	0
107	-38.0345	-13.3019	0	-20.5764	29.4460	0	-25.4214	10.7220	0
108	-37.9426	-13.4055	0	-20.6507	29.5109	0	-25.4994	10.9025	0
109	-37.9222	-13.5141	0	-20.5407	29.6453	0	-25.3967	10.8125	0
110	-37.9270	-13.3452	0	-20.7091	29.6229	0	-25.5484	10.6360	0
111	-37.9599	-13.3116	0	-20.4039	29.5238	0	-25.5363	10.7602	0
112	-37.8916	-13.1972	0	-20.2322	29.7471	0	-25.3815	10.8632	0
113	-37.8942	-13.0661	0	-20.2489	29.6070	0	-25.4635	10.8782	0
114	-37.7847	-12.9214	0	-20.2787	29.5777	0	-25.4889	10.9439	0
115	-37.7876	-13.0525	0	-19.9913	29.5141	0	-25.5375	11.1176	0
116	-37.7854	-13.1351	0	-19.9059	29.4254	0	-25.7200	10.9920	0
117	-37.8985	-13.1390	0	-19.8430	29.4454	0	-25.7611	10.8262	0
118	-37.8225	-13.2169	0	-19.8961	29.3623	0	-25.7117	10.6287	0
119	-37.7622	-13.2937	0	-20.0486	29.4811	0	-25.8632	10.5045	0
120	-37.7071	-13.0810	0	-20.0700	29.3549	0	-25.8953	10.4336	0
121	-37.6138	-13.1155	0	-20.2049	29.1791	0	-25.8141	10.4079	0
122	-37.8273	-13.1854	0	-19.9745	29.3177	0	-25.6756	10.2923	0
123	-37.8621	-13.0574	0	-20.0686	29.3277	0	-25.5569	10.3354	0
124	-37.7795	-13.2296	0	-20.0599	29.4585	0	-25.5232	10.3009	0
125	-37.7757	-13.3239	0	-20.1154	29.6005	0	-25.5301	10.3143	0
126	-37.6553	-13.2937	0	-20.3985	29.5394	0	-25.4397	10.3519	0
127	-37.6232	-13.1872	0	-20.3180	29.5582	0	-25.3131	10.3508	0
128	-37.7824	-13.1100	0	-20.3053	29.4444	0	-25.2239	10.4012	0
129	-37.7805	-13.2552	0	-19.9315	29.6101	0	-25.2154	10.4212	0
130	-37.8391	-13.1074	0	-20.0187	29.4089	0	-25.2199	10.5277	0
131	-37.7726	-13.0094	0	-20.0089	29.5238	0	-25.1337	10.4131	0
132	-37.8260	-13.0755	0	-20.1485	29.5483	0	-25.1672	10.3660	0
133	-38.0332	-13.0923	0	-20.1116	29.6157	0	-25.2561	10.4131	0
134	-38.2124	-13.2585	0	-20.2268	29.6939	0	-25.2032	10.3525	0
135	-38.2593	-13.3237	0	-20.2640	29.7870	0	-25.2862	10.3458	0
136	-38.3730	-13.1203	0	-20.1735	29.8328	0	-25.2556	10.4136	0
137	-38.1681	-13.2080	0	-20.1772	29.9122	0	-25.4439	10.2602	0
138	-38.3181	-13.2199	0	-19.9401	29.6496	0	-25.3892	10.2314	0
139	-38.1296	-13.0270	0	-19.8701	29.8045	0	-25.3877	10.1578	0
140	-38.2260	-13.2465	0	-20.0063	29.7944	0	-25.5203	10.1227	0
141	-38.2050	-13.2278	0	-20.2493	29.7814	0	-25.4929	10.1942	0
142	-38.2706	-13.1963	0	-20.2665	29.7814	0	-25.6077	10.2482	0
143	-38.2474	-13.0876	0	-20.3667	29.6270	0	-25.6841	10.2710	0
144	-38.0751	-13.0507	0	-20.3333	29.5112	0	-25.6708	10.2907	0
145	-38.4353	-12.9171	0	-20.4016	29.3347	0	-25.6756	10.4355	0
146	-38.4405	-12.7917	0	-20.4538	29.3775	0	-25.6315	10.3794	0
147	-38.4993	-12.7001	0	-20.4662	29.3604	0	-25.5578	10.3394	0
148	-38.4818	-12.5434	0	-20.4236	29.3857	0	-25.5097	10.3566	0
149	-38.3933	-12.5735	0	-20.4136	29.3978	0	-25.5987	10.3714	0
150	-38.3997	-12.7746	0	-20.2462	29.3757	0	-25.5605	10.2897	0
151	-38.3174	-12.8174	0	-20.1664	29.3410	0	-25.6796	10.2139	0
152	-38.2024	-12.8145	0	-20.1164	29.2828	0	-25.4856	10.3978	0
153	-38.1230	-12.7303	0	-19.9288	29.2454	0	-25.5622	10.3174	0
154	-37.8481	-12.6837	0	-19.9680	29.3171	0	-25.6677	10.3890	0
155	-37.8982	-12.5524	0	-20.0506	29.4762	0	-25.6903	10.3501	0
156	-38.0134	-12.4737	0	-20.0922	29.4863	0	-25.6964	10.4951	0
157	-37.9811	-12.4003	0	-20.0487	29.4545	0	-25.8174	10.3906	0
158	-38.0762	-12.5349	0	-19.9415	29.5752	0	-25.7695	10.4384	0
159	-38.1495	-12.6738	0	-19.8635	29.6224	0	-25.5355	10.3529	0
160	-38.0806	-12.6963	0	-19.8669	29.6211	0	-25.7098	10.2409	0
161	-38.0786	-12.4674	0	-20.0089	29.7643	0	-25.5468	9.9234	0
162	-38.1574	-12.4279	0	-19.8543	29.8158	0	-25.8682	10.0152	0
163	-38.0797	-12.3044	0	-19.8789	29.7623	0	-25.7928	9.9269	0
164	-38.0285	-12.4044	0	-19.9339	29.9481	0	-25.8072	9.9144	0
165	-38.1407	-12.3085	0	-20.0133	29.8137	0	-25.8433	9.7956	0
166	-38.1004	-12.2384	0	-20.1059	29.8156	0	-25.9247	9.6357	0
167	-38.1584	-12.3215	0	-19.9842	29.8132	0	-26.0662	9.7106	0
168	-38.2737	-12.2988	0	-19.9196	29.7276	0	-26.0802	9.7995	0
169	-38.3691	-12.3104	0	-19.7955	29.7100	0	-26.1688	9.6531	0
170	-38.4703	-12.2749	0	-19.8127	29.8441	0	-26.2248	9.6052	0
171	-38.5868	-12.2899	0	-19.9926	29.6795	0	-26.1474	9.7421	0
172	-38.4737	-12.2396	0	-19.9927	29.6212	0	-26.1238	9.7255	0
173	-38.4718	-12.1603	0	-20.0328	29.6820	0	-25.9509	9.5765	0
174	-38.4895	-12.2788	0	-20.1257	29.7226	0	-25.9076	9.4922	0
175	-38.4959	-12.2632	0	-20.0915	29.7353	0	-25.8797	9.4922	0
176	-38.5332	-12.1310	0	-20.2363	29.8817	0	-25.8788	9.4184	0
177	-38.5059	-12.1798	0	-20.1142	29.7422	0	-25.8056	9.3121	0
178	-38.4759	-12.1988	0	-20.1174	29.8786	0	-25.7977	9.2531	0
179	-38.2421	-12.0878	0	-20.2493	30.0562	0	-25.7333	9.3096	0
180	-38.2856	-12.2745	0	-20.2371	30.1301	0	-25.7191	9.4057	0
181	-38.1757	-12.2579	0	-20.3352	29.9843	0	-25.6615	9.3423	0
182	-37.9666	-12.1631	0	-20.2715	29.9138	0	-25.8186	9.2354	0
183	-37.9290	-12.0960	0	-20.2377	29.9785	0	-26.0804	9.1642	0
184	-37.9806	-11.9555	0	-20.2405	29.9573	0	-26.0824	9.0712	0
185	-37.8237	-12.0145	0	-20.2181	29.7338	0	-26.0150	9.1602	0
186	-38.0502	-11.9878	0	-20.2095	29.6867	0	-25.9403	9.2018	0
187	-38.1619	-12.0990	0	-20.4133	29.6233	0	-25.8546	9.0925	0
188	-38.1183	-12.0903	0	-20.3413	29.6621	0	-25.8140	9.1643	0
189	-38.2455	-12.0200	0	-20.2676	29.7527	0	-25.8091	9.0611	0
190	-38.4084	-11.9128	0	-20.3887	29.9244	0	-25.6767	9.1560	0
191	-38.5052	-11.8594	0	-20.6313	29.8839	0	-25.5903	9.4303	0
192	-38.5273	-11.8357	0	-20.6339	29.9211	0	-25.6773	9.5042	0
193	-38.4131	-11.8653	0	-20.6505	29.8643	0	-25.6539	9.3266	0
194	-38.4365	-11.7579	0	-20.5626	29.8904	0	-25.7078	9.3676	0
195	-38.6565	-11.8197	0	-20.6275	29.8934	0	-25.8572	9.3479	0
196	-38.8228	-11.7716	0	-20.7646	29.8501	0	-25.8614	9.4741	0
197	-38.8381	-11.8766	0	-20.8009	29.8840	0	-25.6989	9.4224	0
198	-38.7927	-11.8721	0	-20.8069	29.8342	0	-25.7650	9.5596	0
199	-38.8404	-11.9152	0	-20.8189	29.7292	0	-25.7912	9.6615	0
200	-38.9043	-11.9794	0	-20.8954	29.6008	0	-25.8371	9.8327	0
201	-38.9774	-11.8891	0	-20.9885	29.6079	0	-25.8580	9.7986	0
202	-39.0993	-11.9819	0	-21.0909	29.4723	0	-25.8655	9.8634	0
203	-39.0657	-12.0658	0	-21.0444	29.2637	0	-25.8052	9.9402	0
204	-39.0078	-12.0127	0	-20.9493	29.3122	0	-26.0578	10.0140	0
205	-38.9686	-12.0935	0	-20.8891	29.3015	0	-25.9194	9.9345	0
206	-38.9442	-12.1059	0	-20.9478	29.0624	0	-26.0400	9.8438	0
207	-38.9335	-12.0972	0	-21.0460	29.4514	0	-26.0606	9.7794	0
208	-38.9100	-12.0324	0	-20.9522	29.3519	0			
209	-38.9811	-12.0732	0	-21.0473	29.2965	0			
210	-38.9134	-12.0285	0	-20.9856	29.3150	0			
211	-38.7883	-12.0280	0						
212	-38.9020	-12.0588	0						
213	-38.7770	-11.9684	0						
214	-38.8802	-12.0197	0						
215	-39.0462	-12.0603	0						
216	-39.0227	-12.0181	0						
217	-39.0381	-12.1166	0						
218	-39.1071	-12.0555	0						
219	-39.1571	-12.1790	0						
220	-39.1756	-12.1759	0						
221	-39.1643	-12.1800	0						
222	-39.1604	-12.1286	0						
223	-39.2175	-12.3501	0						
224	-39.1450	-12.2202	0						
225	-38.9894	-12.1085	0						
226	-39.0748	-12.0492	0						
227	-39.1425	-12.3011	0						
