Frame	X1	Y1	Flag1	X2	Y2	Flag2	X3	Y3	Flag3	X4	Y4	Flag4	X5	Y5	Flag5	X6	Y6	Flag6	X7	Y7	Flag7	X8	Y8	Flag8	X9	Y9	Flag9	X10	Y10	Flag10	X11	Y11	Flag11
Tracks 1 to 11
1	856.95977	799.17588	 	 	 	 	 	 	 	854.96522	798.68184	 	 	 	 	 	 	 	 	 	 	 	 	 	 	 	 	 	 	 	 	 	 
2	857.38561	798.86338	 	 	 	 	 	 	 	855.17985	798.44654	 	 	 	 	 	 	 	 	 	 	 	 	 	 	 	 	 	 	 	 	 	 
3	858.57384	800.15802	 	 	 	 	 	 	 	855.48487	799.96768	 	 	 	 	 	 	 	 	 	 	 	 	 	 	 	 	 	 	 	 	 	 
4	858.40074	798.44452	 	 	 	 	 	 	 	856.58457	798.18574	 	 	 	 	 	 	 	 	 	 	 	 	 	 	 	 	 	 	 	 	 	 
5	858.64946	797.54801	 	 	 	 	 	 	 	857.03596	797.10600	 	 	 	 	 	 	 	 	 	 	 	 	 	 	 	 	 	 	 	 	 	 
6	857.78090	798.88830	 	 	 	 	 	 	 	855.67099	798.53942	 	 	 	 	 	 	 	 	 	 	 	 	 	 	 	 	 	 	 	 	 	 
7	859.33781	798.70597	 	 	 	 	 	 	 	857.87268	798.40836	 	 	 	 	 	 	 	 	 	 	 	 	 	 	 	 	 	 	 	 	 	 
8	859.93205	798.54372	 	132.74505	277.37257	 	102.62101	281.01902	 	858.61550	798.17491	 	 	 	 	 	 	 	 	 	 	 	 	 	 	 	 	 	 	 	 	 	 
9	858.18768	797.90270	 	132.41759	276.26074	 	102.49050	281.93006	 	856.21008	797.26008	 	 	 	 	 	 	 	 	 	 	 	 	 	 	 	 	 	 	 	 	 	 
10	855.76815	798.37753	 	 	 	 	 	 	 	853.64871	797.95583	 	 	 	 	 	 	 	 	 	 	 	 	 	 	 	 	 	 	 	 	 	 
11	856.22912	796.81972	 	132.82419	278.14314	*	102.50650	281.02620	*	854.30628	796.35355	 	 	 	 	 	 	 	 	 	 	 	 	 	 	 	 	 	 	 	 	 	 
12	855.73543	796.89951	 	 	 	 	 	 	 	853.54726	796.37110	 	 	 	 	 	 	 	 	 	 	 	 	 	 	 	 	 	 	 	 	 	 
13	855.20260	798.77777	 	 	 	 	 	 	 	853.27339	798.18502	 	 	 	 	 	 	 	 	 	 	 	 	 	 	 	 	 	 	 	 	 	 
14	856.93684	798.71642	 	132.98553	277.91152	*	102.50245	281.22374	*	852.90635	797.77664	 	 	 	 	 	 	 	 	 	 	 	 	 	 	 	 	 	 	 	 	 	 
15	856.12846	798.45048	 	133.02296	276.87016	 	102.84001	281.33214	 	853.75652	797.75259	 	 	 	 	 	 	 	 	 	 	 	 	 	 	 	 	 	 	 	 	 	 
16	857.39613	794.50572	 	130.89817	268.07204	 	107.38065	286.08036	 	855.21310	793.99469	 	 	 	 	 	 	 	 	 	 	 	 	 	 	 	 	 	 	 	 	 	 
17	854.54152	798.37327	 	127.83362	269.13193	 	105.45790	287.81741	 	852.03922	797.58011	 	 	 	 	 	 	 	 	 	 	 	 	 	 	 	 	 	 	 	 	 	 
18	854.91134	798.03178	 	130.60443	274.22189	 	102.83645	284.92915	 	852.37013	797.13549	 	 	 	 	 	 	 	 	 	 	 	 	 	 	 	 	 	 	 	 	 	 
19	859.93621	794.17206	 	127.56328	268.03933	 	106.55294	288.18408	 	854.61840	793.69148	 	 	 	 	 	 	 	 	 	 	 	 	 	 	 	 	 	 	 	 	 	 
20	856.31761	794.41695	 	 	 	 	 	 	 	853.92931	793.95272	 	117.37242	273.26206	 	 	 	 	 	 	 	 	 	 	 	 	 	 	 	 	 	 	 
21	 	 	 	127.15821	270.12917	*	103.11763	286.09954	*	853.02124	797.85159	 	 	 	 	 	 	 	 	 	 	 	 	 	 	 	 	 	 	 	 	 	 
22	 	 	 	129.14141	270.31135	 	104.70401	286.24918	 	852.86360	797.63571	 	 	 	 	 	 	 	 	 	 	 	 	 	 	 	 	 	 	 	 	 	 
23	 	 	 	132.86342	277.00190	 	102.79841	281.27769	 	854.96648	797.39923	 	 	 	 	 	 	 	 	 	 	 	 	 	 	 	 	 	 	 	 	 	 
24	 	 	 	137.72547	274.44110	 	102.41181	282.61441	 	 	 	 	125.96383	279.05189	*	 	 	 	 	 	 	 	 	 	 	 	 	 	 	 	 	 	 
25	 	 	 	 	 	 	102.78193	285.37524	 	845.96463	800.52090	*	129.21788	272.90381	 	 	 	 	 	 	 	 	 	 	 	 	 	 	 	 	 	 	 
26	 	 	 	 	 	 	107.10623	288.94518	 	851.41566	798.70852	 	127.11693	267.79678	 	 	 	 	 	 	 	 	 	 	 	 	 	 	 	 	 	 	 
27	 	 	 	117.89909	274.57029	*	 	 	 	851.77865	800.79629	 	 	 	 	847.50296	799.72242	 	 	 	 	 	 	 	 	 	 	 	 	 	 	 	 
28	 	 	 	117.66870	274.32012	 	 	 	 	853.09755	800.17412	 	 	 	 	846.73340	798.92986	 	 	 	 	 	 	 	 	 	 	 	 	 	 	 	 
29	 	 	 	117.28430	274.92081	 	 	 	 	 	 	 	 	 	 	850.08411	797.74120	 	 	 	 	 	 	 	 	 	 	 	 	 	 	 	 
30	 	 	 	 	 	 	106.17075	288.74481	*	851.37641	796.62956	*	125.89933	267.64445	*	846.50778	795.37800	 	 	 	 	 	 	 	 	 	 	 	 	 	 	 	 
31	 	 	 	 	 	 	102.40696	285.51209	 	848.34413	797.08874	 	128.77658	272.55820	 	844.30084	795.88424	 	 	 	 	 	 	 	 	 	 	 	 	 	 	 	 
32	 	 	 	 	 	 	102.75935	283.61015	 	852.81425	796.03083	 	130.26888	272.75936	 	848.75609	794.89299	 	 	 	 	 	 	 	 	 	 	 	 	 	 	 	 
33	 	 	 	 	 	 	106.04125	288.65860	 	 	 	 	126.17725	267.79764	 	 	 	 	 	 	 	 	 	 	 	 	 	 	 	 	 	 	 
34	 	 	 	 	 	 	 	 	 	851.15046	800.28933	*	 	 	 	842.48199	798.29823	*	 	 	 	 	 	 	 	 	 	 	 	 	 	 	 
35	 	 	 	 	 	 	101.36770	285.66730	*	849.00256	801.34000	 	128.86807	274.20615	*	841.78395	799.17888	 	 	 	 	 	 	 	 	 	 	 	 	 	 	 	 
36	 	 	 	 	 	 	101.35443	285.90663	 	847.11083	798.15701	 	127.54145	272.28972	 	840.21574	796.80834	 	 	 	 	 	 	 	 	 	 	 	 	 	 	 	 
37	 	 	 	 	 	 	101.74459	284.74270	 	851.47908	795.22288	 	130.92315	277.26029	 	845.30939	793.86744	 	 	 	 	 	 	 	 	 	 	 	 	 	 	 	 
38	 	 	 	 	 	 	100.42121	286.25171	 	849.49903	798.04394	 	129.03098	276.49914	 	843.08030	796.30793	 	 	 	 	 	 	 	 	 	 	 	 	 	 	 	 
39	 	 	 	 	 	 	102.85920	286.09755	 	850.06602	794.10473	 	127.03665	270.28652	 	843.04157	792.92267	 	 	 	 	 	 	 	 	 	 	 	 	 	 	 	 
40	 	 	 	 	 	 	99.85656	287.13789	 	847.76576	790.50824	 	126.78616	273.55347	 	840.26141	789.43516	 	 	 	 	 	 	 	 	 	 	 	 	 	 	 	 
41	 	 	 	 	 	 	99.38254	288.68349	 	845.14415	790.01211	 	121.17110	269.23135	 	839.12402	788.92384	 	 	 	 	 	 	 	 	 	 	 	 	 	 	 	 
42	 	 	 	 	 	 	99.13331	288.20390	 	845.45968	790.43145	 	120.93980	269.08427	 	839.61428	789.33407	 	 	 	 	 	 	 	 	 	 	 	 	 	 	 	 
43	 	 	 	 	 	 	 	 	 	847.08558	788.40567	 	112.66081	273.53043	 	839.81631	787.54022	 	117.65720	302.25046	 	 	 	 	 	 	 	 	 	 	 	 	 
44	 	 	 	 	 	 	 	 	 	843.38762	789.28460	 	113.40593	274.64821	 	838.13648	788.45639	 	 	 	 	 	 	 	 	 	 	 	 	 	 	 	 
45	 	 	 	 	 	 	 	 	 	843.23948	787.66491	 	115.73266	275.01296	 	838.85026	787.98785	 	 	 	 	 	 	 	 	 	 	 	 	 	 	 	 
46	 	 	 	 	 	 	 	 	 	842.70075	788.48483	 	117.00932	276.86714	 	838.90723	788.37071	 	 	 	 	 	 	 	 	 	 	 	 	 	 	 	 
47	 	 	 	 	 	 	 	 	 	846.70118	787.15841	 	 	 	 	840.45716	786.96658	 	103.01496	287.20525	*	123.51568	267.85318	 	 	 	 	 	 	 	 	 	 
48	 	 	 	 	 	 	 	 	 	849.98360	782.28121	 	 	 	 	842.01276	783.69583	 	99.82224	287.61721	 	123.02714	269.11857	 	 	 	 	 	 	 	 	 	 
49	 	 	 	 	 	 	 	 	 	848.47618	786.82988	 	107.78102	268.62849	*	842.39426	786.70586	 	97.38600	289.12065	 	130.10907	273.93980	 	 	 	 	 	 	 	 	 	 
50	 	 	 	 	 	 	 	 	 	846.59726	786.14073	 	111.26196	274.60554	 	840.53495	786.22784	 	 	 	 	 	 	 	 	 	 	 	 	 	 	 	 
51	 	 	 	 	 	 	 	 	 	848.58070	782.31260	 	108.83459	269.01938	 	841.53010	784.63192	 	97.55852	288.88671	*	130.79119	273.97860	*	 	 	 	 	 	 	 	 	 
52	 	 	 	 	 	 	 	 	 	 	 	 	 	 	 	839.90289	785.18941	 	96.25986	289.22712	 	129.05550	272.89327	 	 	 	 	 	 	 	 	 	 
53	 	 	 	 	 	 	 	 	 	 	 	 	 	 	 	839.53462	784.33942	 	103.21448	292.02204	 	127.09713	272.30689	 	 	 	 	 	 	 	 	 	 
54	 	 	 	 	 	 	 	 	 	841.20139	785.44625	*	 	 	 	837.50160	786.58763	 	102.50107	292.79096	 	125.75019	272.37237	 	 	 	 	 	 	 	 	 	 
55	 	 	 	 	 	 	 	 	 	 	 	 	109.63365	293.12444	*	837.61502	787.19709	 	94.12871	291.76092	 	126.03268	272.93994	 	 	 	 	 	 	 	 	 	 
56	 	 	 	 	 	 	 	 	 	838.10329	769.42242	*	 	 	 	838.20656	787.45278	 	99.46326	286.35848	 	126.36337	273.46825	 	 	 	 	 	 	 	 	 	 
57	 	 	 	 	 	 	 	 	 	 	 	 	105.20601	279.15386	*	838.18364	786.95694	 	94.47628	290.67508	 	126.86526	273.69722	 	 	 	 	 	 	 	 	 	 
58	 	 	 	 	 	 	 	 	 	 	 	 	 	 	 	 	 	 	99.17791	284.77543	 	126.57122	273.87756	 	 	 	 	 	 	 	 	 	 
59	 	 	 	 	 	 	 	 	 	 	 	 	 	 	 	 	 	 	99.52766	289.42523	 	124.33184	272.97694	 	 	 	 	 	 	 	 	 	 
60	 	 	 	 	 	 	 	 	 	 	 	 	 	 	 	 	 	 	99.56945	289.56160	 	124.16819	273.06209	 	 	 	 	 	 	 	 	 	 
61	 	 	 	 	 	 	 	 	 	 	 	 	 	 	 	 	 	 	99.21330	288.06799	 	125.05061	273.54942	 	 	 	 	 	 	 	 	 	 
62	 	 	 	 	 	 	 	 	 	 	 	 	 	 	 	 	 	 	98.83862	288.27186	 	124.28335	274.21474	 	 	 	 	 	 	 	 	 	 
63	 	 	 	 	 	 	 	 	 	 	 	 	 	 	 	 	 	 	99.68016	286.50501	 	126.67540	273.41667	 	 	 	 	 	 	 	 	 	 
64	 	 	 	 	 	 	 	 	 	 	 	 	 	 	 	 	 	 	103.64104	293.24787	 	126.22943	272.37234	 	 	 	 	 	 	 	 	 	 
65	 	 	 	 	 	 	 	 	 	 	 	 	 	 	 	 	 	 	 	 	 	 	 	 	 	 	 	 	 	 	 	 	 
66	 	 	 	 	 	 	 	 	 	 	 	 	 	 	 	 	 	 	104.05745	293.80980	*	125.55884	272.35641	*	 	 	 	 	 	 	 	 	 
67	 	 	 	 	 	 	 	 	 	 	 	 	 	 	 	 	 	 	105.46486	295.27295	 	123.08974	270.40983	 	 	 	 	 	 	 	 	 	 
68	 	 	 	 	 	 	 	 	 	 	 	 	 	 	 	 	 	 	103.76924	295.26725	 	122.43824	270.45374	 	 	 	 	 	 	 	 	 	 
69	 	 	 	 	 	 	 	 	 	 	 	 	 	 	 	 	 	 	103.84913	296.01114	 	121.40730	270.65669	 	 	 	 	 	 	 	 	 	 
70	 	 	 	 	 	 	 	 	 	 	 	 	 	 	 	 	 	 	103.60558	296.30042	 	121.00224	270.86871	 	 	 	 	 	 	 	 	 	 
71	 	 	 	 	 	 	 	 	 	 	 	 	 	 	 	 	 	 	100.96041	295.27070	 	121.58620	272.26673	 	 	 	 	 	 	 	 	 	 
72	 	 	 	 	 	 	 	 	 	 	 	 	 	 	 	 	 	 	101.49568	296.23212	 	119.77906	275.33090	 	 	 	 	 	 	 	 	 	 
73	 	 	 	 	 	 	 	 	 	 	 	 	 	 	 	 	 	 	103.96636	297.28424	 	119.76135	271.09796	 	 	 	 	 	 	 	 	 	 
74	 	 	 	 	 	 	 	 	 	 	 	 	 	 	 	 	 	 	104.41948	296.66852	 	120.47141	273.85086	 	 	 	 	 	 	 	 	 	 
75	 	 	 	 	 	 	 	 	 	 	 	 	 	 	 	 	 	 	100.53790	295.64570	 	121.02751	272.52179	 	 	 	 	 	 	 	 	 	 
76	 	 	 	 	 	 	 	 	 	 	 	 	 	 	 	 	 	 	99.70757	294.98205	 	119.80232	275.93263	 	 	 	 	 	 	 	 	 	 
77	 	 	 	 	 	 	 	 	 	 	 	 	 	 	 	 	 	 	 	 	 	 	 	 	 	 	 	 	 	 	 	 	 
78	 	 	 	 	 	 	 	 	 	 	 	 	 	 	 	 	 	 	 	 	 	 	 	 	 	 	 	 	 	 	 	 	 
79	 	 	 	 	 	 	 	 	 	 	 	 	 	 	 	 	 	 	102.40866	297.16533	*	119.77429	271.83695	*	 	 	 	 	 	 	 	 	 
80	 	 	 	 	 	 	 	 	 	 	 	 	 	 	 	 	 	 	101.90608	295.91736	 	120.38799	274.82645	 	 	 	 	 	 	 	 	 	 
81	 	 	 	 	 	 	 	 	 	 	 	 	 	 	 	 	 	 	99.98242	294.20541	 	122.07123	272.58753	 	 	 	 	 	 	 	 	 	 
82	 	 	 	 	 	 	 	 	 	 	 	 	 	 	 	 	 	 	96.99279	290.80754	 	122.75055	274.79806	 	 	 	 	 	 	 	 	 	 
83	 	 	 	 	 	 	 	 	 	 	 	 	 	 	 	 	 	 	 	 	 	 	 	 	 	 	 	 	 	 	 	 	 
84	 	 	 	 	 	 	 	 	 	 	 	 	 	 	 	 	 	 	96.86903	290.84375	*	122.59056	275.15145	*	 	 	 	 	 	 	 	 	 
85	 	 	 	 	 	 	 	 	 	 	 	 	 	 	 	 	 	 	97.79577	291.33124	 	122.59556	274.02362	 	 	 	 	 	 	 	 	 	 
86	 	 	 	 	 	 	 	 	 	 	 	 	 	 	 	 	 	 	 	 	 	 	 	 	 	 	 	 	 	 	 	 	 
87	 	 	 	 	 	 	 	 	 	 	 	 	 	 	 	 	 	 	95.13868	286.11335	*	123.37911	276.96921	*	 	 	 	 	 	 	 	 	 
88	 	 	 	 	 	 	 	 	 	 	 	 	 	 	 	 	 	 	94.20440	286.89745	 	122.66606	277.13181	 	 	 	 	 	 	 	 	 	 
89	 	 	 	 	 	 	 	 	 	 	 	 	 	 	 	 	 	 	95.64484	290.40303	 	122.40245	275.91255	 	 	 	 	 	 	 	 	 	 
90	 	 	 	 	 	 	 	 	 	 	 	 	 	 	 	 	 	 	95.20747	289.83053	 	122.32821	276.13762	 	 	 	 	 	 	 	 	 	 
91	 	 	 	 	 	 	 	 	 	 	 	 	 	 	 	 	 	 	94.40290	289.68666	 	121.94284	276.57663	 	 	 	 	 	 	 	 	 	 
92	 	 	 	 	 	 	 	 	 	 	 	 	 	 	 	 	 	 	 	 	 	 	 	 	108.29748	284.03882	 	 	 	 	 	 	 
93	 	 	 	 	 	 	 	 	 	 	 	 	 	 	 	 	 	 	93.34288	291.20486	*	120.92799	276.98903	*	 	 	 	 	 	 	 	 	 
94	 	 	 	 	 	 	 	 	 	 	 	 	 	 	 	 	 	 	 	 	 	 	 	 	106.54439	284.13121	*	 	 	 	 	 	 
95	 	 	 	 	 	 	 	 	 	 	 	 	 	 	 	 	 	 	 	 	 	 	 	 	106.75234	284.24602	 	 	 	 	 	 	 
96	 	 	 	 	 	 	 	 	 	 	 	 	 	 	 	 	 	 	 	 	 	 	 	 	106.08563	283.36488	 	 	 	 	 	 	 
97	 	 	 	 	 	 	 	 	 	 	 	 	 	 	 	 	 	 	 	 	 	 	 	 	106.23726	282.92681	 	 	 	 	 	 	 
98	 	 	 	 	 	 	 	 	 	 	 	 	 	 	 	 	 	 	 	 	 	 	 	 	105.88574	282.87212	 	 	 	 	 	 	 
99	 	 	 	 	 	 	 	 	 	 	 	 	 	 	 	 	 	 	 	 	 	 	 	 	105.80274	283.24365	 	 	 	 	 	 	 
100	 	 	 	 	 	 	 	 	 	 	 	 	 	 	 	 	 	 	 	 	 	 	 	 	104.64898	282.70173	 	 	 	 	 	 	 
101	 	 	 	 	 	 	 	 	 	 	 	 	 	 	 	 	 	 	 	 	 	 	 	 	 	 	 	 	 	 	 	 	 
102	 	 	 	 	 	 	 	 	 	 	 	 	 	 	 	 	 	 	 	 	 	 	 	 	104.40290	285.29606	*	 	 	 	 	 	 
103	 	 	 	 	 	 	 	 	 	 	 	 	 	 	 	 	 	 	 	 	 	 	 	 	104.33970	285.46159	 	 	 	 	 	 	 
104	 	 	 	 	 	 	 	 	 	 	 	 	 	 	 	 	 	 	 	 	 	 	 	 	104.22204	284.82319	 	 	 	 	 	 	 
105	 	 	 	 	 	 	 	 	 	 	 	 	 	 	 	 	 	 	 	 	 	 	 	 	104.32824	285.47814	 	834.97850	790.11413	 	 	 	 
106	 	 	 	 	 	 	 	 	 	 	 	 	 	 	 	 	 	 	 	 	 	 	 	 	103.64171	285.60632	 	834.82213	790.40486	 	 	 	 
107	 	 	 	 	 	 	 	 	 	 	 	 	 	 	 	 	 	 	 	 	 	 	 	 	103.44366	284.99194	 	833.31494	788.53048	 	825.80707	780.09178	 
108	 	 	 	 	 	 	 	 	 	 	 	 	 	 	 	 	 	 	 	 	 	 	 	 	104.35250	284.62722	 	838.34481	783.62917	 	 	 	 
109	 	 	 	 	 	 	 	 	 	 	 	 	 	 	 	 	 	 	 	 	 	 	 	 	104.59073	285.31866	 	838.64241	782.46298	 	 	 	 
110	 	 	 	 	 	 	 	 	 	 	 	 	 	 	 	 	 	 	 	 	 	 	 	 	105.13899	285.90810	 	838.37953	783.51578	 	 	 	 
111	 	 	 	 	 	 	 	 	 	 	 	 	 	 	 	 	 	 	 	 	 	 	 	 	 	 	 	838.36150	782.71633	 	852.51847	791.13977	*
112	 	 	 	 	 	 	 	 	 	 	 	 	 	 	 	 	 	 	 	 	 	 	 	 	 	 	 	835.68355	782.62019	 	853.45937	792.63675	 
113	 	 	 	 	 	 	 	 	 	 	 	 	 	 	 	 	 	 	 	 	 	 	 	 	103.99961	287.49704	*	838.17813	781.38132	 	853.97284	794.90552	 
114	 	 	 	 	 	 	 	 	 	 	 	 	 	 	 	 	 	 	 	 	 	 	 	 	102.97477	288.13612	 	839.26584	781.46890	 	855.94083	795.66928	 
115	 	 	 	 	 	 	 	 	 	 	 	 	 	 	 	 	 	 	 	 	 	 	 	 	102.49391	287.71839	 	837.28731	781.57662	 	853.46243	794.13535	 
116	 	 	 	 	 	 	 	 	 	 	 	 	 	 	 	 	 	 	 	 	 	 	 	 	102.21060	288.52361	 	835.84373	781.57329	 	852.45707	792.19218	 
117	 	 	 	 	 	 	 	 	 	 	 	 	 	 	 	 	 	 	 	 	 	 	 	 	101.82032	289.36220	 	836.06032	783.03422	 	 	 	 
118	 	 	 	 	 	 	 	 	 	 	 	 	 	 	 	 	 	 	 	 	 	 	 	 	101.56540	289.86296	 	835.34908	783.47113	 	853.26253	792.11821	*
119	 	 	 	 	 	 	 	 	 	 	 	 	 	 	 	 	 	 	 	 	 	 	 	 	101.55966	288.61410	 	836.76291	780.14124	 	851.07148	792.79561	 
120	 	 	 	 	 	 	 	 	 	 	 	 	 	 	 	 	 	 	 	 	 	 	 	 	100.80404	288.86241	 	836.38886	781.54850	 	852.84199	792.88959	 

Track 	Length	Distance traveled	Nr of Frames
1	39.12297	4.80206	20
2	67.53989	15.65394	16
3	71.77376	7.98665	27
4	157.46901	33.77037	50
5	151.69006	13.51795	25
6	70.74413	15.80529	30
7	129.33313	26.70564	41
8	70.38926	9.49526	40
9	21.71274	8.91172	25
10	30.21317	8.68096	16
11	45.08903	29.91105	10
