Frame	X1	Y1	Flag1	X2	Y2	Flag2	X3	Y3	Flag3	X4	Y4	Flag4	X5	Y5	Flag5	X6	Y6	Flag6	X7	Y7	Flag7	X8	Y8	Flag8	X9	Y9	Flag9	X10	Y10	Flag10	X11	Y11	Flag11	X12	Y12	Flag12	X13	Y13	Flag13	X14	Y14	Flag14	X15	Y15	Flag15	X16	Y16	Flag16
Tracks 1 to 16
1	227.84654	351.29900	 	281.29563	384.16611	 	651.42851	1014.25862	 	396.05116	759.75371	 	267.85536	376.74504	 	239.31421	362.54735	 	1226.01761	383.17565	 	1198.64949	382.29867	 	 	 	 	 	 	 	 	 	 	 	 	 	 	 	 	 	 	 	 	 	 	 	 	 
2	 	 	 	282.15039	383.58232	 	651.39456	1015.31033	 	394.56309	760.98168	 	268.30079	376.20054	 	239.10866	363.49419	 	1226.39797	381.48783	 	1198.95341	384.96956	 	 	 	 	 	 	 	 	 	 	 	 	 	 	 	 	 	 	 	 	 	 	 	 	 
3	229.69959	349.44245	*	280.20036	386.54671	 	652.53459	1012.10681	 	397.34814	758.78651	 	266.83511	378.09634	 	240.23886	360.54455	 	1225.96250	383.75217	 	1198.73064	381.32824	 	 	 	 	 	 	 	 	 	 	 	 	 	 	 	 	 	 	 	 	 	 	 	 	 
4	227.47063	351.75064	 	282.26522	383.12489	 	651.64480	1015.13583	 	395.56904	759.99424	 	268.09069	376.40211	 	239.14464	363.14208	 	1226.15529	382.63367	 	1198.65292	382.71229	 	 	 	 	 	 	 	 	 	 	 	 	 	 	 	 	 	 	 	 	 	 	 	 	 
5	225.57553	355.66090	 	282.58224	381.33205	 	651.31263	1016.57285	 	394.31204	761.08110	 	268.22038	375.27985	 	238.55556	364.82066	 	1226.62772	380.94727	 	1198.97488	385.35810	 	 	 	 	 	 	 	 	 	 	 	 	 	 	 	 	 	 	 	 	 	 	 	 	 
6	228.35860	350.60939	 	280.99434	385.36962	 	651.90438	1014.05327	 	394.30625	761.25273	 	267.52506	377.18016	 	239.54461	362.00280	 	1226.69725	382.16326	 	1198.71882	383.19041	 	 	 	 	 	 	 	 	 	 	 	 	 	 	 	 	 	 	 	 	 	 	 	 	 
7	227.08222	352.06615	 	281.76883	383.11339	 	652.02629	1013.52011	 	394.38456	761.25752	 	268.01299	376.05400	 	238.91528	363.61620	 	1226.35466	382.97459	 	1198.74821	382.01423	 	 	 	 	 	 	 	 	 	 	 	 	 	 	 	 	 	 	 	 	 	 	 	 	 
8	225.52271	355.74491	 	282.30831	380.36373	 	652.07503	1013.10791	 	394.48988	761.09954	 	268.09068	375.23059	 	238.44467	364.88479	 	1225.87128	384.05704	 	1199.27360	379.77641	 	 	 	 	 	 	 	 	 	 	 	 	 	 	 	 	 	 	 	 	 	 	 	 	 
9	225.69529	355.40295	 	282.17128	381.10888	 	652.66268	1011.99880	 	394.99689	760.58796	 	268.07128	375.43144	 	238.59114	364.48136	 	1226.05676	384.21826	 	1199.50059	379.35527	 	 	 	 	 	 	 	 	 	 	 	 	 	 	 	 	 	 	 	 	 	 	 	 	 
10	226.11155	354.93767	 	282.03218	381.11063	 	652.52502	1012.51816	 	394.73102	760.92669	 	267.94416	375.52896	 	238.57491	364.29139	 	1226.39330	381.96412	 	1198.69670	383.56090	 	 	 	 	 	 	 	 	 	 	 	 	 	 	 	 	 	 	 	 	 	 	 	 	 
11	225.35102	356.03464	 	282.21561	380.40425	 	652.11322	1014.30500	 	393.68742	762.38773	 	268.07541	375.38567	 	238.50519	364.68235	 	1226.21309	381.53894	 	1198.77611	384.53455	 	 	 	 	 	 	 	 	 	 	 	 	 	 	 	 	 	 	 	 	 	 	 	 	 
12	227.13521	352.34829	 	282.19018	382.32763	 	652.00016	1014.72474	 	394.85302	760.84076	 	268.31719	375.94171	 	238.86757	363.96345	 	1225.85003	382.12622	 	1198.55669	383.52329	 	 	 	 	 	 	 	 	 	 	 	 	 	 	 	 	 	 	 	 	 	 	 	 	 
13	227.01329	352.70123	 	281.76945	382.62159	 	652.55856	1013.53239	 	395.10748	760.57976	 	268.04755	375.91798	 	238.83033	363.86164	 	1225.88767	382.26495	 	1198.58566	383.30835	 	 	 	 	 	 	 	 	 	 	 	 	 	 	 	 	 	 	 	 	 	 	 	 	 
14	226.34313	353.10989	 	282.18684	382.78177	 	652.53776	1013.48343	 	395.14601	760.57170	 	268.17207	376.06321	 	238.92591	363.74812	 	1226.48880	381.81307	 	1198.70147	384.00232	 	 	 	 	 	 	 	 	 	 	 	 	 	 	 	 	 	 	 	 	 	 	 	 	 
15	227.41342	352.07675	 	281.72239	383.83679	 	652.11772	1014.76782	 	396.38871	759.62497	 	268.13955	376.39538	 	239.12269	363.29355	 	1226.44943	381.79811	 	1198.80557	383.81219	 	 	 	 	 	 	 	 	 	 	 	 	 	 	 	 	 	 	 	 	 	 	 	 	 
16	 	 	 	282.42604	382.72122	 	651.61864	1018.30625	 	396.00277	759.96484	 	268.32842	375.97027	 	238.87535	364.07591	 	1226.11413	380.69933	 	1198.97426	385.79362	 	 	 	 	 	 	 	 	 	 	 	 	 	 	 	 	 	 	 	 	 	 	 	 	 
17	 	 	 	281.98669	384.20737	 	651.83315	1018.26853	 	395.82151	760.02301	 	268.23429	376.20090	 	239.04979	363.65339	 	1226.13939	380.53070	 	1199.04703	385.96130	 	 	 	 	 	 	 	 	 	 	 	 	 	 	 	 	 	 	 	 	 	 	 	 	 
18	229.59054	349.32891	*	280.60456	385.13423	 	651.88485	1015.46125	 	398.11043	758.46818	 	266.99995	377.77410	 	239.95889	361.08865	 	1226.28173	380.79202	 	1198.97901	385.64548	 	 	 	 	 	 	 	 	 	 	 	 	 	 	 	 	 	 	 	 	 	 	 	 	 
19	230.71355	348.31952	 	280.20910	385.45904	 	651.97989	1015.45288	 	399.91507	757.80803	 	266.66559	378.16202	 	240.27551	360.48258	 	1226.13288	381.42777	 	1198.77852	384.68859	 	 	 	 	 	 	 	 	 	 	 	 	 	 	 	 	 	 	 	 	 	 	 	 	 
20	229.40535	349.77900	 	280.58046	385.13852	 	651.64823	1017.99717	 	395.61999	760.31875	 	267.04691	377.71718	 	239.93771	361.07521	 	1226.19223	380.02529	 	1199.35400	387.05218	 	 	 	 	 	 	 	 	 	 	 	 	 	 	 	 	 	 	 	 	 	 	 	 	 
21	230.49696	348.53489	 	280.03967	386.15774	 	651.91795	1015.49439	 	395.39986	760.53857	 	266.67111	378.34959	 	240.49540	360.28510	 	1226.27513	380.34200	 	1199.22430	386.68780	 	 	 	 	 	 	 	 	 	 	 	 	 	 	 	 	 	 	 	 	 	 	 	 	 
22	232.05087	346.44864	 	278.53747	388.91967	 	653.13025	1012.65188	 	398.30936	758.66710	 	265.66187	380.01787	 	242.25188	358.49411	 	1226.49352	382.34634	 	1198.64621	383.57007	 	 	 	 	 	 	 	 	 	 	 	 	 	 	 	 	 	 	 	 	 	 	 	 	 
23	 	 	 	 	 	 	652.19926	1014.96457	 	396.06755	759.99196	 	268.16768	378.28257	 	240.14302	361.47640	 	1226.23438	382.30515	 	1198.56988	383.53719	 	 	 	 	 	 	 	 	 	 	 	 	 	 	 	 	 	 	 	 	 	 	 	 	 
24	 	 	 	 	 	 	 	 	 	395.71026	760.14896	 	268.48615	378.85219	 	240.30010	361.17081	 	1226.07210	382.71187	 	1198.56497	383.13465	 	 	 	 	 	 	 	 	 	 	 	 	 	 	 	 	 	 	 	 	 	 	 	 	 
25	 	 	 	 	 	 	653.61012	1011.86809	*	399.91426	757.96291	 	266.68257	380.23257	 	242.17205	358.96782	 	1224.76278	385.98236	 	1200.16808	377.27142	 	 	 	 	 	 	 	 	 	 	 	 	 	 	 	 	 	 	 	 	 	 	 	 	 
26	 	 	 	 	 	 	 	 	 	395.82085	760.12508	 	267.15407	379.91422	 	241.30630	359.59119	 	1225.73775	384.06905	 	1198.76642	380.88816	 	 	 	 	 	 	 	 	 	 	 	 	 	 	 	 	 	 	 	 	 	 	 	 	 
27	 	 	 	 	 	 	 	 	 	393.44918	762.13591	 	267.42990	379.75978	 	241.39202	359.62605	 	1226.07427	382.10432	 	1198.54494	383.75703	 	 	 	 	 	 	 	 	 	 	 	 	 	 	 	 	 	 	 	 	 	 	 	 	 
28	 	 	 	 	 	 	653.54725	1011.92109	*	399.92620	758.04233	 	265.15318	381.07776	 	243.43034	357.62192	 	1226.20383	382.44279	 	1198.57344	383.25401	 	 	 	 	 	 	 	 	 	 	 	 	 	 	 	 	 	 	 	 	 	 	 	 	 
29	 	 	 	 	 	 	 	 	 	399.38332	758.12777	 	265.01173	381.21152	 	243.72304	357.43049	 	1226.29434	381.81453	 	1198.71501	383.84982	 	 	 	 	 	 	 	 	 	 	 	 	 	 	 	 	 	 	 	 	 	 	 	 	 
30	 	 	 	 	 	 	 	 	 	395.55935	760.27737	 	266.59321	380.26439	 	241.83852	359.10236	 	1226.25653	380.26142	 	1199.20090	386.60657	 	 	 	 	 	 	 	 	 	 	 	 	 	 	 	 	 	 	 	 	 	 	 	 	 
31	 	 	 	 	 	 	 	 	 	398.13146	758.68957	 	265.83821	380.38822	 	242.61488	358.28230	 	1226.38953	381.67862	 	1198.74505	383.97145	 	 	 	 	 	 	 	 	 	 	 	 	 	 	 	 	 	 	 	 	 	 	 	 	 
32	 	 	 	 	 	 	653.32802	1012.24188	*	395.81013	760.30550	 	265.48139	381.03108	 	243.24043	357.80082	 	1226.53031	382.98094	 	1198.93861	381.63124	 	 	 	 	 	 	 	 	 	 	 	 	 	 	 	 	 	 	 	 	 	 	 	 	 
33	 	 	 	 	 	 	653.58895	1012.02622	 	392.01956	767.18160	 	267.04684	380.16609	 	241.58226	359.31489	 	1226.71809	381.22337	 	1198.90693	384.71601	 	 	 	 	 	 	 	 	 	 	 	 	 	 	 	 	 	 	 	 	 	 	 	 	 
34	 	 	 	 	 	 	 	 	 	392.49424	763.07954	 	267.57611	380.12354	 	241.54600	359.53006	 	1226.83041	381.74022	 	1198.72930	383.77289	 	 	 	 	 	 	 	 	 	 	 	 	 	 	 	 	 	 	 	 	 	 	 	 	 
35	 	 	 	 	 	 	 	 	 	 	 	 	267.83877	379.71601	 	241.07296	359.91793	 	1226.77424	381.18279	 	1198.94071	384.80696	 	 	 	 	 	 	 	 	 	 	 	 	 	 	 	 	 	 	 	 	 	 	 	 	 
36	 	 	 	 	 	 	 	 	 	 	 	 	268.23910	379.72636	 	240.87322	360.25512	 	1226.90463	380.89323	 	1198.97851	385.29193	 	 	 	 	 	 	 	 	 	 	 	 	 	 	 	 	 	 	 	 	 	 	 	 	 
37	 	 	 	 	 	 	 	 	 	 	 	 	268.89607	379.01885	 	239.98608	361.60281	 	1227.27242	381.27156	 	1198.93286	384.99823	 	 	 	 	 	 	 	 	 	 	 	 	 	 	 	 	 	 	 	 	 	 	 	 	 
38	 	 	 	 	 	 	 	 	 	 	 	 	268.52859	379.32276	 	240.32742	361.06822	 	 	 	 	 	 	 	 	 	 	 	 	 	 	 	 	 	 	 	 	 	 	 	 	 	 	 	 	 	 	 
39	 	 	 	 	 	 	 	 	 	 	 	 	268.87487	380.02381	 	240.31250	360.97332	 	1227.43647	381.63582	*	 	 	 	 	 	 	 	 	 	 	 	 	 	 	 	 	 	 	 	 	 	 	 	 	 	 	 
40	 	 	 	 	 	 	 	 	 	 	 	 	 	 	 	240.02185	360.95504	 	1227.37102	382.97346	 	 	 	 	660.93071	1006.47695	 	 	 	 	 	 	 	 	 	 	 	 	 	 	 	 	 	 	 	 	 	 
41	 	 	 	 	 	 	 	 	 	 	 	 	 	 	 	241.22439	359.05302	 	1224.57553	388.05545	 	1203.38787	373.33725	*	666.78139	1003.80037	 	 	 	 	 	 	 	 	 	 	 	 	 	 	 	 	 	 	 	 	 	 
42	 	 	 	 	 	 	 	 	 	 	 	 	 	 	 	240.07451	361.04342	 	1223.66691	389.22139	 	1204.92109	371.54819	 	663.69897	1005.06178	 	 	 	 	 	 	 	 	 	 	 	 	 	 	 	 	 	 	 	 	 	 
43	 	 	 	 	 	 	 	 	 	 	 	 	 	 	 	 	 	 	1224.19163	388.52892	 	1204.41197	372.29546	 	668.71467	1003.72457	 	 	 	 	 	 	 	 	 	 	 	 	 	 	 	 	 	 	 	 	 	 
44	 	 	 	 	 	 	 	 	 	 	 	 	 	 	 	242.08893	358.22916	*	1220.09077	392.85863	 	1210.10383	367.88990	 	668.51929	1003.77404	 	 	 	 	 	 	 	 	 	 	 	 	 	 	 	 	 	 	 	 	 	 
45	 	 	 	 	 	 	 	 	 	 	 	 	 	 	 	 	 	 	 	 	 	 	 	 	663.30980	1004.96818	 	 	 	 	 	 	 	 	 	 	 	 	 	 	 	 	 	 	 	 	 	 
46	 	 	 	 	 	 	 	 	 	 	 	 	 	 	 	 	 	 	 	 	 	 	 	 	666.69384	1003.89961	 	 	 	 	 	 	 	 	 	 	 	 	 	 	 	 	 	 	 	 	 	 
47	 	 	 	 	 	 	 	 	 	 	 	 	 	 	 	 	 	 	 	 	 	1208.08634	369.36905	*	667.43148	1003.89139	 	 	 	 	 	 	 	 	 	 	 	 	 	 	 	 	 	 	 	 	 	 
48	 	 	 	 	 	 	 	 	 	 	 	 	 	 	 	 	 	 	 	 	 	1207.64274	370.01528	 	660.29886	1006.86410	 	 	 	 	 	 	 	 	 	 	 	 	 	 	 	 	 	 	 	 	 	 
49	 	 	 	 	 	 	 	 	 	 	 	 	 	 	 	 	 	 	 	 	 	 	 	 	657.70361	1008.45738	 	 	 	 	 	 	 	 	 	 	 	 	 	 	 	 	 	 	 	 	 	 
50	 	 	 	 	 	 	 	 	 	 	 	 	 	 	 	 	 	 	 	 	 	 	 	 	653.58899	1011.96926	 	 	 	 	 	 	 	 	 	 	 	 	 	 	 	 	 	 	 	 	 	 
51	 	 	 	 	 	 	 	 	 	 	 	 	 	 	 	 	 	 	 	 	 	 	 	 	 	 	 	 	 	 	 	 	 	 	 	 	 	 	 	 	 	 	 	 	 	 	 	 
52	 	 	 	 	 	 	 	 	 	 	 	 	 	 	 	 	 	 	 	 	 	 	 	 	 	 	 	 	 	 	 	 	 	 	 	 	 	 	 	 	 	 	 	 	 	 	 	 
53	 	 	 	 	 	 	 	 	 	 	 	 	 	 	 	 	 	 	 	 	 	 	 	 	 	 	 	 	 	 	 	 	 	 	 	 	 	 	 	 	 	 	 	 	 	 	 	 
54	 	 	 	 	 	 	 	 	 	 	 	 	 	 	 	 	 	 	 	 	 	 	 	 	 	 	 	 	 	 	 	 	 	 	 	 	 	 	 	 	 	 	 	 	 	 	 	 
55	 	 	 	 	 	 	 	 	 	 	 	 	 	 	 	 	 	 	 	 	 	 	 	 	 	 	 	 	 	 	 	 	 	 	 	 	 	 	 	 	 	 	 	 	 	 	 	 
56	 	 	 	 	 	 	 	 	 	 	 	 	 	 	 	 	 	 	 	 	 	 	 	 	 	 	 	 	 	 	 	 	 	 	 	 	 	 	 	 	 	 	 	 	 	 	 	 
57	 	 	 	 	 	 	 	 	 	 	 	 	 	 	 	 	 	 	 	 	 	 	 	 	 	 	 	 	 	 	 	 	 	 	 	 	 	 	 	 	 	 	 	 	 	 	 	 
58	 	 	 	 	 	 	 	 	 	 	 	 	 	 	 	 	 	 	 	 	 	 	 	 	 	 	 	 	 	 	 	 	 	 	 	 	 	 	 	 	 	 	 	 	 	 	 	 
59	 	 	 	 	 	 	 	 	 	 	 	 	 	 	 	 	 	 	 	 	 	 	 	 	 	 	 	 	 	 	 	 	 	 	 	 	 	 	 	 	 	 	 	 	 	 	 	 
60	 	 	 	 	 	 	 	 	 	 	 	 	 	 	 	 	 	 	 	 	 	 	 	 	 	 	 	 	 	 	 	 	 	 	 	 	 	 	 	 	 	 	 	 	 	 	 	 
61	 	 	 	 	 	 	 	 	 	 	 	 	 	 	 	 	 	 	 	 	 	 	 	 	 	 	 	 	 	 	 	 	 	 	 	 	 	 	 	 	 	 	 	 	 	 	 	 
62	 	 	 	 	 	 	 	 	 	 	 	 	 	 	 	 	 	 	 	 	 	 	 	 	 	 	 	490.56146	1070.33997	 	 	 	 	 	 	 	 	 	 	 	 	 	 	 	 	 	 	 
63	 	 	 	 	 	 	 	 	 	 	 	 	 	 	 	 	 	 	 	 	 	 	 	 	 	 	 	489.95250	1069.70232	 	 	 	 	 	 	 	 	 	 	 	 	 	 	 	 	 	 	 
64	 	 	 	 	 	 	 	 	 	 	 	 	 	 	 	 	 	 	 	 	 	 	 	 	 	 	 	489.29278	1069.43505	 	 	 	 	 	 	 	 	 	 	 	 	 	 	 	 	 	 	 
65	 	 	 	 	 	 	 	 	 	 	 	 	 	 	 	 	 	 	 	 	 	 	 	 	 	 	 	489.89794	1069.65590	 	 	 	 	 	 	 	 	 	 	 	 	 	 	 	 	 	 	 
66	 	 	 	 	 	 	 	 	 	 	 	 	 	 	 	 	 	 	 	 	 	 	 	 	 	 	 	490.57716	1069.74336	 	 	 	 	 	 	 	 	 	 	 	 	 	 	 	 	 	 	 
67	 	 	 	 	 	 	 	 	 	 	 	 	 	 	 	 	 	 	 	 	 	 	 	 	 	 	 	490.82667	1069.87923	 	 	 	 	 	 	 	 	 	 	 	 	 	 	 	 	 	 	 
68	 	 	 	 	 	 	 	 	 	 	 	 	 	 	 	 	 	 	 	 	 	 	 	 	 	 	 	489.95285	1069.51752	 	 	 	 	 	 	 	 	 	 	 	 	 	 	 	 	 	 	 
69	 	 	 	 	 	 	 	 	 	 	 	 	 	 	 	 	 	 	 	 	 	 	 	 	 	 	 	489.18306	1069.11846	 	 	 	 	 	 	 	 	 	 	 	 	 	 	 	 	 	 	 
70	 	 	 	 	 	 	 	 	 	 	 	 	 	 	 	 	 	 	 	 	 	 	 	 	 	 	 	489.19588	1069.18044	 	 	 	 	 	 	 	 	 	 	 	 	 	 	 	 	 	 	 
71	 	 	 	 	 	 	 	 	 	 	 	 	 	 	 	 	 	 	 	 	 	 	 	 	 	 	 	490.44158	1069.73764	 	 	 	 	 	 	 	 	 	 	 	 	 	 	 	 	 	 	 
72	 	 	 	 	 	 	 	 	 	 	 	 	 	 	 	 	 	 	 	 	 	 	 	 	 	 	 	489.86210	1069.42897	 	 	 	 	 	 	 	 	 	 	 	 	 	 	 	 	 	 	 
73	 	 	 	 	 	 	 	 	 	 	 	 	 	 	 	 	 	 	 	 	 	 	 	 	 	 	 	489.87170	1069.24729	 	264.93706	384.07020	 	1201.98023	377.03930	 	 	 	 	 	 	 	 	 	 	 	 	 
74	 	 	 	 	 	 	 	 	 	 	 	 	 	 	 	 	 	 	 	 	 	 	 	 	 	 	 	491.07292	1069.90923	 	266.95236	381.69009	 	1202.38260	376.86595	 	243.05885	364.65405	 	 	 	 	 	 	 	 	 	 
75	 	 	 	 	 	 	 	 	 	 	 	 	 	 	 	 	 	 	 	 	 	 	 	 	 	 	 	490.87703	1069.71604	 	 	 	 	1202.82233	375.91179	 	 	 	 	 	 	 	 	 	 	 	 	 
76	 	 	 	 	 	 	 	 	 	 	 	 	 	 	 	 	 	 	 	 	 	 	 	 	 	 	 	491.46809	1070.23527	 	 	 	 	1203.54222	375.60549	 	 	 	 	 	 	 	 	 	 	 	 	 
77	 	 	 	 	 	 	 	 	 	 	 	 	 	 	 	 	 	 	 	 	 	 	 	 	 	 	 	490.91173	1070.09174	 	269.33668	378.65340	*	1204.16598	374.46049	 	241.66799	366.63811	*	 	 	 	 	 	 	 	 	 
78	 	 	 	 	 	 	 	 	 	 	 	 	 	 	 	 	 	 	 	 	 	 	 	 	 	 	 	491.71762	1070.87221	 	268.85669	379.62100	 	1203.89632	374.59418	 	242.86080	364.82706	 	 	 	 	 	 	 	 	 	 
79	 	 	 	 	 	 	 	 	 	 	 	 	 	 	 	 	 	 	 	 	 	 	 	 	 	 	 	491.91383	1070.56128	 	270.29403	377.23645	 	1203.43738	375.03145	 	241.79644	367.03313	 	 	 	 	 	 	 	 	 	 
80	 	 	 	 	 	 	 	 	 	 	 	 	 	 	 	 	 	 	 	 	 	 	 	 	 	 	 	492.79333	1070.99552	 	270.93474	375.55461	 	1203.47664	375.34163	 	240.89243	368.70966	 	 	 	 	 	 	 	 	 	 
81	 	 	 	 	 	 	 	 	 	 	 	 	 	 	 	 	 	 	 	 	 	 	 	 	 	 	 	492.44645	1070.99306	 	269.35337	378.88843	 	1203.26347	375.67355	 	241.99159	366.12047	 	 	 	 	 	 	 	 	 	 
82	 	 	 	 	 	 	 	 	 	 	 	 	 	 	 	 	 	 	 	 	 	 	 	 	 	 	 	493.23613	1071.48222	 	267.54502	381.58898	 	1203.17748	376.30790	 	243.65682	363.28715	 	 	 	 	 	 	 	 	 	 
83	 	 	 	 	 	 	 	 	 	 	 	 	 	 	 	 	 	 	 	 	 	 	 	 	 	 	 	492.96669	1071.24798	 	268.75395	379.95004	 	1202.85542	377.17151	 	242.82287	364.89155	 	 	 	 	 	 	 	 	 	 
84	 	 	 	 	 	 	 	 	 	 	 	 	 	 	 	 	 	 	 	 	 	 	 	 	 	 	 	493.33237	1071.73784	 	268.57125	380.14660	 	1203.30282	375.88295	 	242.93785	364.66349	 	678.90418	1008.25240	 	 	 	 	 	 	 
85	 	 	 	 	 	 	 	 	 	 	 	 	 	 	 	 	 	 	 	 	 	 	 	 	 	 	 	493.62808	1072.25212	 	269.64341	378.45210	 	1203.69225	375.58273	 	242.54482	365.65277	 	678.65419	1008.10265	 	657.82579	1026.38050	 	 	 	 
86	 	 	 	 	 	 	 	 	 	 	 	 	 	 	 	 	 	 	 	 	 	 	 	 	 	 	 	493.58863	1072.27181	 	270.54431	376.65906	 	1203.50921	376.79010	 	241.87794	367.07811	 	680.70021	1013.35669	 	655.80714	1022.41601	 	 	 	 
87	 	 	 	 	 	 	 	 	 	 	 	 	 	 	 	 	 	 	 	 	 	 	 	 	 	 	 	493.58922	1072.00048	 	270.09427	377.78666	 	1203.46362	376.21131	 	242.20099	366.25752	 	680.75294	1020.73932	 	655.59792	1016.51969	 	 	 	 
88	 	 	 	 	 	 	 	 	 	 	 	 	 	 	 	 	 	 	 	 	 	 	 	 	 	 	 	494.17559	1072.24086	 	267.82397	381.30227	 	1204.94747	373.90777	 	243.62973	363.81141	 	 	 	 	 	 	 	 	 	 
89	 	 	 	 	 	 	 	 	 	 	 	 	 	 	 	 	 	 	 	 	 	 	 	 	 	 	 	494.18399	1072.37793	 	267.32278	381.54665	 	1204.09198	374.55906	 	243.75186	363.42812	 	679.76234	1023.98844	*	656.45466	1013.53780	*	 	 	 
90	 	 	 	 	 	 	 	 	 	 	 	 	 	 	 	 	 	 	 	 	 	 	 	 	 	 	 	494.26527	1072.50210	 	269.13500	378.97844	 	1203.64820	375.23718	 	242.30571	365.86032	 	678.01880	1027.14954	 	657.54237	1009.08714	 	 	 	 
91	 	 	 	 	 	 	 	 	 	 	 	 	 	 	 	 	 	 	 	 	 	 	 	 	 	 	 	494.35752	1072.77457	 	268.90767	379.68786	 	1203.82099	374.72281	 	242.79955	365.20632	 	 	 	 	658.05200	1008.57336	 	 	 	 
92	 	 	 	 	 	 	 	 	 	 	 	 	 	 	 	 	 	 	 	 	 	 	 	 	 	 	 	 	 	 	270.29201	377.13833	 	1203.51249	375.25244	 	241.55115	367.37084	 	678.87698	1026.16188	*	657.09295	1011.62673	 	 	 	 
93	 	 	 	 	 	 	 	 	 	 	 	 	 	 	 	 	 	 	 	 	 	 	 	 	 	 	 	494.22553	1072.67864	*	272.06173	373.41309	 	1203.12451	375.63193	 	240.74639	369.86819	 	678.68189	1026.56942	 	657.26598	1011.55953	 	 	 	 
94	 	 	 	 	 	 	 	 	 	 	 	 	 	 	 	 	 	 	 	 	 	 	 	 	 	 	 	 	 	 	271.72168	374.69664	 	1203.13465	375.68517	 	241.50335	368.64338	 	677.41446	1028.68770	 	658.35231	1010.29558	 	 	 	 
95	 	 	 	 	 	 	 	 	 	 	 	 	 	 	 	 	 	 	 	 	 	 	 	 	 	 	 	 	 	 	272.69158	371.29228	 	1203.14589	375.58752	 	241.31729	370.60683	 	678.53196	1026.89831	 	657.60664	1011.39880	 	 	 	 
96	 	 	 	 	 	 	 	 	 	 	 	 	 	 	 	 	 	 	 	 	 	 	 	 	 	 	 	 	 	 	272.90788	369.44255	 	1202.64326	376.97191	 	241.54785	371.57363	 	678.33315	1027.22478	 	657.52193	1011.16705	 	 	 	 
97	 	 	 	 	 	 	 	 	 	 	 	 	 	 	 	 	 	 	 	 	 	 	 	 	 	 	 	 	 	 	272.58737	372.61692	 	1202.79546	377.72683	 	241.83160	369.36896	 	677.60897	1028.33114	 	658.06640	1010.46143	 	 	 	 
98	 	 	 	 	 	 	 	 	 	 	 	 	 	 	 	 	 	 	 	 	 	 	 	 	 	 	 	 	 	 	272.60394	372.21626	 	1202.94228	377.53312	 	241.65723	369.79295	 	677.49795	1028.56334	 	658.23262	1010.25038	 	 	 	 
99	 	 	 	 	 	 	 	 	 	 	 	 	 	 	 	 	 	 	 	 	 	 	 	 	 	 	 	 	 	 	272.81175	370.18628	 	1202.93525	378.13457	 	241.35594	371.27605	 	677.17959	1029.26554	 	658.42340	1010.03091	 	 	 	 
100	 	 	 	 	 	 	 	 	 	 	 	 	 	 	 	 	 	 	 	 	 	 	 	 	 	 	 	 	 	 	272.88443	369.12690	 	1203.02452	378.47469	 	241.34675	371.87206	 	674.70754	1031.54582	 	660.54257	1007.95187	 	 	 	 
101	 	 	 	 	 	 	 	 	 	 	 	 	 	 	 	 	 	 	 	 	 	 	 	 	 	 	 	 	 	 	272.81395	369.25825	 	1203.15427	376.82182	 	241.21541	371.95597	 	673.40574	1032.20132	 	661.54545	1007.55647	 	 	 	 
102	 	 	 	 	 	 	 	 	 	 	 	 	 	 	 	 	 	 	 	 	 	 	 	 	 	 	 	 	 	 	272.75489	368.06696	 	1203.27370	376.37003	 	241.18187	372.59956	 	675.14352	1031.28893	 	660.31175	1008.18001	 	 	 	 
103	 	 	 	 	 	 	 	 	 	 	 	 	 	 	 	 	 	 	 	 	 	 	 	 	 	 	 	 	 	 	272.81104	370.44930	 	1203.47117	376.93712	 	241.16858	371.02945	 	676.47492	1030.19281	 	659.22484	1009.45374	 	 	 	 
104	 	 	 	 	 	 	 	 	 	 	 	 	 	 	 	 	 	 	 	 	 	 	 	 	 	 	 	 	 	 	272.42908	366.02748	 	1203.20840	377.32751	 	240.90045	374.09082	 	674.87082	1031.52595	 	660.72058	1008.36325	 	 	 	 
105	 	 	 	 	 	 	 	 	 	 	 	 	 	 	 	 	 	 	 	 	 	 	 	 	 	 	 	 	 	 	271.86749	364.09993	 	1203.32904	378.28857	 	241.30928	375.58108	 	675.11428	1031.28487	 	660.37061	1008.14705	 	 	 	 
106	 	 	 	 	 	 	 	 	 	 	 	 	 	 	 	 	 	 	 	 	 	 	 	 	 	 	 	 	 	 	271.56496	363.19400	 	1203.35893	377.98595	 	242.42096	376.17822	 	674.83564	1031.45898	 	660.55292	1008.10228	 	 	 	 
107	 	 	 	 	 	 	 	 	 	 	 	 	 	 	 	 	 	 	 	 	 	 	 	 	 	 	 	 	 	 	271.84129	363.56582	 	1203.42166	378.93358	 	242.82563	376.01557	 	673.58601	1032.14531	 	661.37836	1007.44448	 	 	 	 
108	 	 	 	 	 	 	 	 	 	 	 	 	 	 	 	 	 	 	 	 	 	 	 	 	 	 	 	 	 	 	272.22429	364.66351	 	1203.78782	377.73507	 	242.29711	375.07691	 	671.77452	1032.91572	 	662.98889	1007.04645	 	 	 	 
109	 	 	 	 	 	 	 	 	 	 	 	 	 	 	 	 	 	 	 	 	 	 	 	 	 	 	 	 	 	 	272.38793	365.47803	 	1203.79054	377.57902	 	241.84094	374.63117	 	672.94852	1032.56847	 	662.11499	1007.61507	 	467.02047	1060.15429	 
110	 	 	 	 	 	 	 	 	 	 	 	 	 	 	 	 	 	 	 	 	 	 	 	 	 	 	 	 	 	 	272.17312	364.75976	 	1203.76782	377.79961	 	242.13149	375.12200	 	674.38502	1031.73584	 	660.74457	1007.99197	 	465.93632	1060.90189	 
111	 	 	 	 	 	 	 	 	 	 	 	 	 	 	 	 	 	 	 	 	 	 	 	 	 	 	 	 	 	 	272.12980	364.51309	 	1203.86663	377.97511	 	242.23627	375.33113	 	672.83736	1032.43860	 	661.98896	1007.31128	 	464.53280	1062.84081	 
112	 	 	 	 	 	 	 	 	 	 	 	 	 	 	 	 	 	 	 	 	 	 	 	 	 	 	 	 	 	 	272.25347	365.06303	 	1204.03101	377.60423	 	241.92442	374.87731	 	671.82170	1032.89067	 	662.70342	1007.05275	 	464.71500	1062.86303	 
113	 	 	 	 	 	 	 	 	 	 	 	 	 	 	 	 	 	 	 	 	 	 	 	 	 	 	 	 	 	 	271.33819	362.84799	 	1203.94086	377.97023	 	242.84692	376.62028	 	672.65415	1032.47920	 	662.07940	1007.23077	 	463.56342	1063.67499	 
114	 	 	 	 	 	 	 	 	 	 	 	 	 	 	 	 	 	 	 	 	 	 	 	 	 	 	 	 	 	 	271.58880	363.32807	 	1203.63146	378.56250	 	242.45854	376.15865	 	673.60826	1032.07777	 	661.37084	1007.49969	 	461.33049	1065.66860	 
115	 	 	 	 	 	 	 	 	 	 	 	 	 	 	 	 	 	 	 	 	 	 	 	 	 	 	 	 	 	 	272.07728	364.63899	 	1203.64441	379.19046	 	241.93240	375.20802	 	674.90485	1031.47823	 	660.67014	1008.04619	 	463.20894	1064.09855	 
116	 	 	 	 	 	 	 	 	 	 	 	 	 	 	 	 	 	 	 	 	 	 	 	 	 	 	 	 	 	 	272.16280	364.77362	 	1204.24393	379.48431	 	242.06917	375.10339	 	676.31738	1030.31245	 	659.41233	1009.37463	 	463.75377	1063.59083	 
117	 	 	 	 	 	 	 	 	 	 	 	 	 	 	 	 	 	 	 	 	 	 	 	 	 	 	 	 	 	 	271.33045	362.93028	 	1204.11713	379.64551	 	242.77744	376.43600	 	675.79211	1030.61304	 	659.57152	1008.88572	 	463.85100	1063.62390	 
118	 	 	 	 	 	 	 	 	 	 	 	 	 	 	 	 	 	 	 	 	 	 	 	 	 	 	 	 	 	 	271.69358	363.35594	 	1204.35274	378.97177	 	242.82974	375.97761	 	674.94967	1031.29767	 	660.13027	1007.96778	 	464.23360	1063.12092	 
119	 	 	 	 	 	 	 	 	 	 	 	 	 	 	 	 	 	 	 	 	 	 	 	 	 	 	 	 	 	 	271.88678	363.59992	 	1204.32215	379.24372	 	242.93098	375.86625	 	675.87686	1030.75637	 	659.92937	1009.06839	 	463.20891	1064.06320	 
120	 	 	 	 	 	 	 	 	 	 	 	 	 	 	 	 	 	 	 	 	 	 	 	 	 	 	 	 	 	 	272.05349	363.89238	 	1204.09646	379.18640	 	242.81545	375.57591	 	677.16243	1029.46367	 	659.07003	1010.10770	 	462.88948	1064.39476	 

Track 	Length	Distance traveled	Nr of Frames
1	42.19278	6.41890	19
2	35.42282	5.49579	22
3	40.98945	3.10663	27
4	76.61805	4.86958	34
5	37.32703	3.43363	39
6	56.01574	5.13281	43
7	54.03782	11.35286	43
8	87.78580	15.22367	43
9	40.97002	9.16877	11
10	17.28733	4.34682	31
11	79.06756	21.39598	46
12	31.77507	3.01470	48
13	59.85660	10.92458	45
14	59.55714	21.28266	35
15	51.92967	16.32030	35
16	14.07655	5.92002	12
