Frame	X1	Y1	Flag1	X2	Y2	Flag2	X3	Y3	Flag3	X4	Y4	Flag4	X5	Y5	Flag5	X6	Y6	Flag6	X7	Y7	Flag7	X8	Y8	Flag8
Tracks 1 to 8
1	231.09583	152.98767	 	163.40251	258.82706	 	629.9989	396.2773	 	 	 	 	 	 	 	 	 	 	 	 	 	 	 	 
2	254.8	156.43428	*	154.80869	255.75723	 	622.7544	424.08075	*	 	 	 	 	 	 	 	 	 	 	 	 	 	 	 
3	248.98846	159.13461	 	156.85484	261.54105	 	623.29065	419.34827	 	 	 	 	 	 	 	 	 	 	 	 	 	 	 	 
4	252.66731	158.31323	 	147.06772	263.40778	 	627.0056	420.36603	 	 	 	 	 	 	 	 	 	 	 	 	 	 	 	 
5	260.40033	151.8537	 	144.22974	266.45947	 	619.3924	438.17017	*	 	 	 	 	 	 	 	 	 	 	 	 	 	 	 
6	263.45468	154.88512	 	148.27744	283.44513	 	622.2881	424.3581	*	 	 	 	 	 	 	 	 	 	 	 	 	 	 	 
7	264.99698	164.58485	 	138.55934	294.85016	 	621.1704	419.761	*	 	 	 	 	 	 	 	 	 	 	 	 	 	 	 
8	243.4762	184.28389	*	148.50793	287.91534	 	618.9137	413.9201	 	 	 	 	 	 	 	 	 	 	 	 	 	 	 	 
9	248.11539	185.13077	 	156.692	292.244	 	599.20526	432.9494	*	 	 	 	 	 	 	 	 	 	 	 	 	 	 	 
10	228.1923	193.08824	*	156.22702	293.23538	 	621.0975	424.7613	 	 	 	 	 	 	 	 	 	 	 	 	 	 	 	 
11	220.1884	193.71378	 	159.18628	282.07983	 	618.81055	427.18237	 	 	 	 	 	 	 	 	 	 	 	 	 	 	 	 
12	224.87737	209.49623	*	153.32254	295.0042	 	618.1041	423.89444	 	 	 	 	 	 	 	 	 	 	 	 	 	 	 	 
13	221.256	218.756	*	145.85223	287.7209	 	602.85596	426.32434	*	 	 	 	 	 	 	 	 	 	 	 	 	 	 	 
14	217.37898	211.84395	 	140.4768	284.59564	 	591.4519	432.31085	 	 	 	 	 	 	 	 	 	 	 	 	 	 	 	 
15	208.76343	201.86742	 	148.21391	281.63385	 	591.96155	429.93076	*	 	 	 	 	 	 	 	 	 	 	 	 	 	 	 
16	209.89285	194.39107	 	152.65054	268.91397	 	614.8157	423.50543	*	 	 	 	 	 	 	 	 	 	 	 	 	 	 	 
17	210.87392	203.52957	 	152.52432	274.94864	 	626.57574	429.59314	*	 	 	 	 	 	 	 	 	 	 	 	 	 	 	 
18	216.24658	202.72945	 	157.97423	280.6701	 	616.1509	426.8063	*	303.5	182.5	 	 	 	 	 	 	 	 	 	 	 	 	 
19	216.35564	204.04578	 	156.68591	281.5676	 	610.5865	422.10706	 	283.05606	170.6435	 	 	 	 	 	 	 	 	 	 	 	 	 
20	211.14746	196.91356	 	150.18835	285.73035	 	600.4103	419.96045	 	295.6922	163.15974	 	 	 	 	 	 	 	 	 	 	 	 	 
21	219.95757	205.18266	 	162.4209	293.2853	 	605.4942	418.5	 	289.48187	162.42487	 	 	 	 	 	 	 	 	 	 	 	 	 
22	225.93369	194.18817	 	158.49518	289.13132	 	599.8752	420.3794	*	290.83414	161.23123	 	65.53674	92.93569	*	 	 	 	 	 	 	 	 	 
23	223.65234	205.625	 	155.49353	288.95474	 	596.4104	422.86435	 	290.30377	153.00269	 	70.995094	91.97549	*	 	 	 	 	 	 	 	 	 
24	220.06923	209.91154	 	167.25623	289.52136	 	598.3707	417.69144	 	301.37036	149.75462	 	78.65588	93.30882	*	 	 	 	 	 	 	 	 	 
25	230.62218	207.35521	*	169.62376	294.05444	 	590.72034	418.0661	 	307.70563	152.5065	 	80.538345	101.157814	 	 	 	 	 	 	 	 	 	 
26	242.52206	204.44118	*	167.96333	295.12247	 	590.35394	419.29468	 	297.6401	153.62077	 	74.496826	109.671425	*	 	 	 	 	 	 	 	 	 
27	258.95087	211.24258	*	163.92833	304.54095	 	596.612	419.85382	 	303.44775	156.801	 	81.98235	116.391174	*	322.0	54.5	 	 	 	 	 	 	 
28	276.89114	218.40475	*	160.13399	310.97495	 	595.9928	418.6022	 	308.28	159.61714	 	82.75455	118.70303	*	333.95456	46.590908	*	 	 	 	 	 	 
29	280.4875	207.47084	 	165.74586	305.2314	*	593.21515	424.04062	 	313.9665	173.28284	 	81.896225	125.386795	 	341.6617	65.95875	*	 	 	 	 	 	 
30	275.31818	211.49243	*	157.19498	301.3687	 	594.0204	416.73483	 	303.15115	170.44476	 	85.36908	129.50279	*	341.4049	63.055214	 	 	 	 	 	 	 
31	256.7082	216.36006	*	149.43462	303.2	 	598.37286	419.82834	 	305.7568	177.50604	 	90.69288	127.624626	 	343.86136	61.357143	 	 	 	 	 	 	 
32	246.58682	218.7964	 	145.71454	310.31454	 	606.6127	430.38968	*	308.32068	180.49393	 	90.156715	126.11194	 	344.6233	58.442467	 	 	 	 	 	 	 
33	254.0394	218.99394	*	134.97163	308.06384	 	602.2772	421.0557	*	304.71262	183.83554	 	81.847694	133.53384	 	353.6269	57.50302	 	 	 	 	 	 	 
34	245.0335	223.50693	*	140.11363	312.33636	 	603.8802	416.38547	 	313.2598	182.77937	*	77.17365	126.25449	 	358.55902	59.677017	 	 	 	 	 	 	 
35	230.07846	226.72014	*	130.26639	313.4916	 	598.58594	427.22134	*	309.43277	180.7381	 	70.84627	135.3806	 	365.55246	60.939342	 	 	 	 	 	 	 
36	229.62163	222.3491	*	132.05402	311.1023	 	616.4113	414.99454	*	312.42654	169.87006	 	73.730995	132.08772	 	368.5912	60.61321	 	 	 	 	 	 	 
37	250.73553	219.97305	*	139.83556	301.66	 	611.57745	420.82126	*	307.73184	160.8743	 	72.40062	127.72671	 	370.7358	61.32388	 	 	 	 	 	 	 
38	252.97005	224.57373	*	147.56236	302.55197	 	607.8012	414.0254	*	310.23065	159.89255	 	74.51887	128.01257	 	363.1611	46.327778	 	 	 	 	 	 	 
39	257.67828	234.40808	*	147.18729	298.55154	 	602.72186	416.8245	*	311.84784	154.00311	 	74.39308	135.81761	 	361.39825	43.19186	*	 	 	 	 	 	 
40	253.72443	237.27557	*	140.06927	296.97913	 	610.2771	430.6242	*	313.1811	142.57027	 	90.54902	148.02287	 	363.0503	43.076923	*	 	 	 	 	 	 
41	263.4776	227.16386	*	137.72592	281.48074	 	616.3657	417.0868	*	320.22772	150.0198	 	88.458595	152.1879	*	373.06268	50.603065	*	 	 	 	 	 	 
42	268.30627	211.72641	*	140.78462	270.09808	 	631.06604	416.17386	 	314.68625	142.17206	 	86.23248	155.1656	 	368.74258	63.807278	*	 	 	 	 	 	 
43	269.17514	223.36803	*	143.16948	272.64166	 	639.14703	411.32352	*	304.7321	150.57736	*	87.61003	161.45146	 	376.22772	67.36768	 	 	 	 	 	 	 
44	274.21683	224.61734	*	149.69858	271.9149	 	605.1212	423.8759	*	303.23547	150.53198	 	82.50631	166.02367	 	378.89664	62.716347	 	 	 	 	 	 	 
45	286.2985	231.19582	*	142.28427	275.00113	 	607.2257	428.15894	 	299.50592	144.7071	 	87.37719	170.78947	 	379.2348	59.80663	 	 	 	 	 	 	 
46	289.34244	224.61253	*	142.87337	279.52402	 	595.4944	434.15546	*	291.72028	143.98116	 	86.47369	164.85088	*	379.97205	64.63043	 	 	 	 	 	 	 
47	294.46097	220.94391	*	145.97072	295.87527	 	596.06586	435.41583	 	301.39444	131.79619	 	83.107956	173.43466	*	383.61145	57.06928	*	 	 	 	 	 	 
48	295.41006	214.50882	*	147.88293	305.85666	*	598.14496	440.47977	 	292.89423	145.57051	 	88.17173	171.82523	*	378.52664	58.284504	*	 	 	 	 	 	 
49	299.9887	204.03107	*	153.32495	316.52188	*	593.01556	441.40436	 	287.625	146.49107	 	82.04372	169.62842	 	380.11447	63.121685	*	 	 	 	 	 	 
50	307.64725	211.32822	*	151.51717	328.54507	*	596.5436	426.5	 	286.77036	150.82849	*	90.31534	169.73012	*	372.0425	70.394424	*	 	 	 	 	 	 
51	306.84476	213.92137	*	162.14317	324.0132	 	602.9794	420.34067	 	301.03653	151.7191	*	97.97632	164.26053	*	374.51892	71.35174	*	 	 	 	 	 	 
52	300.13562	229.42308	*	167.57875	318.56595	 	593.7089	425.19098	*	306.888	153.30441	*	110.5746	170.61368	*	373.34778	76.846725	*	 	 	 	 	 	 
53	290.5645	234.6147	*	172.69093	319.57184	 	587.4453	418.1674	*	312.1128	148.24695	*	110.337296	168.16362	 	369.63486	86.44911	*	 	 	 	 	 	 
54	293.654	229.642	 	172.74019	321.1201	 	579.8297	415.59326	*	317.24246	137.20137	 	113.27294	174.6462	 	376.10858	83.64	*	 	 	 	 	 	 
55	294.70703	238.5039	*	179.97469	316.17404	 	585.3965	418.3623	*	323.39255	140.91493	 	106.97072	183.71396	*	377.4656	80.80086	*	 	 	 	 	 	 
56	289.65158	238.34645	*	176.94067	312.89322	 	582.81726	416.1105	 	322.93533	143.49684	*	115.95095	178.36237	*	369.7754	79.59893	 	 	 	 	 	 	 
57	283.5879	243.62122	*	175.04314	313.8131	 	585.97485	423.47766	*	315.17792	139.42944	*	124.365234	181.6317	 	370.7776	75.54732	 	 	 	 	 	 	 
58	272.30072	240.01921	*	170.16875	310.33438	 	588.84467	429.37466	*	310.32068	135.15517	*	134.78761	177.95132	 	380.48755	67.475075	*	 	 	 	 	 	 
59	274.7401	230.6372	 	169.39441	310.13354	 	604.5528	444.2928	*	310.55777	134.11333	 	126.767204	173.24493	*	385.8835	72.95739	 	 	 	 	 	 	 
60	282.3631	230.03572	 	169.47403	312.97726	 	610.9809	446.14264	*	311.1159	134.15744	*	113.15964	191.54501	*	382.09937	71.496796	 	 	 	 	 	 	 
61	277.0572	229.41496	*	174.18488	325.88657	*	603.4044	444.72354	*	318.9662	134.54982	*	108.02987	198.04805	*	382.98642	73.29456	*	 	 	 	 	 	 
62	286.88095	225.51904	 	167.07655	336.1808	 	591.5259	439.92673	*	326.09445	145.01666	*	115.96244	191.07982	*	385.56668	75.62381	 	 	 	 	 	 	 
63	284.542	232.35115	*	169.27922	336.2857	 	589.20654	444.35327	*	331.73215	152.7296	*	113.07265	191.45726	*	383.20108	87.09239	 	 	 	 	 	 	 
64	298.28644	231.58136	 	167.5719	348.79413	 	596.2196	451.74316	*	324.04926	143.20076	*	111.24545	189.43738	*	378.1657	88.56	 	 	 	 	 	 	 
65	294.27817	242.05281	*	166.59624	351.42886	 	608.9522	447.69574	*	328.4515	127.29091	 	119.6061	188.05968	*	397.7285	86.41395	 	 	 	 	 	 	 
66	301.4248	240.99248	*	165.17647	345.86273	 	610.7826	453.54892	*	326.35995	133.79132	*	112.080315	183.50345	*	407.59525	85.27381	 	 	 	 	 	 	 
67	300.81293	245.48639	*	178.38	342.83	*	609.3858	449.42984	*	322.77762	135.79254	*	124.107895	182.95	 	399.87167	89.41151	 	 	 	 	 	 	 
68	296.60593	246.07881	*	180.45238	358.96033	*	599.125	437.5	*	321.40756	138.04062	*	107.034225	188.96077	*	405.8922	94.32336	 	 	 	 	 	 	 
69	301.21902	247.20157	 	178.33394	360.0343	*	596.60114	451.7899	*	325.32486	129.99718	 	101.5	174.13551	 	409.7701	81.626434	 	 	 	 	 	 	 
70	304.42642	247.78679	 	179.20766	367.4317	*	593.14075	466.91263	*	326.6473	123.57082	*	102.37382	174.02051	*	407.84464	91.056496	 	 	 	 	 	 	 
71	305.46323	253.831	 	182.9754	368.89343	 	591.25696	450.69907	*	315.24933	114.44723	*	104.721214	184.4515	*	417.91943	100.361115	 	 	 	 	 	 	 
72	316.8364	244.66911	 	180.208	376.344	*	591.4277	450.74548	*	309.94495	104.94725	 	101.660774	189.88907	*	418.79938	111.25617	 	 	 	 	 	 	 
73	327.55643	236.58366	 	196.18518	379.02777	*	594.62964	454.66666	*	304.2579	102.708145	*	102.68065	192.20967	*	411.82037	110.32934	 	 	 	 	 	 	 
74	332.15802	230.61472	*	212.0	368.83334	*	592.625	448.375	*	296.78717	97.582054	 	109.58387	188.86452	*	420.273	111.01227	 	 	 	 	 	 	 
75	322.46225	238.62997	*	223.24216	373.05054	*	603.5	450.31818	*	308.19266	92.769485	 	107.608025	184.05247	*	416.41125	116.79586	 	 	 	 	 	 	 
76	322.55826	237.0	 	225.02751	360.55502	 	599.5821	429.53748	*	308.32608	98.12608	*	108.05556	179.1345	*	417.72375	117.58563	 	 	 	 	 	 	 
77	330.91315	236.71187	 	213.03622	358.43842	 	603.1052	427.6319	 	314.4524	106.44383	*	100.451614	175.93549	*	395.36084	118.41753	 	 	 	 	 	 	 
78	333.47983	237.77579	 	214.54181	351.9913	 	599.42584	425.72244	 	312.5788	102.6938	 	100.1947	166.86449	 	390.7017	115.31534	 	 	 	 	 	 	 
79	343.5	231.91365	 	229.99825	353.91052	*	592.22034	421.21832	 	316.28107	106.35207	 	92.96106	171.24144	*	395.00894	122.00595	 	 	 	 	 	 	 
80	343.7623	222.79872	*	226.44081	362.21225	 	604.1634	406.17328	*	323.33978	105.34155	 	101.8024	165.7485	 	388.01065	128.31155	 	 	 	 	 	 	 
81	346.4561	223.08952	 	222.75735	359.3603	 	599.99896	413.2049	*	318.1491	102.92375	 	94.70977	167.8247	 	396.16852	129.46657	 	 	 	 	 	 	 
82	348.81638	227.84023	 	218.64644	352.7636	 	601.5	411.57043	*	310.60513	96.559296	 	83.48433	161.29938	 	399.20303	131.59898	 	 	 	 	 	 	 
83	352.99615	225.08397	 	224.62177	355.98523	 	611.2824	410.91318	*	314.96194	89.733696	*	79.268974	154.75743	*	397.16592	135.45937	 	 	 	 	 	 	 
84	347.51517	220.95026	 	227.3285	348.24878	*	614.75555	400.031	*	308.91626	87.02709	 	81.78808	161.18542	*	393.00797	136.78088	 	 	 	 	 	 	 
85	357.48956	222.48956	 	225.01819	352.14545	 	618.3903	400.2363	*	300.62408	81.22456	 	79.653336	163.27333	*	394.20563	132.56061	 	 	 	 	 	 	 
86	363.0568	227.2571	 	228.05484	339.99677	 	611.2443	415.88522	*	281.4284	89.78412	 	68.36852	170.10558	*	393.99072	136.38445	 	 	 	 	 	 	 
87	361.74838	226.18831	 	230.97452	335.24692	*	611.545	413.46674	*	290.26373	87.85845	 	62.146667	165.42667	*	387.64706	133.30392	 	 	 	 	 	 	 
88	365.39713	246.3397	 	217.2471	323.29538	*	619.7035	412.13205	 	294.7549	91.996735	 	69.59907	166.61765	*	377.75677	142.07777	 	 	 	 	 	 	 
89	367.89075	256.02963	 	212.70192	314.58893	*	618.5678	405.10168	 	285.11365	92.10909	 	73.587326	164.10281	 	376.26456	145.13019	 	 	 	 	 	 	 
90	363.7352	257.3097	 	210.98387	308.98846	 	622.42523	409.96017	*	286.78116	84.861855	 	73.98726	164.14969	 	367.76443	147.59616	 	 	 	 	 	 	 
91	365.74435	257.65414	 	203.70381	303.90216	 	615.2611	423.98807	*	300.05923	85.64929	 	77.978966	163.6424	*	370.75	149.5	*	 	 	 	 	 	 
92	365.19376	259.46875	 	211.30115	300.8372	 	603.994	430.21942	*	300.7789	106.71361	*	66.21557	161.97006	*	372.31714	138.19852	*	 	 	 	 	 	 
93	357.7551	264.70154	 	209.40059	304.55847	 	612.2569	429.9931	*	304.97803	108.37597	*	75.14495	162.89088	*	375.5	139.75	*	 	 	 	 	 	 
94	362.7579	268.1658	 	202.11111	301.25308	*	619.5585	440.35782	*	306.9866	98.703125	*	85.954544	158.37878	*	379.5625	132.0	*	 	 	 	 	 	 
95	361.06705	252.29329	 	204.73987	297.14798	*	618.0348	433.99747	*	309.38635	99.68636	*	80.06322	148.773	*	384.01202	129.78447	*	 	 	 	 	 	 
96	355.3846	253.82906	*	203.36322	298.2477	 	628.13257	420.6024	*	307.63483	107.71798	*	72.200264	138.98276	*	384.71304	135.38016	 	 	 	 	 	 	 
97	363.27856	265.33096	*	209.62103	298.7853	 	629.6497	418.01697	 	313.09433	115.941864	*	70.13325	131.97757	 	383.98798	137.83708	 	 	 	 	 	 	 
98	359.03696	250.2069	*	206.48956	307.2206	 	632.65814	419.37244	 	315.07144	107.5	*	75.28211	131.83028	 	375.5739	136.6707	 	 	 	 	 	 	 
99	364.2563	251.92964	*	203.59616	299.9533	 	628.1265	421.75305	 	305.37027	92.72156	*	80.45074	131.34975	 	380.9542	153.12173	 	 	 	 	 	 	 
100	362.0118	247.41077	*	207.49265	295.7353	 	621.938	416.5282	 	303.7034	95.76483	*	69.52696	126.56373	 	384.25067	144.91208	 	 	 	 	 	 	 
101	366.76062	239.27338	*	216.62659	296.2595	 	629.18494	409.30823	*	295.1152	96.781105	*	74.92157	132.5049	*	393.24094	152.4906	 	 	 	 	 	 	 
102	363.8871	240.5242	*	220.12973	286.9257	 	630.6396	427.41043	*	287.87296	100.844986	*	70.57407	117.17196	*	394.3146	147.6264	 	 	 	 	 	 	 
103	359.67114	237.43643	*	222.35995	283.89804	 	627.1244	428.7978	 	285.6629	92.58748	 	68.938484	120.03943	*	388.57095	146.72452	 	 	 	 	 	 	 
104	370.77194	219.09529	*	224.78302	286.81537	 	622.74884	426.90945	 	288.94617	83.49008	 	68.54013	128.3428	*	389.56992	157.0986	 	 	 	 	 	 	 
105	368.42307	216.54872	*	222.00993	286.80685	 	626.03937	431.66046	*	287.6897	87.54878	 	61.407463	131.59254	*	398.625	155.5	*	167.41931	365.3444	 	 	 	 
106	353.82217	212.32474	 	217.99216	281.4812	 	616.95776	433.1655	 	303.76566	92.3501	 	54.220932	140.71802	*	379.6677	167.46646	*	171.39635	369.89938	 	 	 	 
107	341.21915	216.04593	 	205.61392	286.29114	 	622.9985	445.00153	*	305.18912	98.72174	 	52.631805	139.86676	*	377.9229	173.61894	 	160.24397	363.256	 	 	 	 
108	325.16956	216.2674	*	200.30247	294.3611	 	623.43225	444.93903	*	296.31985	98.06434	 	43.629578	142.50845	*	396.00455	164.65805	 	159.68373	361.71085	*	 	 	 
109	329.98264	225.48456	*	187.5271	293.55148	 	620.4521	444.63513	 	301.34787	94.6039	 	40.158264	147.58684	*	399.52982	174.75166	*	163.51488	350.0387	*	 	 	 
110	324.26767	222.24495	*	182.26692	296.297	 	621.69696	445.46533	 	305.66833	94.063126	 	45.067238	160.24817	*	404.9765	176.58054	 	158.14923	346.35538	 	 	 	 
111	316.57913	210.60312	 	178.25116	303.18372	 	624.6621	445.9847	 	293.66196	97.187386	*	42.68648	163.83566	*	384.66177	197.18582	*	164.356	352.8552	*	 	 	 
112	321.85	215.40294	*	167.23221	300.83707	 	619.97253	445.86526	 	291.4384	100.0169	*	51.65681	172.8599	*	387.522	196.94334	 	157.96687	350.86276	 	 	 	 
113	316.62613	205.72522	 	175.7357	283.35962	 	615.3714	448.6459	*	289.18604	105.09355	 	53.027306	177.9388	*	383.18735	197.43909	*	159.39937	338.8239	*	 	 	 
114	322.90952	199.44286	*	173.51663	274.8623	 	618.6713	445.81915	 	287.83914	96.12608	 	48.794006	177.69476	 	380.36752	203.42415	 	161.0912	335.89938	 	 	 	 
115	324.5646	194.29213	*	168.94157	268.9158	 	621.61646	451.90436	*	284.64758	106.44277	 	54.77445	186.97633	*	385.29855	207.97165	 	159.11905	336.69366	 	 	 	 
116	334.73465	192.84358	*	172.6338	273.2236	 	616.4862	447.34436	 	275.73032	109.85277	 	51.314697	185.6246	*	391.73248	213.37715	 	164.41692	338.89078	 	 	 	 
117	335.66718	183.7806	*	174.2742	270.23004	 	619.4134	445.36838	*	275.95428	102.87463	 	45.281002	184.0752	*	388.58884	216.76791	*	172.34062	338.8094	 	 	 	 
118	336.89386	182.18797	*	174.7338	270.49304	 	617.45276	444.15372	 	267.15283	103.97181	 	51.22327	178.86163	*	390.00204	218.6415	*	175.65433	343.49692	 	 	 	 
119	341.93588	191.53134	*	175.51688	267.7658	 	617.54694	433.33426	*	273.46222	105.95349	*	53.889286	176.74286	*	380.09702	218.40501	*	179.53343	342.6155	 	 	 	 
120	340.0694	183.0949	*	176.43921	268.40985	 	617.3147	425.8668	*	271.61697	113.60526	*	45.07991	182.78311	*	379.95197	224.06874	*	180.94345	356.497	*	 	 	 
121	337.1141	183.06235	*	181.32669	271.91452	 	620.3879	429.19955	*	287.54645	104.71672	 	38.166668	191.5351	*	384.3321	237.54198	*	173.78441	355.33182	*	 	 	 
122	339.8379	186.46803	*	189.05673	280.7269	 	628.0859	429.75757	*	287.03314	117.02711	 	43.94737	185.51315	*	383.31366	231.90062	 	163.38509	350.7143	 	 	 	 
123	340.76343	208.16753	*	194.59114	275.99622	 	627.61456	424.5	*	276.5916	124.72513	 	40.353107	184.03673	*	384.6824	234.72327	 	151.17584	344.68347	 	 	 	 
124	349.89578	200.21158	 	194.33586	274.8106	 	629.2941	436.52353	*	268.94153	117.4269	 	39.591427	176.14572	*	388.80972	246.4705	 	160.36069	351.5124	 	345.92624	156.64754	 
125	344.23557	206.20222	*	198.40544	275.43143	 	624.9805	430.86365	*	274.6196	113.96565	 	31.881382	170.01651	 	390.53314	246.47238	 	162.31366	347.2267	 	354.3281	169.00224	*
126	343.27542	210.79079	 	192.47577	283.09912	 	629.70294	422.68317	*	278.21097	122.69114	 	34.715584	168.59091	 	389.22543	242.64452	 	159.20978	355.4243	 	357.29276	166.79346	 
127	338.01065	211.68883	 	203.91731	282.6173	 	633.9793	406.11984	 	283.2824	117.38753	 	27.819328	180.69958	 	394.31592	239.77046	 	157.91762	348.25568	 	359.6807	169.27368	 
128	320.66202	203.93297	 	201.27992	286.44208	 	632.98627	410.94342	 	299.2767	103.30097	 	24.494307	181.74667	 	390.1789	230.22874	 	169.44398	344.36554	 	350.39545	170.12122	*
129	313.9169	202.7507	 	202.11641	281.8378	 	633.4361	409.96005	 	306.09872	100.603004	*	28.872494	181.46848	 	392.46567	227.85822	 	159.14365	348.70993	 	344.1794	169.18272	*
130	322.27133	190.8811	*	205.744	283.856	 	627.2041	406.98166	 	307.82382	101.19463	 	20.15797	180.47101	 	391.2473	222.0054	 	152.30147	343.9951	 	345.39587	162.1281	*
131	321.12375	184.22525	*	205.43408	275.0951	 	636.25	401.66666	 	302.57745	103.10241	*	11.643149	173.57771	*	386.98572	227.18053	 	156.66223	345.45642	 	342.05737	168.30983	*
132	318.76407	189.27751	*	205.85916	268.1106	 	630.19476	413.2158	*	306.35873	97.5695	*	13.828125	176.07812	*	382.15958	234.98404	*	154.62643	342.65518	 	344.5	169.5	*
133	319.28287	190.96286	*	215.52226	267.38663	 	630.68536	414.98492	 	310.33112	97.53333	*	15.386139	171.08415	 	381.6476	239.26015	*	154.05699	343.943	 	345.34616	167.88461	*
134	323.875	202.35677	*	218.58498	264.17786	 	627.64624	416.82376	 	310.44876	81.73941	*	27.241554	176.05913	 	379.4731	241.07796	*	164.73354	338.82635	 	334.31058	164.65886	*
135	311.8674	198.97545	 	220.99625	267.80264	 	630.1298	419.37762	 	305.64462	62.38536	 	33.641617	168.75145	 	394.07712	233.85748	 	163.8162	339.76477	 	343.14505	163.61574	*
136	303.12915	211.65868	*	221.48566	260.83154	 	632.2138	417.20755	 	300.03333	62.512905	 	47.31997	158.21104	 	387.17474	237.16667	 	170.76134	335.96643	 	344.87967	171.66756	*
137	277.8296	201.56197	*	214.25963	262.51468	 	630.24066	415.48663	 	308.8913	54.402172	 	50.314224	160.52177	 	383.64764	235.54457	 	169.24545	336.98727	 	330.27457	165.68465	*
138	285.66943	202.88333	 	225.76071	255.2095	 	630.70386	418.00412	 	314.95023	43.777058	 	51.476505	163.38547	 	396.44214	245.45317	 	169.1934	335.5258	*	335.7153	169.24641	*
139	280.72296	203.16066	 	221.52971	264.58417	 	627.6352	412.58673	 	314.661	47.336864	 	46.79905	169.7579	 	400.625	251.75237	*	164.88928	341.9107	*	320.23163	179.62868	*
140	285.98804	207.5925	 	232.47229	270.88568	 	627.25446	412.2266	 	314.40353	48.36353	*	40.524902	170.77203	 	397.91925	257.77762	 	160.98181	350.30545	*	321.8094	176.42818	 
141	293.62122	213.36743	*	233.01923	266.73846	 	627.8505	423.97922	 	313.16254	60.542404	*	34.647247	168.26213	 	406.65616	262.64105	*	167.60892	356.08417	*	340.95	176.20264	*
142	277.8554	207.10843	*	231.05678	269.5586	 	625.4332	419.47653	 	309.0179	52.299675	 	38.35308	160.40837	 	400.42264	265.308	 	174.86575	355.5275	*	330.95422	171.67966	*
143	278.62534	205.90266	*	231.9751	265.95593	 	626.3246	414.0649	 	304.9048	57.2744	 	44.610867	172.81042	 	416.82898	256.3303	 	174.48262	353.4614	*	341.95615	156.99875	*
144	275.9628	205.18044	 	233.1394	290.0509	*	623.7741	403.60617	 	293.93137	52.704483	 	42.252872	179.27586	 	424.85306	245.15962	 	188.77136	353.80768	 	350.21286	156.45993	 
145	274.96875	213.11563	 	237.27643	308.44714	*	622.8964	398.21786	 	293.60986	61.53981	 	43.48718	184.36218	 	428.97247	246.72609	 	185.46144	342.33292	 	331.30426	161.70285	*
146	278.19135	210.39815	*	229.85562	319.33282	 	622.8361	405.71906	 	285.4762	65.85268	 	40.16978	188.02647	 	435.92856	249.7033	*	187.51295	344.70984	 	332.7857	157.35017	 
147	278.39053	200.28107	 	234.21844	310.06635	 	621.9859	408.28275	 	275.91156	74.01314	 	50.959373	185.13437	 	442.06668	249.18333	*	197.77835	350.38916	 	317.24158	159.76967	*
148	295.65924	204.42993	*	227.46552	306.85632	*	617.3874	393.88223	 	264.00583	69.191154	 	44.655014	183.19301	 	465.59262	229.16354	*	190.00938	340.79758	 	308.3871	153.8992	*
149	301.11746	206.06711	*	232.76744	305.22675	*	612.6287	396.8299	 	260.02258	71.97743	 	40.496834	183.4367	 	472.0578	232.07576	*	184.63809	342.67148	 	317.94864	153.98108	*
150	298.42557	200.27023	*	225.9	306.5	*	614.82306	394.8833	 	256.61652	77.07964	 	45.799736	185.67506	 	481.46906	224.68285	 	197.61435	348.0052	 	323.39536	152.3876	*
151	292.52493	199.45328	 	243.28833	276.56912	*	609.31854	396.63284	 	253.89096	80.9895	*	41.982586	189.08209	 	486.27698	218.63068	*	203.4561	353.64633	 	341.47598	159.21472	*
152	297.36646	203.78339	 	243.32759	273.3641	 	599.8811	390.1762	 	241.26666	84.459526	*	48.064686	188.99825	 	476.46158	201.03458	*	198.65514	357.42603	 	334.06848	159.75685	*
153	294.04938	213.62038	*	237.1342	272.71072	 	603.62537	385.51642	 	244.77403	83.3149	 	48.954323	192.4605	 	467.62903	205.2491	*	206.01039	355.4007	 	332.92636	159.74806	*
154	296.71472	202.88037	*	234.87099	278.62213	*	597.1074	389.39334	 	235.34	79.63647	 	51.238018	192.59105	 	470.86145	203.19363	*	205.32619	352.25537	 	329.54895	151.27623	*
155	287.4876	207.00774	 	242.39691	271.08557	 	596.71765	384.191	 	239.14426	81.22018	 	50.433765	183.60985	 	479.1009	188.13876	*	207.46739	355.971	 	326.0357	149.63776	*
156	272.48187	205.33383	 	224.55318	275.70975	*	598.9608	386.6232	 	232.94386	61.93081	*	50.71164	181.81569	 	478.86475	173.82149	 	206.95592	364.2411	 	320.67242	151.25862	*
157	276.4129	200.24774	*	229.6306	282.31863	 	593.1811	388.00464	 	233.58235	69.58235	 	60.045204	186.71918	 	477.6494	168.92299	 	202.8452	360.75446	 	334.47958	146.07143	*
158	272.78702	196.10725	*	231.68378	281.28455	 	599.0628	381.19156	 	230.56845	68.97321	 	59.43846	188.64769	*	470.1834	168.04271	 	200.90158	353.15945	 	335.78326	141.63734	 
159	273.575	214.20833	 	228.31859	285.44302	 	611.59204	385.03043	 	222.929	52.013596	 	65.5872	181.00136	 	466.85144	160.11594	 	186.42291	352.77838	 	334.275	142.6125	*
160	282.37637	223.73627	 	228.5725	300.1	 	610.017	387.6703	 	223.60976	61.042683	 	60.671093	183.91003	 	458.03198	162.23837	 	178.54842	353.07263	 	321.65607	143.46532	*
161	295.54544	225.64848	 	222.30925	296.9075	 	610.38055	389.29172	 	218.52736	59.24772	 	55.33642	185.18828	 	447.98184	161.44455	 	166.95763	353.7305	 	321.92856	144.35715	 
162	286.2751	230.45744	 	217.4793	292.65286	 	612.80365	392.7225	 	216.69513	61.707317	*	57.88941	192.73987	 	455.08047	155.73415	 	156.02083	360.50348	*	321.7	149.9	*
163	291.20212	234.70364	 	217.94836	295.7544	 	613.9209	397.71045	 	215.24599	60.644386	*	54.947155	190.81708	 	469.90732	154.22191	 	159.33429	363.66	*	355.63522	162.26619	*
164	290.65598	232.30734	 	222.49295	301.88028	 	612.0378	398.2247	 	221.26624	56.835064	 	40.38788	197.42122	 	459.98306	149.5632	 	169.13571	370.23215	 	356.8187	164.37363	*
165	285.8984	229.17113	 	217.00304	307.86667	*	608.425	400.23865	 	200.77689	59.48387	*	48.305824	204.70065	 	468.7691	154.81346	 	161.95198	376.98587	*	358.68808	154.48734	*
166	286.479	253.43439	 	207.67015	309.2373	*	610.6083	400.66516	 	210.62254	60.22794	*	50.576923	212.73412	 	464.87225	148.79968	 	167.97403	375.15662	 	354.72192	165.34894	 
167	292.93073	255.55038	 	206.6	304.59686	*	606.4224	394.4763	 	225.32445	66.70482	 	52.18693	220.76747	 	468.6257	155.66953	 	169.41608	379.5332	*	352.4024	170.88904	 
168	300.70425	276.53714	*	206.87947	298.20407	*	606.3635	397.1624	 	219.81882	72.84852	 	39.310345	245.24138	*	479.56854	165.2621	 	157.04272	369.2931	*	351.80524	185.44318	*
169	308.9646	288.88525	*	194.23592	310.13028	*	602.4574	395.91193	*	228.13922	81.0988	*	50.08725	244.44463	 	484.39896	171.45337	 	156.82733	378.6025	*	348.0983	194.45995	 
170	316.09296	284.89102	 	189.70152	318.44678	*	602.27563	385.47104	*	221.64452	76.49834	*	44.880264	244.78026	 	481.70508	182.93164	*	159.04448	387.32883	*	350.22812	191.25458	*
171	310.24268	284.31873	*	194.38123	329.60345	*	605.6517	383.6252	 	222.49687	83.09062	 	38.86858	251.05438	 	472.77985	171.15227	*	156.236	389.544	 	352.53772	189.3459	 
172	318.21713	288.54858	*	190.81021	335.76532	*	600.4505	384.14386	 	220.4523	74.491486	 	40.031532	245.92642	 	463.49176	169.72734	*	157.67632	394.10788	 	353.7599	191.53465	*
173	311.01633	294.5267	*	186.28326	335.40494	*	597.2021	381.0008	*	222.01105	78.30441	 	33.24465	260.98788	*	448.6678	158.43687	 	153.66469	390.47818	*	346.95663	189.2032	*
174	307.17618	299.2397	*	181.72868	341.05038	 	596.9376	382.1171	*	225.99393	78.16378	 	39.532124	256.48743	 	453.15964	166.98596	*	150.21678	390.53485	*	347.7245	194.7449	*
175	299.53622	294.23816	*	193.33846	352.25385	*	598.84863	378.98495	 	230.47049	83.78361	 	45.325146	251.2818	 	444.30127	181.01105	 	153.95012	384.2471	*	365.03125	187.59375	*
176	290.52908	301.74417	*	180.5742	351.0689	 	592.62256	378.97388	*	222.558	96.465195	 	43.267834	250.52377	 	438.95062	167.1894	 	153.20909	385.87402	*	370.71024	199.72102	*
177	292.63333	312.70557	*	177.72697	358.85855	*	595.9515	381.57144	*	217.71228	96.55614	 	39.12416	259.35236	 	423.61383	167.08705	 	148.98953	382.18585	*	374.26492	211.33508	*
178	296.52487	326.71307	*	178.35365	348.79965	 	593.0684	386.31082	*	217.27661	95.4459	*	34.972027	256.63287	*	435.78268	172.04712	*	157.15775	384.0476	*	369.97464	207.72984	*
179	301.00644	326.80334	 	177.67123	338.43494	 	593.58673	384.5829	*	211.69168	87.86701	*	42.12046	233.04456	*	433.16766	170.25964	*	147.16507	385.71054	*	360.04706	199.18236	*
180	309.03687	323.48846	*	175.13855	341.07028	*	594.23315	387.4898	*	205.79057	71.37481	 	47.917583	225.14207	 	434.3202	178.9164	*	147.58955	383.6393	*	358.02823	215.11794	 
181	309.39575	318.3475	 	172.52777	342.0476	*	592.67926	381.55185	 	206.08209	70.256714	 	47.166668	238.07484	 	459.3205	179.18832	*	145.16534	394.23706	*	359.128	221.49658	 
182	313.14517	324.24194	*	173.70175	336.2149	*	591.0138	383.1453	 	209.80063	60.84112	 	52.16022	242.11188	 	460.73544	173.5801	 	160.53397	386.88315	*	361.6137	223.47375	 
183	317.37817	333.86295	*	174.23077	346.6779	*	589.9045	381.52646	*	216.05	62.405	 	42.064358	241.63861	*	460.83173	178.61018	 	149.76501	388.3763	*	371.70758	219.22545	 
184	328.09338	337.56226	*	171.43306	346.999	*	586.01587	391.7	 	225.71472	68.29755	 	61.31407	248.90703	*	473.13928	176.13774	*	173.28398	395.32834	*	376.2984	221.93011	 
185	324.8932	339.45993	 	180.66827	341.79807	 	594.09033	402.83685	*	230.78302	76.59198	*	44.836082	247.49794	*	470.90884	170.09293	*	173.46239	400.4859	*	370.85464	226.63373	 
186	325.89062	349.45703	 	186.33073	339.1726	 	593.47003	403.04538	*	240.72737	74.5342	*	56.53185	252.83759	*	460.26437	175.40344	*	173.7813	391.00388	*	388.45154	228.31277	 
187	329.65027	342.6114	 	182.96284	340.77176	*	586.33795	402.80432	 	244.22232	82.264496	 	49.09155	250.76056	*	462.33774	175.36269	 	183.10121	397.54834	*	381.8647	227.38303	*
188	326.4192	344.10403	 	169.90219	333.19232	*	581.81213	398.28564	 	249.13588	74.16491	 	42.992958	233.36697	*	467.7215	180.6041	 	177.19643	389.497	*	383.5573	221.7654	*
189	322.40735	347.3417	 	181.34647	338.80084	*	575.371	398.17163	 	240.47324	58.952557	 	37.437355	234.087	 	459.21292	176.67793	 	183.27208	391.32907	*	384.75064	229.68228	 
190	328.95612	346.20612	 	177.37878	346.1303	*	587.0475	391.51736	 	247.70944	63.945427	*	29.177166	229.0748	*	463.74902	175.98138	 	183.4088	399.30817	*	385.78876	227.60942	 
191	329.57407	343.0247	*	162.89352	355.4861	*	586.4309	394.5103	 	251.27522	61.756485	 	38.91358	227.11111	*	466.07684	185.67894	*	180.85646	393.5915	*	391.61642	226.5685	 
192	336.79388	346.09924	*	158.82048	344.45944	 	588.13	397.48877	 	250.25659	62.922287	*	52.983147	244.60674	*	468.55084	184.26648	*	184.74367	395.7057	*	396.26624	225.2922	 
193	319.38135	336.17798	*	162.73062	347.41666	*	588.2729	396.02777	*	240.98369	72.35054	*	60.469925	243.15413	*	472.5298	187.91191	*	192.49051	398.16772	*	399.39432	232.07724	*
194	314.36148	340.31995	 	162.90434	352.52563	*	594.33685	387.28442	 	235.00798	70.89628	*	53.779068	240.23256	*	471.845	187.37	*	168.6688	400.51593	*	403.78146	240.96027	*
195	310.05838	339.70303	 	162.85898	366.2278	*	604.59436	384.70016	 	224.90396	81.9661	*	46.441177	240.08824	*	468.63016	182.4389	*	166.16107	407.8725	*	403.9206	236.48824	*
196	314.23077	342.3846	*	160.43298	356.23016	*	608.9509	397.0436	 	219.79396	79.70879	*	40.76389	219.55556	*	472.11237	193.54018	 	176.99397	404.0723	*	411.83133	234.13252	 
197	319.46417	335.1531	*	160.95117	369.5	*	605.23737	400.4215	*	197.54276	74.01586	*	46.469013	215.86057	 	480.89746	192.5139	 	168.81471	412.55588	*	421.3857	227.34763	*
198	324.57278	336.22943	 	154.15164	362.79507	*	603.43256	401.77652	*	211.5	81.38827	*	40.91772	221.96582	 	484.26022	192.80653	 	157.4736	408.69803	*	420.36435	222.68927	 
199	325.9026	330.25037	 	165.7079	370.17526	*	603.4197	409.10458	*	217.89131	77.80691	*	41.168365	224.03572	 	474.38535	185.61467	 	165.43272	411.7783	*	415.6362	217.54669	*
200	323.2755	334.67346	*	167.9043	371.7093	 	611.9286	399.14285	 	224.22052	73.784615	*	41.02778	222.55833	*	466.01804	183.8705	*	162.04277	410.6842	*	416.8413	215.71257	*
201	331.8802	329.6214	*	171.39153	377.0627	*	619.0	408.5	*	225.73666	76.74362	*	38.675392	230.32199	*	470.57394	174.291	*	154.81126	413.90067	*	412.45493	204.92213	*
202	341.77072	315.4852	*	176.1686	370.47406	*	594.9145	425.60693	*	216.39154	79.30477	*	43.33376	226.74808	*	477.94687	186.34332	*	156.5	413.0114	*	410.90756	211.45798	 
203	339.90854	295.45383	 	175.12457	379.38736	*	591.787	435.09232	 	222.40244	73.40976	*	46.556374	227.875	*	481.12283	186.16908	 	148.68874	415.43707	*	412.1467	222.84431	 
204	335.95078	301.804	*	192.3983	388.8842	 	580.62915	433.09235	*	208.31155	66.43468	*	53.565163	226.95865	*	474.59686	174.87038	 	132.88637	410.35745	*	403.51547	232.81888	 
205	352.4939	303.04065	 	209.81213	396.22543	 	580.77124	439.33572	*	199.52817	63.866196	 	55.945053	218.64285	 	476.8534	177.92857	*	118.400536	411.7809	*	399.48978	229.76086	*
206	352.12616	314.08258	 	199.64262	391.13925	 	582.7743	434.2127	*	199.4467	59.530457	 	57.699535	222.54872	 	478.20203	200.42355	*	99.931725	407.89557	 	390.04022	232.42241	 
207	355.85452	337.00204	 	197.86932	395.0659	 	580.0987	444.64523	*	201.98427	60.16102	 	48.094036	230.40138	 	470.8679	201.01358	 	96.79707	404.93515	 	398.80093	243.50237	*
208	350.13022	337.08038	*	209.79793	391.85233	 	578.9705	443.93558	*	208.33215	58.020096	 	58.707058	229.1894	 	468.2544	201.12155	*	105.352005	402.50635	 	387.63635	235.87216	 
209	352.92856	337.86734	 	210.58403	392.28152	 	570.3896	435.0592	 	198.54129	58.54587	 	54.5	242.9491	 	482.3371	220.37029	*	115.1152	403.54657	 	386.7564	231.03113	 
210	348.7548	337.2898	 	208.74808	399.8248	 	575.5823	441.03238	*	185.3	88.9	*	56.63653	248.54613	 	472.57224	213.55556	 	114.33628	392.52432	*	383.2608	233.69339	*
211	352.2754	346.70923	 	201.83893	391.56723	 	568.088	432.40674	*	191.97368	95.5	*	64.03152	252.99063	 	476.7011	206.30992	*	104.35714	394.72858	*	392.29892	236.50543	*
212	349.3677	352.75232	 	197.82372	385.8814	 	576.3246	438.79443	*	214.68867	79.19811	*	75.955185	254.10849	 	470.61716	208.89714	 	96.60543	399.27316	*	385.36606	241.52678	 
213	354.69437	353.22726	*	205.7076	379.1491	 	589.1752	434.5321	*	222.27777	104.21576	*	77.8682	250.58159	 	459.90833	209.59723	 	95.54516	399.8742	*	384.09515	237.82326	 
214	361.21866	358.27628	*	210.97041	380.52368	 	586.44794	420.60327	*	222.28851	110.343346	*	57.523483	256.53326	 	459.93362	210.3643	 	88.360466	403.60464	*	372.26553	236.81355	 
215	356.32236	367.6546	 	211.09445	379.61667	 	586.1824	426.23242	*	220.0	116.04121	*	49.483154	248.63477	 	458.3134	202.75905	 	90.31977	406.36917	*	371.8466	230.60512	 
216	366.01633	368.6209	 	221.14723	379.78528	 	592.1557	429.97824	 	212.45357	106.864845	*	58.35904	244.97429	 	455.55884	193.3359	 	92.60236	412.5315	*	371.9886	234.8	 
217	373.8409	374.5909	 	205.09944	383.15826	*	591.61005	425.8749	 	200.54594	97.34325	 	67.13507	250.57109	 	460.53302	191.52402	 	89.55397	409.6873	 	389.0625	230.21527	 
218	384.70807	379.87888	 	209.56372	379.98773	*	587.9963	421.68576	 	197.3217	91.42248	 	61.55709	247.77992	 	456.56744	181.66423	 	90.65286	417.3758	*	389.12244	236.94081	 
219	383.17078	382.31232	 	196.50476	389.77856	*	594.07117	428.02567	*	192.52702	91.689186	 	66.45611	238.27481	 	449.96198	170.0848	 	84.031975	414.76163	 	384.56943	247.94298	 
220	382.30124	381.54657	 	196.54236	397.38235	*	600.872	447.8269	*	 	 	 	81.8304	229.70044	 	455.36826	166.9551	 	89.09726	410.89178	 	387.93463	257.55475	 
221	396.34326	380.32132	 	204.1531	393.0032	*	604.0966	446.1546	*	 	 	 	86.18021	227.77919	 	450.93332	152.51212	 	97.059105	411.26038	*	396.3092	268.2862	 
222	400.28732	383.81717	 	206.78148	389.92715	*	608.4969	448.50858	*	 	 	 	88.5024	234.47116	 	452.5211	152.37952	 	87.896774	419.74194	 	400.77182	279.95963	 
223	394.62924	390.58923	 	205.51234	392.9568	*	605.1559	448.66412	*	 	 	 	89.59568	236.42902	 	443.70908	146.25455	 	83.39032	419.55807	 	394.4979	273.84518	 
224	392.35715	391.55872	 	202.98508	407.45523	*	601.4721	446.86435	 	 	 	 	82.107475	241.86137	 	450.24707	140.1147	 	85.901276	428.34076	 	396.7233	286.74466	 
225	396.96594	392.00308	 	200.42192	416.45215	*	597.1409	447.17987	*	 	 	 	84.27918	242.77129	 	450.7365	144.93187	 	90.35266	437.60345	 	400.71124	296.1279	 
226	392.69455	397.2321	 	181.90213	409.6821	*	593.09985	446.0787	 	 	 	 	80.0534	247.2411	 	446.6247	146.01059	 	81.66568	441.2722	 	402.4607	289.14847	 
227	396.37848	400.86804	 	190.73698	411.0729	 	604.3519	438.12137	*	 	 	 	81.39137	247.71405	 	448.90955	158.40703	 	82.50588	449.59705	*	398.32123	290.4489	*
228	395.80264	388.42435	 	187.20842	418.13498	*	605.8123	440.7102	*	 	 	 	85.857376	249.38197	 	452.30905	152.25125	 	78.09385	454.74307	*	396.4717	291.2095	*
229	388.68127	397.85846	 	196.67882	415.53766	 	597.50287	437.85413	*	 	 	 	90.418304	245.05229	 	458.78976	152.31818	 	84.596275	444.6087	 	400.93393	294.42767	 
230	393.66473	377.34845	 	208.3521	404.7119	 	604.1038	435.38968	*	 	 	 	83.68987	241.32594	 	464.17346	149.14432	 	64.29448	452.1871	*	407.89294	285.29675	*
231	396.77972	384.27386	 	206.2	395.48935	 	612.9236	436.95465	*	 	 	 	80.6478	232.29874	 	471.38794	152.12643	*	64.99683	445.2342	 	416.0028	290.9581	*
232	395.45563	391.4778	 	207.45966	387.75266	*	619.22516	434.3942	*	 	 	 	87.49039	235.76602	 	468.76862	154.23671	*	62.856037	430.71982	 	417.5511	288.75305	 
233	386.13376	396.81528	 	212.20563	383.04114	*	614.22015	440.63556	*	 	 	 	92.18987	237.6519	 	473.07758	150.51193	*	61.60098	436.3567	*	417.44217	301.33615	*
234	380.8519	388.3739	 	207.48979	375.29846	*	599.4453	451.0375	*	 	 	 	100.4288	236.43527	 	474.41516	161.84447	 	68.442856	443.7984	*	413.31982	309.39474	*
235	375.4842	403.2405	 	215.45787	379.07864	*	601.39453	444.7451	 	 	 	 	94.53762	250.67868	 	467.99863	160.17847	 	70.795135	446.35764	*	415.75806	315.52997	*
236	366.70807	400.70807	 	211.00456	388.12613	*	599.0331	437.3106	 	 	 	 	101.17792	249.47546	 	463.66855	158.95506	 	81.760994	454.5352	*	411.3421	314.04785	 
237	365.01712	402.89383	 	212.26944	399.19724	 	595.16754	425.2946	 	 	 	 	107.39527	257.9831	*	462.15088	163.46758	 	80.54627	450.482	*	412.39944	313.65216	*
238	360.72714	408.8975	 	220.18831	416.74155	*	584.8017	430.20905	*	 	 	 	115.659325	264.21185	*	452.13028	164.79399	 	81.286125	450.50577	*	409.98877	319.8146	 
239	355.43506	408.4026	 	220.44254	420.75287	*	594.7945	425.8624	*	 	 	 	119.091835	271.4456	*	453.2525	167.21657	 	79.79345	447.86752	*	401.948	309.87332	 
240	358.85907	414.77518	 	230.94336	428.03723	*	583.6379	426.32043	*	 	 	 	120.21154	273.33975	*	448.627	167.9073	 	74.19252	444.11496	*	396.83728	316.10947	 
241	356.59967	414.68604	 	234.30571	431.40286	*	586.0283	421.85626	 	 	 	 	120.84831	273.08426	*	440.87988	162.44379	 	81.073265	448.41772	*	409.9294	316.2559	 
242	364.4939	415.12997	 	236.90636	442.7857	*	584.51556	420.60455	*	 	 	 	118.452545	283.8729	 	440.97516	157.25146	 	80.70588	455.67648	*	410.20892	328.47406	 
243	352.02026	427.9257	 	232.61688	435.9156	*	595.55133	418.25812	*	 	 	 	123.51661	279.7691	 	454.2034	147.8079	 	78.692986	454.69006	*	409.3544	332.6511	 
244	361.65173	420.1138	 	232.33212	430.35037	*	594.8342	425.2375	 	 	 	 	126.37376	278.07474	 	455.69598	140.45729	 	90.9858	454.19086	*	398.10675	343.95786	 
245	357.82318	421.44513	 	226.36275	441.15033	*	602.6438	417.24945	 	 	 	 	119.82827	276.0684	*	448.2157	147.71446	 	86.51588	448.40793	*	402.36096	349.99112	 
246	364.9534	426.52542	 	217.29396	444.4258	*	598.43933	415.60648	*	 	 	 	115.34593	263.5814	*	446.49677	149.08777	*	77.11514	454.21924	*	404.61966	350.0527	 
247	364.63635	422.08524	 	210.9901	447.9876	*	607.85205	409.9762	 	 	 	 	125.552055	259.02054	*	444.92053	148.27075	*	78.54451	451.2448	*	405.99402	348.61676	 
248	365.8913	431.5	 	222.86975	447.51962	*	605.6896	400.01743	 	 	 	 	127.220695	250.20074	 	450.19833	144.15427	 	67.76035	446.45563	*	413.9083	348.49704	 
249	361.21243	432.85294	 	224.98131	443.15854	*	608.2575	408.26172	 	 	 	 	130.63988	236.54167	*	444.2468	142.63734	 	63.14968	439.40445	*	414.28198	351.23547	 
250	362.035	430.695	 	228.27551	441.55966	*	605.5	412.29034	 	 	 	 	128.32948	245.24567	*	447.25995	139.98148	 	58.420753	440.36792	*	415.4799	350.28735	 
251	365.93805	438.4469	*	218.5246	441.70212	*	606.20764	413.6129	 	 	 	 	128.28706	231.52118	*	440.50226	145.01701	 	49.66854	455.11957	*	424.53317	347.39032	 
252	360.37854	441.002	*	216.33871	442.36176	*	619.6981	423.1354	 	 	 	 	126.126564	232.38847	 	429.27115	154.88245	 	43.836956	454.80435	 	426.519	341.59238	 
253	370.48322	445.57718	*	225.66182	440.6556	*	613.0034	422.01117	*	 	 	 	124.43719	235.21733	 	425.0206	165.35883	 	42.94712	452.87616	 	420.26804	341.85568	 
254	371.93356	441.22726	 	213.1	434.5	*	623.8924	416.87448	*	 	 	 	115.55675	235.1444	 	427.3255	167.78299	 	46.246407	448.79465	 	426.01144	349.81805	 
255	372.99344	432.03275	 	234.70474	438.89615	*	621.7431	422.96317	 	 	 	 	98.76596	223.04256	*	422.82944	172.87459	 	30.368784	455.46686	*	429.67307	338.11298	 
256	378.07425	435.65842	 	241.02364	440.41818	*	623.63293	419.689	*	 	 	 	112.62577	217.43864	 	418.05753	173.05605	 	27.996542	455.46405	*	430.3738	347.9238	 
257	 	 	 	237.18947	434.55362	 	618.3224	414.45087	*	 	 	 	117.01156	210.36127	 	420.5784	164.17221	 	15.233524	451.2593	 	436.54077	349.58633	 
258	 	 	 	261.68585	446.01202	*	619.9884	415.4063	*	 	 	 	113.853806	217.55405	 	417.6087	167.02718	 	26.25	450.5	*	432.32483	347.6898	 
259	 	 	 	250.32396	451.3403	*	621.5463	414.09778	 	 	 	 	107.58506	228.71785	 	424.5749	161.1755	*	18.671383	435.99686	*	430.52744	352.94888	 
260	 	 	 	257.10733	452.2401	*	624.02734	423.94876	 	 	 	 	110.6843	229.93344	 	420.223	160.6338	 	28.319178	444.7767	*	427.9138	354.4655	 
261	 	 	 	272.90732	458.5533	*	619.4326	427.6774	 	 	 	 	114.1943	232.8316	 	424.89447	164.85898	*	30.21448	436.9939	*	435.4684	354.2842	 
262	 	 	 	253.60814	458.58566	*	601.4551	417.10242	 	 	 	 	106.611115	230.38889	 	421.69003	157.65988	*	23.583841	431.04877	 	436.8577	351.92822	 
263	 	 	 	260.91757	455.37152	*	599.71265	414.38947	 	 	 	 	100.31057	226.65419	 	414.2229	148.80121	 	25.445784	429.84186	 	434.65555	359.83582	*
264	 	 	 	267.8208	454.31387	*	598.32635	420.40494	 	 	 	 	100.51992	211.83067	*	409.13583	153.2933	 	20.668478	424.06522	 	437.55472	356.79602	 
265	 	 	 	261.4794	455.0961	*	590.29236	420.44595	 	 	 	 	94.743904	211.19919	*	414.53857	154.26607	 	21.15951	415.79446	*	436.4782	360.64044	 
266	 	 	 	258.45563	456.82248	 	592.9746	418.4198	 	 	 	 	100.44878	206.85413	*	418.8238	150.81805	 	25.041786	426.1196	*	441.9963	354.50983	 
267	 	 	 	268.08777	463.57755	*	593.55164	422.29755	 	 	 	 	93.92446	211.83333	*	423.65833	151.99167	 	34.15047	437.90125	*	451.06958	358.9768	 
268	 	 	 	265.73196	459.58047	*	591.605	426.221	 	 	 	 	96.22078	218.31386	*	429.31064	157.69527	 	22.960228	433.48294	 	447.69833	363.4162	 
269	 	 	 	273.95016	460.63345	*	585.6343	429.93076	*	 	 	 	85.118706	214.18106	*	422.41342	160.95053	 	32.940575	444.65967	*	450.69577	361.70636	 
270	 	 	 	281.49283	467.69138	*	587.06824	429.1009	*	 	 	 	73.29829	220.03648	 	427.52307	162.21346	 	27.974453	446.43744	 	459.31656	351.1868	*
271	 	 	 	276.868	469.1066	*	585.7379	433.16522	 	 	 	 	82.6462	232.66081	 	409.906	152.786	 	30.62529	445.33527	 	463.21463	354.58585	 
272	 	 	 	277.61667	471.43054	 	586.28235	443.98706	 	 	 	 	110.76101	220.86378	*	410.23993	155.72783	 	28.4251	432.03036	 	459.9913	344.12283	 
273	 	 	 	268.30792	475.76553	 	576.9842	430.95255	*	 	 	 	122.2188	211.42014	 	405.24057	146.65965	 	25.869385	422.8045	 	459.74704	351.01306	*
274	 	 	 	260.90167	466.6219	*	571.4766	434.9248	*	 	 	 	115.149765	216.51596	*	409.439	150.41939	 	11.882688	419.48178	 	463.76456	354.14563	*
275	 	 	 	253.02278	457.94125	*	573.8286	442.2317	*	 	 	 	120.23646	214.4752	 	410.19684	156.2285	 	9.496754	411.41882	 	464.52808	354.56122	*
276	 	 	 	243.63043	443.72195	 	567.0329	445.75568	*	 	 	 	128.27907	208.39429	 	399.95395	157.8426	 	6.8468633	408.54797	*	460.06314	344.46466	*
277	 	 	 	241.18456	454.78113	*	574.2982	441.2141	*	 	 	 	142.58989	212.67303	*	401.80472	154.78809	 	7.4351144	415.958	*	461.32507	343.52612	*
278	 	 	 	235.6589	457.9979	 	571.745	435.05594	*	 	 	 	130.82751	208.97198	*	404.50244	154.95256	 	9.950934	426.52103	 	458.85028	361.01068	*
279	 	 	 	237.60045	454.13168	*	578.4499	443.4133	*	 	 	 	129.39265	209.27364	*	409.13657	166.29233	*	10.729039	424.183	 	460.54202	366.58124	*
280	 	 	 	247.69223	451.81534	*	582.964	444.4938	*	 	 	 	118.45927	209.59505	*	414.83554	160.65012	 	10.912416	405.806	 	459.47208	366.68716	*
281	 	 	 	256.22562	442.47958	*	580.85	443.15002	*	 	 	 	119.968	213.68272	 	418.16666	153.83333	 	9.110705	410.1691	 	470.24026	371.02728	*
282	 	 	 	246.03847	449.1456	*	589.71265	439.66678	*	 	 	 	107.38646	208.58952	 	415.9059	169.59302	*	11.649028	407.66415	 	466.0459	365.87222	*
283	 	 	 	250.6676	447.17038	*	582.90094	446.4848	 	 	 	 	106.72267	215.4008	*	420.09293	166.05457	 	15.607883	406.9917	 	472.2675	363.49	*
284	 	 	 	250.31212	439.65756	 	582.5047	446.2263	*	 	 	 	123.393616	230.9024	*	426.7877	164.81787	 	18.362232	408.9798	 	486.76666	351.5119	*
285	 	 	 	253.73099	444.28656	*	584.92084	449.56	 	 	 	 	128.4739	240.5206	*	426.45477	173.23138	 	24.086466	413.64035	 	473.51746	356.40274	*
286	 	 	 	257.69858	450.52393	 	580.5314	448.92163	*	 	 	 	134.00322	238.58173	*	426.35184	176.46297	 	15.393564	407.5693	 	484.11325	367.54776	*
287	 	 	 	259.27863	441.20483	 	580.29407	444.4968	 	 	 	 	133.10106	233.35461	*	439.83014	175.33733	 	20.043478	418.43262	 	485.32352	379.4	*
288	 	 	 	262.2047	446.50745	*	579.41003	447.5372	 	 	 	 	149.89145	235.79794	 	441.72717	187.28766	 	21.46451	413.6023	 	489.56647	382.98553	*
289	 	 	 	265.88123	441.88397	 	585.19135	445.44278	 	 	 	 	161.38441	234.16533	 	449.76917	180.7656	 	13.685082	415.85358	 	492.32678	389.6286	*
290	 	 	 	262.21906	446.73077	 	590.16455	449.9116	 	 	 	 	172.20735	226.73474	 	447.82538	178.03125	 	21.744566	426.0462	 	492.54062	391.9467	 
291	 	 	 	264.14496	446.89413	*	591.7337	449.88986	 	 	 	 	165.16763	235.06213	 	439.44815	186.05803	 	21.398907	414.0519	 	489.43146	387.40863	 
292	 	 	 	261.54688	442.6906	*	594.585	452.4341	*	 	 	 	165.15022	234.54335	 	452.6036	183.56265	 	18.523438	411.51562	 	488.27365	386.60028	*
293	 	 	 	271.52292	445.0874	*	600.2206	447.01562	*	 	 	 	160.20279	231.36208	 	448.93466	179.84422	*	19.59485	402.13687	 	488.94827	390.0977	*
294	 	 	 	258.32437	442.54532	*	595.7248	446.6668	*	 	 	 	155.28279	231.17076	 	454.1441	184.6178	*	26.673798	400.39304	 	489.55444	390.1361	*
295	 	 	 	255.4399	444.735	*	595.2598	450.65472	 	 	 	 	156.03804	228.72826	 	453.01038	171.89119	 	31.444134	394.67038	 	471.79553	386.01044	*
296	 	 	 	256.1974	449.83392	*	595.0489	446.6901	 	 	 	 	153.63448	227.77586	 	453.8756	173.51913	 	39.54847	382.43878	 	480.5794	386.35294	 
297	 	 	 	265.32492	453.87665	*	603.11975	448.0541	*	 	 	 	164.29926	223.48512	*	458.13593	191.69904	 	41.244682	382.20746	 	470.92975	384.27136	 
298	 	 	 	258.35788	456.28616	*	604.27325	449.15366	 	 	 	 	165.92406	220.33861	*	453.06934	208.77008	 	36.074024	376.12598	 	463.9568	389.75677	*
299	 	 	 	255.36783	460.49866	 	605.508	449.86197	 	 	 	 	167.35524	219.46883	*	449.05933	219.07486	*	44.955036	380.05756	 	464.3988	397.47107	 
300	 	 	 	257.7966	458.6816	 	601.2731	440.3218	 	 	 	 	162.56645	215.2907	*	455.19144	218.2985	*	44.383057	374.18735	 	460.73718	400.29514	 
301	 	 	 	264.29608	459.93292	 	609.02423	455.72092	*	 	 	 	161.05682	213.1553	*	457.0426	215.17827	 	49.51818	377.07663	 	462.75345	390.6102	 
302	 	 	 	259.3682	456.45416	*	612.97833	458.17816	*	 	 	 	161.0292	216.4244	*	447.2914	213.82669	*	55.250515	374.15775	 	459.75073	391.3559	 
303	 	 	 	261.3594	460.03238	*	612.9815	465.82336	*	 	 	 	170.3511	206.23714	*	447.86465	208.18303	*	64.342445	369.53537	 	453.2608	396.0908	 
304	 	 	 	264.90134	462.25732	*	611.28125	459.83167	*	 	 	 	159.65118	212.8499	 	442.8738	190.84047	*	65.805786	370.52478	*	459.35794	401.17688	*
305	 	 	 	260.781	464.94077	*	603.8759	463.01636	*	 	 	 	166.45578	214.4915	 	450.894	194.47755	*	75.179726	369.20697	*	467.56433	396.29825	 
306	 	 	 	267.55072	458.67874	*	597.0849	452.02588	*	 	 	 	163.27225	216.83452	 	448.01892	190.93243	*	74.69453	372.55014	*	461.43805	402.5059	 
307	 	 	 	265.15012	449.5756	*	600.0497	452.40244	 	 	 	 	168.04651	224.71706	 	455.5987	179.65828	*	67.45894	378.40097	 	458.18564	398.07187	 
308	 	 	 	265.41394	446.7285	*	606.32776	454.74875	 	 	 	 	173.90804	221.56337	 	441.31415	177.26991	*	68.6789	372.91742	 	460.8971	402.4681	*
309	 	 	 	271.14536	449.875	*	597.65454	451.20102	 	 	 	 	178.15125	227.93353	 	452.09634	173.52522	 	51.048595	370.40714	 	459.01874	397.21875	*
310	 	 	 	278.243	452.78214	*	589.5	458.72888	*	 	 	 	169.32288	236.83856	 	451.98328	164.97955	*	53.132217	369.43008	 	457.86594	398.24762	*
311	 	 	 	268.6919	457.04596	*	587.5	468.5	*	 	 	 	163.16904	236.93027	 	442.66904	160.7281	*	70.54589	361.5773	 	450.6832	405.5229	*
312	 	 	 	266.4844	463.17532	*	611.3157	460.8374	*	 	 	 	155.74641	241.9957	 	441.65167	162.33598	*	72.90713	365.89694	 	446.90994	402.2857	*
313	 	 	 	261.65988	468.51898	*	608.9122	442.98303	*	 	 	 	150.25922	238.17813	 	447.45132	170.73068	*	79.56364	362.85455	*	440.48065	410.90646	*
314	 	 	 	257.42923	471.22	*	626.1787	440.63458	*	 	 	 	144.00664	232.60841	 	443.43362	172.39473	 	84.95023	365.14218	 	449.43732	413.105	 
315	 	 	 	258.3326	468.82825	*	629.6417	439.338	*	 	 	 	146.2878	225.84218	 	436.3122	171.41878	 	83.44433	373.96185	 	460.64505	417.62036	*
316	 	 	 	251.57661	474.77823	*	623.9219	440.9219	*	 	 	 	137.0157	217.44394	 	435.8178	181.28082	*	74.32796	373.71146	*	459.52493	417.48444	 
317	 	 	 	246.58696	478.32608	*	624.7079	440.04214	 	 	 	 	127.27109	213.8494	 	436.75833	170.18333	*	73.40287	365.8576	*	451.34906	427.4937	 
318	 	 	 	261.91934	477.8871	*	613.4938	450.9919	*	 	 	 	128.41759	217.05234	 	445.88333	175.17917	 	82.625	367.72665	*	456.59213	436.7737	*
319	 	 	 	252.729	475.29388	*	606.90576	451.04312	*	 	 	 	120.05982	222.86118	 	452.14178	172.42537	 	87.72819	370.44968	*	457.06796	431.62387	*
320	 	 	 	246.60811	471.12613	 	598.3491	455.61594	*	 	 	 	113.664635	217.7561	 	439.65353	165.1063	*	85.31035	368.7112	 	460.53415	422.93478	*
321	 	 	 	243.49509	470.82678	 	609.6369	443.31845	 	 	 	 	128.56387	225.72156	 	446.0767	158.85277	 	86.696724	371.31967	 	455.81396	422.1686	*
322	 	 	 	246.72513	475.4005	*	602.32513	448.556	*	 	 	 	120.24299	225.65654	 	448.05118	169.51575	 	88.66441	374.72974	*	458.4086	419.5672	*
323	 	 	 	235.36136	469.18436	 	609.4618	450.50818	*	 	 	 	119.923256	220.60698	 	450.899	175.27777	 	93.66257	370.5397	 	456.82913	425.03265	*
324	 	 	 	231.86646	461.28882	 	611.3841	454.27313	 	 	 	 	125.343285	225.2612	 	 	 	 	91.07627	378.14597	 	441.78168	432.9912	*
325	 	 	 	242.61191	455.66245	*	614.88666	454.36948	*	 	 	 	125.34807	236.18233	 	 	 	 	87.961754	372.04108	*	449.7478	432.21902	 
326	 	 	 	245.78404	449.4533	*	617.6232	439.0725	*	 	 	 	135.53593	245.38023	 	 	 	 	88.404686	387.77258	*	448.91135	421.42908	*
327	 	 	 	250.63354	455.1482	*	613.33704	428.10187	*	 	 	 	142.07143	245.98	 	 	 	 	92.03623	394.71094	 	444.8883	420.47937	 
328	 	 	 	252.88176	452.6993	*	609.0391	429.54938	 	 	 	 	132.35321	247.3685	 	 	 	 	99.58363	388.93594	 	448.82904	424.3097	*
329	 	 	 	254.09882	451.7537	 	620.5539	428.81396	*	 	 	 	126.1383	249.34802	 	 	 	 	91.379234	375.1928	 	453.53943	433.22958	*
330	 	 	 	256.1696	456.6579	*	616.8011	439.25958	 	 	 	 	126.78571	249.24223	 	 	 	 	89.86106	361.07468	 	452.704	434.95486	*
331	 	 	 	264.03934	458.14606	*	613.43536	442.62222	*	 	 	 	128.60724	243.59566	 	 	 	 	84.76498	365.30035	 	445.18182	439.9091	*
332	 	 	 	260.62918	449.48804	*	618.5509	435.603	 	 	 	 	120.9713	250.83232	 	 	 	 	74.83902	359.1674	 	445.75	439.0	*
333	 	 	 	253.68011	450.83066	*	605.37195	435.75186	 	 	 	 	113.99052	251.38618	 	 	 	 	63.0074	356.2294	 	446.97577	420.15152	*
334	 	 	 	226.05103	449.3163	 	 	 	 	 	 	 	75.512436	253.37065	 	 	 	 	94.5	377.5	 	417.2459	418.07922	*
335	 	 	 	212.70364	442.85272	*	 	 	 	 	 	 	90.15979	229.02061	*	 	 	 	123.9	354.87314	 	400.52188	409.31686	 
336	 	 	 	 	 	 	 	 	 	 	 	 	106.557045	193.1745	 	 	 	 	146.89815	375.3287	*	421.0641	409.0261	 
337	 	 	 	 	 	 	 	 	 	 	 	 	84.325	218.025	 	 	 	 	179.09007	386.7067	 	 	 	 
338	 	 	 	 	 	 	 	 	 	 	 	 	 	 	 	 	 	 	 	 	 	 	 	 
339	 	 	 	 	 	 	 	 	 	 	 	 	 	 	 	 	 	 	 	 	 	 	 	 
340	 	 	 	 	 	 	 	 	 	 	 	 	 	 	 	 	 	 	 	 	 	 	 	 
341	 	 	 	 	 	 	 	 	 	 	 	 	 	 	 	 	 	 	 	 	 	 	 	 
342	 	 	 	 	 	 	 	 	 	 	 	 	 	 	 	 	 	 	 	 	 	 	 	 
343	 	 	 	 	 	 	 	 	 	 	 	 	 	 	 	 	 	 	 	 	 	 	 	 
344	 	 	 	 	 	 	 	 	 	 	 	 	 	 	 	 	 	 	 	 	 	 	 	 
345	 	 	 	 	 	 	 	 	 	 	 	 	 	 	 	 	 	 	 	 	 	 	 	 
346	 	 	 	 	 	 	 	 	 	 	 	 	 	 	 	 	 	 	 	 	 	 	 	 
347	 	 	 	 	 	 	 	 	 	 	 	 	 	 	 	 	 	 	 	 	 	 	 	 
348	 	 	 	 	 	 	 	 	 	 	 	 	 	 	 	 	 	 	 	 	 	 	 	 
349	 	 	 	 	 	 	 	 	 	 	 	 	 	 	 	 	 	 	 	 	 	 	 	 
350	 	 	 	 	 	 	 	 	 	 	 	 	 	 	 	 	 	 	 	 	 	 	 	 
351	 	 	 	 	 	 	 	 	 	 	 	 	 	 	 	 	 	 	 	 	 	 	 	 
352	 	 	 	 	 	 	 	 	 	 	 	 	 	 	 	 	 	 	 	 	 	 	 	 
353	 	 	 	 	 	 	 	 	 	 	 	 	 	 	 	 	 	 	 	 	 	 	 	 
354	 	 	 	 	 	 	 	 	 	 	 	 	 	 	 	 	 	 	 	 	 	 	 	 
355	 	 	 	 	 	 	 	 	 	 	 	 	 	 	 	 	 	 	 	 	 	 	 	 
356	 	 	 	 	 	 	 	 	 	 	 	 	 	 	 	 	 	 	 	 	 	 	 	 
357	 	 	 	 	 	 	 	 	 	 	 	 	 	 	 	 	 	 	 	 	 	 	 	 
358	 	 	 	 	 	 	 	 	 	 	 	 	 	 	 	 	 	 	 	 	 	 	 	 
359	 	 	 	 	 	 	 	 	 	 	 	 	 	 	 	 	 	 	 	 	 	 	 	 
360	 	 	 	 	 	 	 	 	 	 	 	 	 	 	 	 	 	 	 	 	 	 	 	 
361	 	 	 	 	 	 	 	 	 	 	 	 	 	 	 	 	 	 	 	 	 	 	 	 
362	 	 	 	 	 	 	 	 	 	 	 	 	 	 	 	 	 	 	 	 	 	 	 	 
363	 	 	 	 	 	 	 	 	 	 	 	 	 	 	 	 	 	 	 	 	 	 	 	 
364	 	 	 	 	 	 	 	 	 	 	 	 	 	 	 	 	 	 	 	 	 	 	 	 
365	 	 	 	 	 	 	 	 	 	 	 	 	 	 	 	 	 	 	 	 	 	 	 	 
366	 	 	 	 	 	 	 	 	 	 	 	 	 	 	 	 	 	 	 	 	 	 	 	 
367	 	 	 	 	 	 	 	 	 	 	 	 	 	 	 	 	 	 	 	 	 	 	 	 
368	 	 	 	 	 	 	 	 	 	 	 	 	 	 	 	 	 	 	 	 	 	 	 	 
369	 	 	 	 	 	 	 	 	 	 	 	 	 	 	 	 	 	 	 	 	 	 	 	 
370	 	 	 	 	 	 	 	 	 	 	 	 	 	 	 	 	 	 	 	 	 	 	 	 
371	 	 	 	 	 	 	 	 	 	 	 	 	 	 	 	 	 	 	 	 	 	 	 	 
372	 	 	 	 	 	 	 	 	 	 	 	 	 	 	 	 	 	 	 	 	 	 	 	 
373	 	 	 	 	 	 	 	 	 	 	 	 	 	 	 	 	 	 	 	 	 	 	 	 
374	 	 	 	 	 	 	 	 	 	 	 	 	 	 	 	 	 	 	 	 	 	 	 	 
375	 	 	 	 	 	 	 	 	 	 	 	 	 	 	 	 	 	 	 	 	 	 	 	 
376	 	 	 	 	 	 	 	 	 	 	 	 	 	 	 	 	 	 	 	 	 	 	 	 
377	 	 	 	 	 	 	 	 	 	 	 	 	 	 	 	 	 	 	 	 	 	 	 	 
378	 	 	 	 	 	 	 	 	 	 	 	 	 	 	 	 	 	 	 	 	 	 	 	 
379	 	 	 	 	 	 	 	 	 	 	 	 	 	 	 	 	 	 	 	 	 	 	 	 
380	 	 	 	 	 	 	 	 	 	 	 	 	 	 	 	 	 	 	 	 	 	 	 	 
381	 	 	 	 	 	 	 	 	 	 	 	 	 	 	 	 	 	 	 	 	 	 	 	 
382	 	 	 	 	 	 	 	 	 	 	 	 	 	 	 	 	 	 	 	 	 	 	 	 
383	 	 	 	 	 	 	 	 	 	 	 	 	 	 	 	 	 	 	 	 	 	 	 	 
384	 	 	 	 	 	 	 	 	 	 	 	 	 	 	 	 	 	 	 	 	 	 	 	 
385	 	 	 	 	 	 	 	 	 	 	 	 	 	 	 	 	 	 	 	 	 	 	 	 
386	 	 	 	 	 	 	 	 	 	 	 	 	 	 	 	 	 	 	 	 	 	 	 	 
387	 	 	 	 	 	 	 	 	 	 	 	 	 	 	 	 	 	 	 	 	 	 	 	 
388	 	 	 	 	 	 	 	 	 	 	 	 	 	 	 	 	 	 	 	 	 	 	 	 
389	 	 	 	 	 	 	 	 	 	 	 	 	 	 	 	 	 	 	 	 	 	 	 	 
390	 	 	 	 	 	 	 	 	 	 	 	 	 	 	 	 	 	 	 	 	 	 	 	 
391	 	 	 	 	 	 	 	 	 	 	 	 	 	 	 	 	 	 	 	 	 	 	 	 
392	 	 	 	 	 	 	 	 	 	 	 	 	 	 	 	 	 	 	 	 	 	 	 	 
393	 	 	 	 	 	 	 	 	 	 	 	 	 	 	 	 	 	 	 	 	 	 	 	 
394	 	 	 	 	 	 	 	 	 	 	 	 	 	 	 	 	 	 	 	 	 	 	 	 
395	 	 	 	 	 	 	 	 	 	 	 	 	 	 	 	 	 	 	 	 	 	 	 	 
396	 	 	 	 	 	 	 	 	 	 	 	 	 	 	 	 	 	 	 	 	 	 	 	 
397	 	 	 	 	 	 	 	 	 	 	 	 	 	 	 	 	 	 	 	 	 	 	 	 
398	 	 	 	 	 	 	 	 	 	 	 	 	 	 	 	 	 	 	 	 	 	 	 	 
399	 	 	 	 	 	 	 	 	 	 	 	 	 	 	 	 	 	 	 	 	 	 	 	 
400	 	 	 	 	 	 	 	 	 	 	 	 	 	 	 	 	 	 	 	 	 	 	 	 
401	 	 	 	 	 	 	 	 	 	 	 	 	 	 	 	 	 	 	 	 	 	 	 	 
402	 	 	 	 	 	 	 	 	 	 	 	 	 	 	 	 	 	 	 	 	 	 	 	 
403	 	 	 	 	 	 	 	 	 	 	 	 	 	 	 	 	 	 	 	 	 	 	 	 
404	 	 	 	 	 	 	 	 	 	 	 	 	 	 	 	 	 	 	 	 	 	 	 	 
405	 	 	 	 	 	 	 	 	 	 	 	 	 	 	 	 	 	 	 	 	 	 	 	 
406	 	 	 	 	 	 	 	 	 	 	 	 	 	 	 	 	 	 	 	 	 	 	 	 
407	 	 	 	 	 	 	 	 	 	 	 	 	 	 	 	 	 	 	 	 	 	 	 	 
408	 	 	 	 	 	 	 	 	 	 	 	 	 	 	 	 	 	 	 	 	 	 	 	 
409	 	 	 	 	 	 	 	 	 	 	 	 	 	 	 	 	 	 	 	 	 	 	 	 
410	 	 	 	 	 	 	 	 	 	 	 	 	 	 	 	 	 	 	 	 	 	 	 	 
411	 	 	 	 	 	 	 	 	 	 	 	 	 	 	 	 	 	 	 	 	 	 	 	 
412	 	 	 	 	 	 	 	 	 	 	 	 	 	 	 	 	 	 	 	 	 	 	 	 
413	 	 	 	 	 	 	 	 	 	 	 	 	 	 	 	 	 	 	 	 	 	 	 	 
414	 	 	 	 	 	 	 	 	 	 	 	 	 	 	 	 	 	 	 	 	 	 	 	 
415	 	 	 	 	 	 	 	 	 	 	 	 	 	 	 	 	 	 	 	 	 	 	 	 
416	 	 	 	 	 	 	 	 	 	 	 	 	 	 	 	 	 	 	 	 	 	 	 	 
417	 	 	 	 	 	 	 	 	 	 	 	 	 	 	 	 	 	 	 	 	 	 	 	 
418	 	 	 	 	 	 	 	 	 	 	 	 	 	 	 	 	 	 	 	 	 	 	 	 
419	 	 	 	 	 	 	 	 	 	 	 	 	 	 	 	 	 	 	 	 	 	 	 	 
420	 	 	 	 	 	 	 	 	 	 	 	 	 	 	 	 	 	 	 	 	 	 	 	 
421	 	 	 	 	 	 	 	 	 	 	 	 	 	 	 	 	 	 	 	 	 	 	 	 
422	 	 	 	 	 	 	 	 	 	 	 	 	 	 	 	 	 	 	 	 	 	 	 	 
423	 	 	 	 	 	 	 	 	 	 	 	 	 	 	 	 	 	 	 	 	 	 	 	 
424	 	 	 	 	 	 	 	 	 	 	 	 	 	 	 	 	 	 	 	 	 	 	 	 
425	 	 	 	 	 	 	 	 	 	 	 	 	 	 	 	 	 	 	 	 	 	 	 	 
426	 	 	 	 	 	 	 	 	 	 	 	 	 	 	 	 	 	 	 	 	 	 	 	 
427	 	 	 	 	 	 	 	 	 	 	 	 	 	 	 	 	 	 	 	 	 	 	 	 
428	 	 	 	 	 	 	 	 	 	 	 	 	 	 	 	 	 	 	 	 	 	 	 	 
429	 	 	 	 	 	 	 	 	 	 	 	 	 	 	 	 	 	 	 	 	 	 	 	 
430	 	 	 	 	 	 	 	 	 	 	 	 	 	 	 	 	 	 	 	 	 	 	 	 
431	 	 	 	 	 	 	 	 	 	 	 	 	 	 	 	 	 	 	 	 	 	 	 	 
432	 	 	 	 	 	 	 	 	 	 	 	 	 	 	 	 	 	 	 	 	 	 	 	 
433	 	 	 	 	 	 	 	 	 	 	 	 	 	 	 	 	 	 	 	 	 	 	 	 
434	 	 	 	 	 	 	 	 	 	 	 	 	 	 	 	 	 	 	 	 	 	 	 	 
435	 	 	 	 	 	 	 	 	 	 	 	 	 	 	 	 	 	 	 	 	 	 	 	 
436	 	 	 	 	 	 	 	 	 	 	 	 	 	 	 	 	 	 	 	 	 	 	 	 
437	 	 	 	 	 	 	 	 	 	 	 	 	 	 	 	 	 	 	 	 	 	 	 	 
438	 	 	 	 	 	 	 	 	 	 	 	 	 	 	 	 	 	 	 	 	 	 	 	 
439	 	 	 	 	 	 	 	 	 	 	 	 	 	 	 	 	 	 	 	 	 	 	 	 
440	 	 	 	 	 	 	 	 	 	 	 	 	 	 	 	 	 	 	 	 	 	 	 	 
441	 	 	 	 	 	 	 	 	 	 	 	 	 	 	 	 	 	 	 	 	 	 	 	 
442	 	 	 	 	 	 	 	 	 	 	 	 	 	 	 	 	 	 	 	 	 	 	 	 
443	 	 	 	 	 	 	 	 	 	 	 	 	 	 	 	 	 	 	 	 	 	 	 	 
444	 	 	 	 	 	 	 	 	 	 	 	 	 	 	 	 	 	 	 	 	 	 	 	 
445	 	 	 	 	 	 	 	 	 	 	 	 	 	 	 	 	 	 	 	 	 	 	 	 
446	 	 	 	 	 	 	 	 	 	 	 	 	 	 	 	 	 	 	 	 	 	 	 	 
447	 	 	 	 	 	 	 	 	 	 	 	 	 	 	 	 	 	 	 	 	 	 	 	 
448	 	 	 	 	 	 	 	 	 	 	 	 	 	 	 	 	 	 	 	 	 	 	 	 
449	 	 	 	 	 	 	 	 	 	 	 	 	 	 	 	 	 	 	 	 	 	 	 	 
450	 	 	 	 	 	 	 	 	 	 	 	 	 	 	 	 	 	 	 	 	 	 	 	 
451	 	 	 	 	 	 	 	 	 	 	 	 	 	 	 	 	 	 	 	 	 	 	 	 
452	 	 	 	 	 	 	 	 	 	 	 	 	 	 	 	 	 	 	 	 	 	 	 	 
453	 	 	 	 	 	 	 	 	 	 	 	 	 	 	 	 	 	 	 	 	 	 	 	 
454	 	 	 	 	 	 	 	 	 	 	 	 	 	 	 	 	 	 	 	 	 	 	 	 
455	 	 	 	 	 	 	 	 	 	 	 	 	 	 	 	 	 	 	 	 	 	 	 	 
456	 	 	 	 	 	 	 	 	 	 	 	 	 	 	 	 	 	 	 	 	 	 	 	 
457	 	 	 	 	 	 	 	 	 	 	 	 	 	 	 	 	 	 	 	 	 	 	 	 
458	 	 	 	 	 	 	 	 	 	 	 	 	 	 	 	 	 	 	 	 	 	 	 	 
459	 	 	 	 	 	 	 	 	 	 	 	 	 	 	 	 	 	 	 	 	 	 	 	 
460	 	 	 	 	 	 	 	 	 	 	 	 	 	 	 	 	 	 	 	 	 	 	 	 
461	 	 	 	 	 	 	 	 	 	 	 	 	 	 	 	 	 	 	 	 	 	 	 	 
462	 	 	 	 	 	 	 	 	 	 	 	 	 	 	 	 	 	 	 	 	 	 	 	 
463	 	 	 	 	 	 	 	 	 	 	 	 	 	 	 	 	 	 	 	 	 	 	 	 
464	 	 	 	 	 	 	 	 	 	 	 	 	 	 	 	 	 	 	 	 	 	 	 	 
465	 	 	 	 	 	 	 	 	 	 	 	 	 	 	 	 	 	 	 	 	 	 	 	 
466	 	 	 	 	 	 	 	 	 	 	 	 	 	 	 	 	 	 	 	 	 	 	 	 
467	 	 	 	 	 	 	 	 	 	 	 	 	 	 	 	 	 	 	 	 	 	 	 	 
468	 	 	 	 	 	 	 	 	 	 	 	 	 	 	 	 	 	 	 	 	 	 	 	 
469	 	 	 	 	 	 	 	 	 	 	 	 	 	 	 	 	 	 	 	 	 	 	 	 
470	 	 	 	 	 	 	 	 	 	 	 	 	 	 	 	 	 	 	 	 	 	 	 	 
471	 	 	 	 	 	 	 	 	 	 	 	 	 	 	 	 	 	 	 	 	 	 	 	 
472	 	 	 	 	 	 	 	 	 	 	 	 	 	 	 	 	 	 	 	 	 	 	 	 
473	 	 	 	 	 	 	 	 	 	 	 	 	 	 	 	 	 	 	 	 	 	 	 	 
474	 	 	 	 	 	 	 	 	 	 	 	 	 	 	 	 	 	 	 	 	 	 	 	 
475	 	 	 	 	 	 	 	 	 	 	 	 	 	 	 	 	 	 	 	 	 	 	 	 
476	 	 	 	 	 	 	 	 	 	 	 	 	 	 	 	 	 	 	 	 	 	 	 	 
477	 	 	 	 	 	 	 	 	 	 	 	 	 	 	 	 	 	 	 	 	 	 	 	 
478	 	 	 	 	 	 	 	 	 	 	 	 	 	 	 	 	 	 	 	 	 	 	 	 
479	 	 	 	 	 	 	 	 	 	 	 	 	 	 	 	 	 	 	 	 	 	 	 	 
480	 	 	 	 	 	 	 	 	 	 	 	 	 	 	 	 	 	 	 	 	 	 	 	 
481	 	 	 	 	 	 	 	 	 	 	 	 	 	 	 	 	 	 	 	 	 	 	 	 
482	 	 	 	 	 	 	 	 	 	 	 	 	 	 	 	 	 	 	 	 	 	 	 	 
483	 	 	 	 	 	 	 	 	 	 	 	 	 	 	 	 	 	 	 	 	 	 	 	 
484	 	 	 	 	 	 	 	 	 	 	 	 	 	 	 	 	 	 	 	 	 	 	 	 
485	 	 	 	 	 	 	 	 	 	 	 	 	 	 	 	 	 	 	 	 	 	 	 	 
486	 	 	 	 	 	 	 	 	 	 	 	 	 	 	 	 	 	 	 	 	 	 	 	 
487	 	 	 	 	 	 	 	 	 	 	 	 	 	 	 	 	 	 	 	 	 	 	 	 
488	 	 	 	 	 	 	 	 	 	 	 	 	 	 	 	 	 	 	 	 	 	 	 	 
489	 	 	 	 	 	 	 	 	 	 	 	 	 	 	 	 	 	 	 	 	 	 	 	 
490	 	 	 	 	 	 	 	 	 	 	 	 	 	 	 	 	 	 	 	 	 	 	 	 
491	 	 	 	 	 	 	 	 	 	 	 	 	 	 	 	 	 	 	 	 	 	 	 	 
492	 	 	 	 	 	 	 	 	 	 	 	 	 	 	 	 	 	 	 	 	 	 	 	 
493	 	 	 	 	 	 	 	 	 	 	 	 	 	 	 	 	 	 	 	 	 	 	 	 
494	 	 	 	 	 	 	 	 	 	 	 	 	 	 	 	 	 	 	 	 	 	 	 	 
495	 	 	 	 	 	 	 	 	 	 	 	 	 	 	 	 	 	 	 	 	 	 	 	 
496	 	 	 	 	 	 	 	 	 	 	 	 	 	 	 	 	 	 	 	 	 	 	 	 
497	 	 	 	 	 	 	 	 	 	 	 	 	 	 	 	 	 	 	 	 	 	 	 	 
498	 	 	 	 	 	 	 	 	 	 	 	 	 	 	 	 	 	 	 	 	 	 	 	 
499	 	 	 	 	 	 	 	 	 	 	 	 	 	 	 	 	 	 	 	 	 	 	 	 
500	 	 	 	 	 	 	 	 	 	 	 	 	 	 	 	 	 	 	 	 	 	 	 	 

Track 	Length	Distance traveled	Nr of Frames
1	2352.8374	318.59912	256
2	2881.3977	190.51521	335
3	2666.7673	46.526623	333
4	1842.5919	143.39319	202
5	2779.3523	126.49242	316
6	2535.8188	176.6415	297
7	2052.3423	24.342447	233
8	1786.3389	263.32608	213
