Frame	X1	Y1	Flag1	X2	Y2	Flag2	X4	Y4	Flag4	X3	Y3	Flag3
1	-14.7712	28.2304	0	5.6172	-1.2680	0	26.1168	-23.7116	0	20.1403	12.0745	0
2	-14.8134	28.4671	0	5.6302	-1.3557	0	26.1009	-23.7664	0	20.1550	12.0235	0
3	-14.6721	28.4959	0	5.6618	-1.2296	0	26.0287	-23.7186	0	19.9969	12.0394	0
4	-14.5826	28.5456	0	5.6581	-1.4033	0	26.0844	-23.7872	0	20.0431	12.0502	0
5	-14.6456	28.5515	0	5.5815	-1.2879	0	26.1383	-23.7291	0	20.0425	12.0661	0
6	-14.6869	28.4113	0	5.7418	-1.2496	0	26.1654	-23.4930	0	20.0481	12.1187	0
7	-14.6804	28.4193	0	5.7386	-1.3313	0	26.3321	-23.4510	0	19.9773	12.0831	0
8	-14.7851	28.4330	0	5.7441	-1.4485	0	26.3924	-23.5655	0	19.9419	11.9572	0
9	-14.6788	28.5204	0	5.8992	-1.3424	0	26.3597	-23.6630	0	20.0480	11.8816	0
10	-14.6098	28.5289	0	5.9988	-1.3514	0	26.1971	-23.7757	0	20.0602	11.7771	0
11	-14.6139	28.6003	0	6.0178	-1.4030	0	26.2606	-23.8853	0	19.9591	11.7522	0
12	-14.7071	28.5219	0	6.0174	-1.3622	0	26.1830	-24.0090	0	19.9788	11.7327	0
13	-14.6631	28.5656	0	5.9765	-1.3842	0	26.3199	-23.9998	0	20.0676	11.6154	0
14	-14.6412	28.6049	0	5.9718	-1.3869	0	26.4059	-24.0729	0	20.1035	11.6091	0
15	-14.5364	28.6033	0	6.0085	-1.2049	0	26.4528	-24.0344	0	20.1541	11.6164	0
16	-14.6424	28.5636	0	5.9444	-1.2517	0	26.3686	-24.0077	0	20.0757	11.6355	0
17	-14.6533	28.6129	0	6.0316	-1.4056	0	26.4775	-23.9641	0	20.0184	11.5655	0
18	-14.4769	28.6043	0	6.0805	-1.5287	0	26.5111	-23.9263	0	20.0325	11.6012	0
19	-14.5232	28.5907	0	5.9713	-1.5528	0	26.4256	-23.7896	0	19.9953	11.5778	0
20	-14.4284	28.5494	0	6.1563	-1.6717	0	26.5393	-23.8416	0	19.9450	11.5426	0
21	-14.4930	28.6578	0	6.1535	-1.6880	0	26.5053	-23.8589	0	20.1004	11.4744	0
22	-14.4906	28.6999	0	6.2150	-1.7500	0	26.4334	-23.9200	0	20.1410	11.5184	0
23	-14.3385	28.6291	0	6.2481	-1.7545	0	26.4635	-23.8472	0	20.0237	11.4143	0
24	-14.3000	28.6410	0	6.2209	-1.6991	0	26.3161	-23.8390	0	20.0431	11.2484	0
25	-14.3618	28.5311	0	6.2577	-1.7137	0	26.3304	-23.8692	0	19.9500	11.1503	0
26	-14.2468	28.5111	0	6.2199	-1.8306	0	26.2585	-23.9234	0	19.9961	11.1916	0
27	-14.1879	28.4694	0	6.3218	-1.7964	0	26.2399	-23.9384	0	20.0263	11.1496	0
28	-14.2589	28.4932	0	6.4219	-1.7398	0	26.2280	-23.8506	0	19.9790	11.0371	0
29	-14.2815	28.5698	0	6.4145	-1.6716	0	26.2383	-23.9546	0	20.0307	11.1415	0
30	-14.2332	28.5508	0	6.4238	-1.6940	0	26.3352	-23.8995	0	19.9823	11.2923	0
31	-14.2683	28.5032	0	6.3503	-1.7452	0	26.3719	-23.9776	0	19.9630	11.3479	0
32	-14.2853	28.4428	0	6.5129	-1.7362	0	26.4985	-23.9982	0	20.0488	11.3508	0
33	-14.2950	28.3798	0	6.5459	-1.6699	0	26.4655	-24.0692	0	20.0302	11.3028	0
34	-14.2633	28.2974	0	6.5711	-1.6606	0	26.5610	-24.0770	0	20.1365	11.2948	0
35	-14.2884	28.3033	0	6.6076	-1.5816	0	26.7125	-24.0209	0	20.2435	11.4188	0
36	-14.4054	28.3637	0	6.7184	-1.6643	0	26.7022	-24.0498	0	20.4032	11.3711	0
37	-14.2381	28.4164	0	6.7100	-1.7367	0	26.7930	-23.9733	0	20.5290	11.4428	0
38	-14.1228	28.5526	0	6.6988	-1.7605	0	26.8061	-23.9800	0	20.5234	11.2984	0
39	-14.2423	28.4934	0	6.7901	-1.7225	0	26.7183	-23.9998	0	20.4040	11.3368	0
40	-14.1842	28.4731	0	6.9027	-1.7523	0	26.8708	-23.9826	0	20.5078	11.2750	0
41	-14.3588	28.4385	0	6.8594	-1.8127	0	26.7986	-23.9710	0	20.5154	11.3220	0
42	-14.3002	28.3173	0	6.8385	-1.7883	0	26.9671	-23.9789	0	20.4612	11.3070	0
43	-14.3433	28.3776	0	6.7594	-1.7560	0	26.9883	-23.9253	0	20.4585	11.3362	0
44	-14.3455	28.5520	0	6.7015	-1.7122	0	26.9158	-23.8638	0	20.5656	11.2777	0
45	-14.3575	28.5114	0	6.7563	-1.8566	0	26.7752	-24.0185	0	20.6015	11.3001	0
46	-14.1621	28.5275	0	6.8414	-1.7897	0	26.7475	-24.1162	0	20.6837	11.2754	0
47	-14.1568	28.5314	0	6.9616	-1.7229	0	26.8104	-24.0199	0	20.7828	11.2171	0
48	-14.2057	28.5759	0	6.9521	-1.6660	0	26.9181	-24.1349	0	20.6515	11.2993	0
49	-14.1907	28.4740	0	6.9406	-1.7601	0	26.8680	-24.0621	0	20.7188	11.2372	0
50	-14.2213	28.4537	0	7.1362	-1.6971	0	26.7970	-24.1489	0	20.8691	11.1513	0
51	-14.0845	28.5004	0	7.1860	-1.6818	0	26.7546	-24.1073	0	20.7116	11.2597	0
52	-14.0630	28.4619	0	7.1555	-1.7402	0	26.7324	-24.0190	0	20.7427	11.1671	0
53	-14.1170	28.3976	0	7.0594	-1.6815	0	26.5538	-23.9839	0	20.7003	11.1433	0
54	-14.0224	28.5016	0	7.0110	-1.7449	0	26.4679	-23.9617	0	20.6164	11.1740	0
55	-13.9589	28.4281	0	6.9598	-1.8498	0	26.3597	-23.8574	0	20.6688	11.0739	0
56	-13.9670	28.4066	0	6.9834	-1.8513	0	26.3571	-23.8282	0	20.6852	11.0097	0
57	-13.8906	28.3614	0	6.9858	-1.9805	0	26.3386	-23.7583	0	20.6857	10.9218	0
58	-13.8141	28.2900	0	6.9022	-2.0825	0	26.3704	-23.7195	0	20.7097	10.9764	0
59	-13.8336	28.3462	0	6.9509	-2.0687	0	26.2990	-23.7293	0	20.6991	10.9083	0
60	-13.8647	28.3397	0	6.9803	-2.0613	0	26.2537	-23.6729	0	20.7234	11.0541	0
61	-13.8849	28.3461	0	6.9753	-2.1003	0	26.2643	-23.8080	0	20.7675	11.0056	0
62	-13.8201	28.3191	0	7.0328	-2.1380	0	26.2447	-23.8819	0	20.8488	10.8390	0
63	-13.9021	28.3190	0	6.9771	-1.9713	0	26.1745	-23.7547	0	20.6836	10.8240	0
64	-13.8732	28.2076	0	7.0308	-1.9283	0	26.1654	-23.6387	0	20.7156	10.8993	0
65	-13.8966	28.3519	0	6.9533	-2.1133	0	26.0439	-23.5416	0	20.6963	10.9007	0
66	-13.7716	28.2497	0	7.0419	-2.2099	0	26.0436	-23.5938	0	20.6750	10.8684	0
67	-13.6449	28.3728	0	7.0625	-2.1637	0	26.1271	-23.5734	0	20.7053	10.8194	0
68	-13.6669	28.3275	0	6.8292	-2.2608	0	26.0815	-23.4885	0	20.7276	10.7953	0
69	-13.5500	28.4965	0	6.8188	-2.2975	0	26.1120	-23.4668	0	20.7720	10.8579	0
70	-13.3110	28.4704	0	6.7100	-2.4321	0	26.2484	-23.4649	0	20.8109	10.8224	0
71	-13.4345	28.4917	0	6.8735	-2.4586	0	26.2867	-23.3982	0	20.7745	10.8518	0
72	-13.4716	28.3392	0	6.8456	-2.4266	0	26.3967	-23.4028	0	20.8691	10.7868	0
73	-13.4246	28.3809	0	6.7513	-2.4042	0	26.2979	-23.4285	0	20.8659	10.7329	0
74	-13.4592	28.3861	0	6.8323	-2.2996	0	26.4732	-23.5380	0	20.8813	10.7130	0
75	-13.6392	28.3616	0	6.7602	-2.3493	0	26.4406	-23.5585	0	20.9899	10.6818	0
76	-13.5934	28.2800	0	6.7899	-2.3913	0	26.4218	-23.4344	0	21.0255	10.7672	0
77	-13.6293	28.2061	0	6.6806	-2.4405	0	26.6027	-23.4930	0	21.0893	10.7197	0
78	-13.6351	28.3468	0	6.5865	-2.4716	0	26.5700	-23.5144	0	21.0882	10.6896	0
79	-13.7498	28.2579	0	6.6272	-2.3770	0	26.5397	-23.6222	0	21.1747	10.8423	0
80	-13.6583	28.1672	0	6.6218	-2.2987	0	26.5204	-23.5436	0	21.2258	10.8242	0
81	-13.6695	28.1650	0	6.7155	-2.2982	0	26.5072	-23.5604	0	21.1410	10.7547	0
82	-13.6730	28.0936	0	6.6887	-2.3417	0	26.5938	-23.5873	0	21.0792	10.9461	0
83	-13.6478	28.0692	0	6.7727	-2.3489	0	26.4560	-23.6311	0	21.1456	10.7746	0
84	-13.5573	28.2107	0	6.8459	-2.3431	0	26.4047	-23.5235	0	21.1859	10.7605	0
85	-13.5473	28.0647	0	6.7795	-2.4184	0	26.4091	-23.6578	0	21.1740	10.8064	0
86	-13.6172	28.0775	0	6.7499	-2.4887	0	26.5238	-23.5477	0	21.2605	10.7127	0
87	-13.6164	28.1902	0	6.6851	-2.4244	0	26.5635	-23.6154	0	21.4279	10.7140	0
88	-13.5188	28.1352	0	6.6465	-2.5444	0	26.6771	-23.6775	0	21.4033	10.6832	0
89	-13.4204	28.1136	0	6.6567	-2.5154	0	26.6425	-23.6816	0	21.4642	10.7188	0
90	-13.4094	28.0402	0	6.7440	-2.5914	0	26.6216	-23.5877	0	21.6192	10.7515	0
91	-13.3447	27.9552	0	6.7235	-2.5364	0	26.6345	-23.7913	0	21.5679	10.8284	0
92	-13.4836	27.9146	0	6.6806	-2.5223	0	26.5784	-23.8088	0	21.6040	10.6762	0
93	-13.5690	27.9247	0	6.7072	-2.4175	0	26.5706	-23.8336	0	21.5316	10.6758	0
94	-13.6604	27.8514	0	6.7546	-2.3939	0	26.6768	-23.9173	0	21.5810	10.6861	0
95	-13.6158	27.9079	0	6.8718	-2.4853	0	26.6137	-24.0229	0	21.6243	10.6588	0
96	-13.6962	27.8974	0	6.8086	-2.4983	0	26.6627	-24.2120	0	21.5358	10.4945	0
97	-13.6132	27.8333	0	6.8026	-2.5197	0	26.7478	-24.2466	0	21.5399	10.6293	0
98	-13.5983	27.8037	0	6.7466	-2.5831	0	26.6585	-24.3306	0	21.5603	10.6558	0
99	-13.5653	27.7351	0	6.7248	-2.4576	0	26.5763	-24.3523	0	21.5008	10.8354	0
100	-13.4632	27.7876	0	6.6205	-2.4413	0	26.6707	-24.3432	0	21.4119	10.9041	0
101	-13.6120	27.7818	0	6.5557	-2.5478	0	26.6452	-24.2116	0	21.3543	10.8639	0
102	-13.6149	27.7466	0	6.6424	-2.5196	0	26.7109	-24.2594	0	21.3705	10.9784	0
103	-13.6261	27.7412	0	6.6617	-2.5555	0	26.6020	-24.2269	0	21.4346	10.9448	0
104	-13.6469	27.6573	0	6.7844	-2.5739	0	26.7242	-24.4405	0	21.4131	10.9362	0
105	-13.7405	27.6949	0	6.7323	-2.5086	0	26.6869	-24.3529	0	21.5329	11.0882	0
106	-13.7365	27.7863	0	6.8010	-2.6208	0	26.8199	-24.3760	0	21.5665	11.0914	0
107	-13.6755	27.9005	0	6.7906	-2.6573	0	26.6637	-24.4592	0	21.5899	11.0672	0
108	-13.6394	27.8040	0	6.7876	-2.6531	0	26.6500	-24.3500	0	21.5842	11.1316	0
109	-13.6774	27.7267	0	6.8021	-2.7254	0	26.6111	-24.3446	0	21.6769	11.0467	0
110	-13.7516	27.7553	0	6.9038	-2.6405	0	26.8579	-24.1984	0	21.6094	11.0414	0
111	-13.7156	27.7411	0	6.8312	-2.7686	0	26.8569	-24.2518	0	21.6172	11.0162	0
112	-13.7697	27.7976	0	6.8706	-2.8981	0	27.0090	-24.2933	0	21.6261	11.1555	0
113	-13.8585	27.8579	0	7.0182	-3.0224	0	27.0210	-24.3611	0	21.6773	11.1285	0
114	-13.8206	27.8211	0	7.1419	-3.0282	0	27.0741	-24.3636	0	21.7540	11.1279	0
115	-13.6275	27.8226	0	7.2526	-3.1047	0	27.0151	-24.4650	0	21.7702	11.1337	0
116	-13.4768	27.8938	0	7.1676	-3.0753	0	27.2509	-24.4491	0	21.7985	11.2703	0
117	-13.4177	27.9668	0	7.1644	-3.0151	0	27.2182	-24.4011	0	21.7243	11.3725	0
118	-13.4098	28.0086	0	7.1098	-3.0179	0	27.2469	-24.3789	0	21.8432	11.2979	0
119	-13.4447	28.0875	0	7.0914	-2.9326	0	27.1138	-24.2975	0	21.8895	11.2484	0
120	-13.3346	28.0091	0	7.1028	-3.0431	0	27.2125	-24.3488	0	22.0320	11.3204	0
121	-13.2238	27.8749	0	7.2248	-2.9564	0	27.2501	-24.2763	0	22.0378	11.3155	0
122	-13.1947	27.8720	0	7.2207	-2.9394	0	27.1771	-24.4386	0	22.1684	11.3777	0
123	-13.2366	27.9189	0	7.2139	-2.8784	0	27.1686	-24.5243	0	22.2802	11.4056	0
124	-13.3378	27.8903	0	7.0897	-2.8222	0	27.2829	-24.2218	0	22.0930	11.3260	0
125	-13.2979	27.8282	0	7.0916	-2.8472	0	27.3003	-24.2452	0	22.1529	11.2864	0
126	-13.3677	27.9569	0	7.1003	-2.8253	0	27.3492	-24.2302	0	22.2300	11.3302	0
127	-13.2191	28.0183	0	7.1008	-2.7912	0	27.3025	-24.3506	0	22.3115	11.4449	0
128	-13.2201	28.0031	0	7.0890	-2.6954	0	27.2880	-24.2820	0	22.1303	11.3831	0
129	-13.2170	27.9871	0	6.9370	-2.7909	0	27.3063	-24.3000	0	22.1259	11.5206	0
130	-13.2037	27.9819	0	6.9878	-2.7887	0	27.2851	-24.2696	0	22.1136	11.5431	0
131	-13.2376	28.0305	0	6.9452	-2.7487	0	27.2610	-24.1991	0	22.1100	11.5440	0
132	-13.2441	28.0351	0	7.0729	-2.6936	0	27.3346	-24.1964	0	22.2114	11.5575	0
133	-13.0120	28.1179	0	7.2027	-2.6172	0	27.4758	-24.2244	0	22.2817	11.5687	0
134	-13.0875	28.0644	0	7.1202	-2.4864	0	27.4221	-24.1994	0	22.2181	11.6666	0
135	-13.0454	28.0059	0	7.1294	-2.6183	0	27.5256	-24.0166	0	22.2509	11.5753	0
136	-13.0214	27.8940	0	7.1025	-2.5765	0	27.4349	-24.1294	0	22.1789	11.3600	0
137	-13.0302	27.9197	0	7.1335	-2.5368	0	27.5448	-24.1251	0	22.2450	11.2997	0
138	-12.9518	27.8539	0	7.1480	-2.5752	0	27.3398	-24.1500	0	22.2867	11.3230	0
139	-12.9215	28.0084	0	7.2689	-2.4905	0	27.3895	-24.0989	0	22.4167	11.2703	0
140	-13.0754	28.0602	0	7.2931	-2.5512	0	27.3416	-24.0113	0	22.4011	11.3295	0
141	-13.0238	28.0914	0	7.3791	-2.7319	0	27.1685	-24.0286	0	22.4354	11.4168	0
142	-13.0353	28.2268	0	7.4410	-2.7704	0	27.2721	-23.9469	0	22.3319	11.3903	0
143	-13.1012	28.2500	0	7.3415	-2.9202	0	27.0886	-24.0032	0	22.3320	11.2997	0
144	-13.0131	28.3218	0	7.2671	-2.9248	0	27.0572	-24.0511	0	22.3843	11.2756	0
145	-13.0664	28.4701	0	7.3083	-2.8488	0	27.1239	-23.9353	0	22.5212	11.3942	0
146	-13.0549	28.4252	0	7.3067	-2.8596	0	27.2009	-23.8715	0	22.4299	11.4150	0
147	-13.0826	28.4247	0	7.1752	-2.8741	0	27.1960	-24.0442	0	22.5189	11.3111	0
148	-13.0865	28.6028	0	7.0398	-2.9923	0	27.3372	-24.0680	0	22.4911	11.3516	0
149	-12.9918	28.6148	0	7.1337	-3.0408	0	27.4700	-24.1121	0	22.5269	11.4096	0
150	-12.9734	28.5463	0	7.0079	-3.0676	0	27.6474	-24.1003	0	22.6461	11.2356	0
151	-12.8487	28.7416	0	7.1504	-3.1203	0	27.5755	-24.1348	0	22.6427	11.1027	0
152	-12.8105	28.7128	0	7.2153	-3.2076	0	27.5851	-24.1681	0	22.6282	11.1117	0
153	-12.7670	28.7683	0	7.2016	-3.2583	0	27.5066	-24.2099	0	22.5701	11.0611	0
154	-12.7201	28.6881	0	7.1955	-3.2456	0	27.6223	-24.1529	0	22.4912	11.0843	0
155	-12.7135	28.6661	0	7.2366	-3.4721	0	27.6135	-24.1663	0	22.4988	11.1412	0
156	-12.6818	28.5949	0	7.3078	-3.3676	0	27.5016	-24.1003	0	22.4729	11.1191	0
157	-12.5803	28.7841	0	7.3571	-3.2806	0	27.5594	-23.8895	0	22.5473	10.9688	0
158	-12.4117	28.7108	0	7.4226	-3.2523	0	27.6912	-24.0046	0	22.5747	11.0924	0
159	-12.4336	28.7573	0	7.3875	-3.3250	0	27.7400	-24.1684	0	22.7264	11.1064	0
160	-12.4112	28.7302	0	7.4355	-3.2014	0	27.7194	-24.1319	0	22.6231	10.9659	0
161	-12.4258	28.6562	0	7.3809	-3.3543	0	27.6152	-24.1290	0	22.6342	10.9673	0
162	-12.4106	28.5479	0	7.4325	-3.3985	0	27.7078	-24.2568	0	22.7472	10.8641	0
163	-12.3528	28.7013	0	7.4095	-3.3839	0	27.6674	-24.0913	0	22.7597	10.7291	0
164	-12.3800	28.6993	0	7.3489	-3.4460	0	27.6825	-24.0092	0	22.8061	10.8255	0
165	-12.3433	28.6184	0	7.3301	-3.4881	0	27.6057	-24.1213	0	22.9141	10.7510	0
166	-12.3814	28.6745	0	7.3305	-3.5488	0	27.5726	-23.9403	0	22.7920	10.6849	0
167	-12.3160	28.6527	0	7.2765	-3.5966	0	27.6237	-24.0150	0	22.7155	10.8111	0
168	-12.2206	28.6370	0	7.1882	-3.5299	0	27.6448	-24.0813	0	22.6984	10.7277	0
169	-12.3152	28.7824	0	7.1679	-3.3684	0	27.5329	-24.0648	0	22.6597	10.6264	0
170	-12.3631	28.6298	0	7.1694	-3.2913	0	27.5188	-24.2051	0	22.6041	10.6653	0
171	-12.2772	28.5313	0	7.0782	-3.3033	0	27.5409	-24.2603	0	22.6298	10.6982	0
172	-12.2659	28.7562	0	7.0510	-3.1611	0	27.6717	-23.9789	0	22.7966	10.5550	0
173	-12.2662	28.7274	0	7.1042	-3.0426	0	27.6462	-24.0404	0	22.8004	10.7212	0
174	-12.2328	28.6710	0	7.1011	-3.1735	0	27.7107	-24.0883	0	22.7323	10.7095	0
175	-12.1930	28.7111	0	7.0416	-3.1062	0	27.7485	-24.0509	0	22.6702	10.6460	0
176	-12.1968	28.7506	0	7.1198	-3.0352	0	27.6652	-24.1328	0	22.8030	10.6113	0
177	-12.1605	28.7310	0	7.0892	-3.0070	0	27.5382	-24.1520	0	22.6440	10.6323	0
178	-12.0473	28.8511	0	7.0265	-2.9773	0	27.5419	-24.1646	0	22.7679	10.7035	0
179	-12.0948	28.9485	0	6.9714	-2.9150	0	27.6503	-24.2271	0	22.7612	10.7801	0
180	-11.9307	28.8073	0	6.9864	-2.9032	0	27.6791	-24.2502	0	22.7766	10.7736	0
181	-11.9461	28.6215	0	6.8766	-2.9540	0	27.6124	-24.2412	0	22.6981	10.7983	0
182	-12.0163	28.6399	0	6.9171	-2.9460	0	27.6130	-24.3606	0	22.6913	10.6897	0
183	-11.9767	28.6087	0	7.0447	-2.8996	0	27.4109	-24.3905	0	22.6406	10.6655	0
184	-11.9952	28.5484	0	7.0180	-2.8945	0	27.4300	-24.3900	0	22.6092	10.7331	0
185	-12.0014	28.4575	0	6.9489	-2.9761	0	27.4149	-24.3846	0	22.6191	10.8265	0
186	-11.8902	28.5205	0	6.8675	-2.9378	0	27.3557	-24.3446	0	22.6074	10.8148	0
187	-11.9287	28.5220	0	6.7897	-2.9586	0	27.3072	-24.2704	0	22.6015	10.9078	0
188	-11.9371	28.5314	0	6.7594	-3.0651	0	27.3062	-24.3936	0	22.6391	10.8378	0
189	-11.8853	28.6557	0	6.7516	-3.0956	0	27.1862	-24.3325	0	22.5803	10.8512	0
190	-11.9568	28.6832	0	6.7793	-3.1260	0	27.2776	-24.3229	0	22.6023	10.8788	0
191	-11.8823	28.5373	0	6.7910	-3.2275	0	27.3530	-24.3837	0	22.6254	10.9452	0
192	-11.9282	28.5548	0	6.6537	-3.2644	0	27.3829	-24.3266	0	22.6957	10.9567	0
193	-11.8051	28.5993	0	6.6362	-3.1297	0	27.4449	-24.2035	0	22.7877	10.8944	0
194	-11.7939	28.4018	0	6.7289	-3.1864	0	27.4521	-24.3082	0	22.7477	10.9324	0
195	-11.8152	28.3361	0	6.7281	-3.1645	0	27.5651	-24.2802	0	22.9123	10.9852	0
196	-11.7066	28.4109	0	6.6224	-3.1764	0	27.4812	-24.2945	0	22.9642	10.9844	0
197	-11.6261	28.3332	0	6.5631	-3.3128	0	27.5271	-24.2426	0	22.9149	10.9833	0
198	-11.5959	28.4048	0	6.4894	-3.3487	0	27.4666	-24.2515	0	22.9381	10.9536	0
199	-11.6208	28.3493	0	6.3760	-3.3274	0	27.5189	-24.2308	0	22.9830	11.0001	0
200	-11.5084	28.3267	0	6.3075	-3.3461	0	27.7478	-24.2731	0	23.1125	11.1099	0
201	-11.6443	28.3604	0	6.3915	-3.3964	0	27.7399	-24.2502	0	23.1575	11.1624	0
202	-11.7402	28.3873	0	6.2401	-3.3867	0	27.7464	-24.2627	0	23.1251	11.1150	0
203	-11.6449	28.3593	0	6.1747	-3.4584	0	27.8782	-24.3127	0	23.0411	11.1523	0
204	-11.7145	28.3091	0	6.1909	-3.3432	0	27.8105	-24.2012	0	23.1017	11.1871	0
205	-11.6233	28.3984	0	6.2126	-3.3456	0	27.8771	-24.1714	0	23.1286	11.0541	0
206	-11.5094	28.2520	0	6.2161	-3.1993	0	27.9571	-24.1915	0	23.2460	11.1126	0
207	-11.5321	28.2795	0	6.2103	-3.2442	0	27.8766	-24.1892	0	23.2564	11.0878	0
208	-11.4875	28.2221	0	6.1402	-3.1109	0	27.8310	-24.1619	0	23.1212	11.0453	0
209	-11.3250	28.1858	0	6.1639	-3.1416	0	27.7879	-24.1591	0	23.2145	11.1398	0
210	-11.1868	28.2629	0	6.2171	-3.2312	0	27.6959	-24.1975	0	23.3715	11.1270	0
211	-11.2480	28.3928	0	6.2294	-3.3004	0	27.6204	-24.1334	0	23.5595	11.1748	0
212	-11.2633	28.3539	0	6.2724	-3.3069	0	27.5584	-24.1022	0	23.3885	11.3485	0
213	-11.2248	28.2599	0	6.2337	-3.1866	0	27.6560	-24.0509	0	23.4497	11.2815	0
214	-11.2286	28.2586	0	6.2868	-3.0795	0	27.6455	-24.0012	0	23.4664	11.2969	0
215	-11.2241	28.1819	0	6.5952	-3.1946	0	27.5016	-23.9789	0	23.4618	11.5783	0
216	-11.2499	28.0388	0	6.6738	-3.1716	0	27.5369	-24.0256	0	23.3236	11.3744	0
217	-11.3062	28.1301	0	6.8451	-3.0782	0	27.6390	-24.0229	0	23.2845	11.3815	0
218	-11.2698	28.0407	0	6.7276	-3.1575	0	27.6931	-23.9549	0	23.2398	11.4607	0
219	-11.2185	27.9382	0	6.7354	-3.2555	0	27.6735	-23.9527	0	23.2202	11.4254	0
220	-11.1133	28.0364	0	6.9094	-3.1933	0	27.6403	-23.9161	0	23.2712	11.3969	0
221	-11.2354	27.8485	0	6.8979	-3.2366	0	27.7335	-23.9473	0	23.1969	11.2360	0
222	-11.2341	27.8263	0	6.8725	-3.1355	0	27.8262	-23.9300	0	23.2008	11.2052	0
223	-11.3010	27.7506	0	6.8934	-3.1279	0	27.8932	-23.9958	0	23.1066	11.2008	0
224	-11.4063	27.7378	0	6.8486	-3.0818	0	27.9459	-23.8546	0	23.2091	11.1677	0
225	-11.3927	27.9141	0	6.9660	-3.1574	0	28.0769	-23.7533	0	23.1794	11.1190	0
226	-11.3807	27.8575	0	7.1543	-3.1872	0	28.0744	-23.7909	0	23.1977	11.0074	0
227	-11.3166	27.7678	0	7.2302	-3.2691	0	28.0987	-23.6139	0	23.1633	11.0414	0
228	-11.3530	27.7262	0	7.3526	-3.1866	0	28.1889	-23.5631	0	23.1606	11.0938	0
229	-11.1928	27.7144	0	7.4661	-3.1551	0	28.1691	-23.6873	0	23.1629	11.0811	0
230	-11.1930	27.6511	0	7.4420	-3.1940	0	27.9778	-23.7839	0	23.0102	11.0257	0
231	-11.1468	27.6643	0	7.4469	-3.2004	0	28.0295	-23.7725	0	23.0072	11.0326	0
232	-11.0302	27.5396	0	7.5540	-3.1530	0	28.0417	-23.8127	0	23.0843	11.0543	0
233	-11.0024	27.6778	0	7.5636	-3.0795	0	28.0925	-23.9094	0	23.0132	10.9358	0
234	-11.0304	27.6691	0	7.3513	-3.0796	0	28.0813	-23.7824	0	22.9786	10.8498	0
235	-11.0695	27.6724	0	7.2991	-3.1097	0	28.1039	-23.8518	0	23.0314	10.7383	0
236	-10.8637	27.5696	0	7.3133	-3.1834	0	28.1101	-24.0021	0			
237	-10.8092	27.7046	0	7.3426	-3.2056	0	28.1660	-24.0135	0			
238	-10.7698	27.7281	0	7.2680	-3.2577	0	28.0658	-24.0717	0			
239	-10.7901	27.7792	0	7.2546	-3.1908	0	28.0359	-23.9633	0			
240	-10.8318	27.7241	0	7.1420	-3.1441	0						
