Frame	X1	Y1	Flag1	X2	Y2	Flag2	X3	Y3	Flag3	X4	Y4	Flag4	X5	Y5	Flag5
1	-5.1991	14.0180	0	33.4295	-18.1967	0	17.7589	6.1830	0	-39.7773	7.7287	0	-33.6698	31.1905	0
2	-5.1849	14.0971	0	33.4298	-18.1882	0	17.7801	6.2158	0	-39.8058	7.7326	0	-33.6484	31.2451	0
3	-5.1724	14.0164	0	33.3843	-18.2681	0	17.7595	6.1407	0	-39.8049	7.6865	0	-33.6898	31.1555	0
4	-5.1345	14.0297	0	33.3496	-18.2102	0	17.7714	6.1866	0	-39.8171	7.7212	0	-33.6720	31.1902	0
5	-5.1424	14.0766	0	33.3629	-18.1976	0	17.7468	6.2022	0	-39.8153	7.7325	0	-33.6781	31.1797	0
6	-5.1217	14.0351	0	33.3773	-18.2676	0	17.7074	6.1631	0	-39.8319	7.7236	0	-33.6913	31.1610	0
7	-5.0725	14.0142	0	33.3976	-18.2391	0	17.7321	6.1830	0	-39.8458	7.7322	0	-33.6822	31.2019	0
8	-5.0701	14.0462	0	33.3730	-18.2068	0	17.7430	6.2549	0	-39.8197	7.8121	0	-33.6938	31.1953	0
9	-5.0747	14.0075	0	33.3563	-18.2465	0	17.7583	6.1873	0	-39.8533	7.7636	0	-33.6748	31.1540	0
10	-5.1047	13.9669	0	33.3442	-18.2447	0	17.7793	6.1765	0	-39.9066	7.7409	0	-33.6931	31.1646	0
11	-5.1540	14.0068	0	33.3444	-18.1786	0	17.7885	6.2149	0	-39.9030	7.7614	0	-33.6911	31.1734	0
12	-5.1478	13.9649	0	33.3151	-18.1961	0	17.7802	6.1691	0	-39.8987	7.7615	0	-33.6781	31.1392	0
13	-5.1542	13.9338	0	33.3085	-18.2306	0	17.7774	6.1495	0	-39.9011	7.7575	0	-33.6961	31.1632	0
14	-5.1449	13.9129	0	33.3204	-18.2046	0	17.8004	6.2023	0	-39.9173	7.7928	0	-33.7180	31.1870	0
15	-5.1181	13.9852	0	33.3312	-18.1675	0	17.7991	6.2417	0	-39.8960	7.7603	0	-33.7592	31.1964	0
16	-5.1587	13.9836	0	33.3244	-18.1748	0	17.7777	6.2025	0	-39.8651	7.7138	0	-33.7900	31.1873	0
17	-5.1929	13.9946	0	33.3119	-18.1558	0	17.7557	6.1798	0	-39.8198	7.7111	0	-33.8020	31.1776	0
18	-5.2061	14.0479	0	33.2929	-18.1270	0	17.7789	6.2035	0	-39.8337	7.7509	0	-33.7773	31.1981	0
19	-5.1788	14.0132	0	33.2711	-18.1468	0	17.7370	6.1682	0	-39.8249	7.7196	0	-33.7709	31.1428	0
20	-5.1687	13.9676	0	33.2732	-18.1983	0	17.7256	6.1851	0	-39.8518	7.7157	0	-33.8313	31.1038	0
21	-5.1254	14.0152	0	33.2201	-18.1351	0	17.7267	6.2137	0	-39.8323	7.7262	0	-33.8341	31.1316	0
22	-5.1431	13.9913	0	33.1899	-18.1294	0	17.7029	6.1640	0	-39.8552	7.7599	0	-33.8418	31.1201	0
23	-5.2097	13.9721	0	33.1593	-18.1357	0	17.7179	6.1426	0	-39.8420	7.7588	0	-33.8641	31.1165	0
24	-5.1811	13.9770	0	33.1274	-18.1159	0	17.7236	6.1601	0	-39.8469	7.7861	0	-33.8663	31.1469	0
25	-5.2045	13.9960	0	33.0988	-18.1029	0	17.7041	6.1899	0	-39.8600	7.8287	0	-33.8970	31.1593	0
26	-5.1965	13.9606	0	33.1313	-18.0965	0	17.7032	6.2233	0	-39.8229	7.8301	0	-33.8753	31.1425	0
27	-5.1977	13.9714	0	33.0988	-18.1011	0	17.7063	6.2035	0	-39.8242	7.8186	0	-33.8650	31.1575	0
28	-5.1850	13.9400	0	33.1008	-18.1410	0	17.6926	6.1885	0	-39.8225	7.8248	0	-33.8589	31.1427	0
29	-5.1675	13.9131	0	33.0954	-18.1298	0	17.6653	6.1627	0	-39.8079	7.7726	0	-33.8551	31.1496	0
30	-5.1819	13.8888	0	33.1007	-18.1305	0	17.6527	6.1614	0	-39.8101	7.7794	0	-33.8432	31.1591	0
31	-5.1771	13.8812	0	33.0766	-18.1661	0	17.6472	6.1445	0	-39.8092	7.7877	0	-33.8462	31.1666	0
32	-5.2380	13.8957	0	33.0660	-18.2169	0	17.6709	6.1436	0	-39.8217	7.7650	0	-33.8478	31.1771	0
33	-5.2571	13.9183	0	33.0913	-18.2034	0	17.7155	6.1546	0	-39.8391	7.7399	0	-33.8558	31.2654	0
34	-5.2187	13.9437	0	33.1361	-18.2305	0	17.6890	6.1087	0	-39.8287	7.7024	0	-33.9042	31.2481	0
35	-5.2205	13.9577	0	33.1381	-18.2205	0	17.6586	6.1131	0	-39.8468	7.7235	0	-33.8952	31.2235	0
36	-5.2214	13.9605	0	33.1629	-18.2463	0	17.6615	6.1224	0	-39.8260	7.7141	0	-33.9369	31.2479	0
37	-5.2294	13.9462	0	33.1632	-18.2323	0	17.6608	6.1200	0	-39.8651	7.7303	0	-33.9393	31.2822	0
38	-5.1980	13.9697	0	33.1602	-18.2154	0	17.6571	6.1121	0	-39.8407	7.7605	0	-33.9351	31.3410	0
39	-5.1982	13.9298	0	33.1739	-18.2283	0	17.6128	6.0953	0	-39.8038	7.7538	0	-33.9595	31.3544	0
40	-5.2142	13.9463	0	33.1962	-18.2449	0	17.5714	6.1117	0	-39.8626	7.7575	0	-33.9549	31.3123	0
41	-5.2246	13.9371	0	33.1854	-18.2411	0	17.5707	6.1053	0	-39.8951	7.7873	0	-33.9739	31.3435	0
42	-5.2263	13.9547	0	33.1753	-18.2405	0	17.5648	6.0985	0	-39.9236	7.7959	0	-34.0194	31.3750	0
43	-5.2691	13.9475	0	33.1625	-18.2128	0	17.5580	6.1045	0	-39.9237	7.8216	0	-34.0244	31.3834	0
44	-5.2904	13.9473	0	33.1865	-18.2431	0	17.5481	6.0876	0	-39.9692	7.7582	0	-34.0090	31.3629	0
45	-5.3233	13.9774	0	33.1889	-18.2226	0	17.5709	6.0878	0	-40.0062	7.7358	0	-34.0321	31.3754	0
46	-5.3261	14.0002	0	33.1990	-18.2046	0	17.5872	6.1334	0	-39.9947	7.7629	0	-34.0014	31.4131	0
47	-5.3388	13.9358	0	33.1943	-18.1822	0	17.5975	6.1042	0	-39.9845	7.7129	0	-33.9703	31.3540	0
48	-5.3093	13.9534	0	33.1752	-18.1706	0	17.6001	6.0616	0	-40.0131	7.7069	0	-33.9321	31.3466	0
49	-5.3360	13.9353	0	33.1467	-18.1018	0	17.6114	6.0980	0	-40.0231	7.7492	0	-33.9252	31.3918	0
50	-5.3435	13.9626	0	33.1761	-18.1262	0	17.5929	6.0986	0	-40.0016	7.7117	0	-33.9198	31.3485	0
51	-5.3613	13.9190	0	33.1660	-18.1313	0	17.5933	6.0627	0	-39.9994	7.6969	0	-33.9362	31.3590	0
52	-5.3152	13.9814	0	33.2008	-18.0559	0	17.5826	6.1403	0	-40.0118	7.7057	0	-33.9302	31.4031	0
53	-5.3052	13.9394	0	33.1971	-18.0327	0	17.5568	6.1344	0	-40.0350	7.6882	0	-33.9072	31.4217	0
54	-5.2927	13.8889	0	33.2119	-18.0429	0	17.5115	6.0939	0	-40.0735	7.6415	0	-33.8756	31.3638	0
55	-5.3039	13.9273	0	33.2540	-17.9747	0	17.4860	6.1091	0	-40.0851	7.7008	0	-33.8933	31.4130	0
56	-5.2816	13.9199	0	33.2830	-17.9615	0	17.4522	6.1448	0	-40.1127	7.7195	0	-33.9263	31.4096	0
57	-5.2646	13.8806	0	33.2653	-17.9796	0	17.4433	6.1036	0	-40.1305	7.6697	0	-33.9460	31.3944	0
58	-5.2987	13.9334	0	33.2628	-17.9439	0	17.3993	6.1090	0	-40.0896	7.6908	0	-33.9597	31.3982	0
59	-5.3034	13.9773	0	33.2836	-17.9309	0	17.3785	6.1728	0	-40.1119	7.7513	0	-33.9522	31.3873	0
60	-5.3299	13.9787	0	33.2684	-17.9259	0	17.3687	6.1718	0	-40.1289	7.6839	0	-33.9988	31.3401	0
61	-5.3889	13.9757	0	33.2548	-17.9111	0	17.3339	6.1525	0	-40.1358	7.7162	0	-33.9735	31.3454	0
62	-5.4231	13.9497	0	33.2229	-17.9073	0	17.3126	6.1933	0	-40.1015	7.6988	0	-33.9733	31.3334	0
63	-5.4509	13.9665	0	33.2370	-17.9065	0	17.3057	6.1749	0	-40.0948	7.7054	0	-33.9886	31.3480	0
64	-5.4628	13.9171	0	33.2373	-17.9629	0	17.3239	6.1644	0	-40.1144	7.6718	0	-33.9878	31.3542	0
65	-5.4520	13.9405	0	33.2362	-17.9472	0	17.3319	6.1924	0	-40.1013	7.6772	0	-34.0165	31.3494	0
66	-5.4598	13.9633	0	33.2046	-17.9636	0	17.3219	6.1598	0	-40.0570	7.6803	0	-34.0094	31.3627	0
67	-5.5169	13.9627	0	33.2361	-17.9929	0	17.3510	6.1429	0	-40.1260	7.6178	0	-34.0446	31.3225	0
68	-5.5726	13.9818	0	33.2230	-17.9734	0	17.3646	6.1054	0	-40.1243	7.6231	0	-34.0226	31.3091	0
69	-5.5372	13.9994	0	33.2300	-17.9595	0	17.3119	6.1685	0	-40.1129	7.6624	0	-34.0231	31.3144	0
70	-5.5796	13.9613	0	33.2290	-17.9535	0	17.2825	6.1456	0	-40.1096	7.6541	0	-34.0070	31.2791	0
71	-5.5697	13.9797	0	33.1980	-17.9338	0	17.2918	6.1430	0	-40.1660	7.6373	0	-34.0172	31.3002	0
72	-5.5612	14.0343	0	33.1767	-17.9106	0	17.3094	6.1721	0	-40.1691	7.6271	0	-34.0161	31.3542	0
73	-5.5657	13.9807	0	33.1375	-17.9354	0	17.2744	6.1917	0	-40.1771	7.5765	0	-33.9694	31.3784	0
74	-5.5632	13.9838	0	33.0839	-17.9524	0	17.2712	6.1678	0	-40.2135	7.5710	0	-33.9628	31.3431	0
75	-5.5409	14.0119	0	33.1141	-17.9000	0	17.3172	6.2158	0	-40.1600	7.5787	0	-33.9376	31.3888	0
76	-5.5753	14.0353	0	33.1068	-17.9047	0	17.2900	6.1948	0	-40.1615	7.6116	0	-33.9295	31.3931	0
77	-5.6000	14.0138	0	33.0970	-17.9973	0	17.2734	6.1156	0	-40.1823	7.5578	0	-33.9152	31.3660	0
78	-5.5862	14.0673	0	33.1195	-17.9394	0	17.3366	6.1526	0	-40.1814	7.5890	0	-33.8645	31.4236	0
79	-5.5559	14.1316	0	33.1211	-17.8989	0	17.3436	6.1985	0	-40.2086	7.6044	0	-33.8496	31.4485	0
80	-5.5245	14.0359	0	33.0806	-17.9570	0	17.3355	6.1200	0	-40.2201	7.5584	0	-33.8676	31.3778	0
81	-5.5179	14.0730	0	33.0816	-17.9976	0	17.3626	6.0782	0	-40.1744	7.5577	0	-33.8513	31.3864	0
82	-5.5264	14.0854	0	33.0876	-17.9266	0	17.3292	6.0663	0	-40.1861	7.5587	0	-33.8237	31.4206	0
83	-5.5366	14.0900	0	33.0799	-17.9843	0	17.3228	6.0564	0	-40.2033	7.5675	0	-33.7963	31.3921	0
84	-5.5544	14.0116	0	33.0502	-18.0240	0	17.3158	6.0281	0	-40.2176	7.4883	0	-33.7996	31.3508	0
85	-5.5818	14.0720	0	33.0458	-17.9532	0	17.3391	6.0625	0	-40.2192	7.5187	0	-33.7714	31.3768	0
86	-5.5654	14.0463	0	33.0561	-17.9555	0	17.3505	6.0773	0	-40.2207	7.5269	0	-33.7571	31.3840	0
87	-5.5797	14.0330	0	33.0725	-17.9910	0	17.3506	6.0484	0	-40.2137	7.4615	0	-33.7683	31.3287	0
88	-5.5263	14.0419	0	33.1036	-17.9603	0	17.3601	6.0557	0	-40.2638	7.4860	0	-33.7647	31.3496	0
89	-5.5452	14.0421	0	33.1214	-17.9289	0	17.3686	6.0948	0	-40.2531	7.5331	0	-33.7584	31.4025	0
90	-5.5224	13.9839	0	33.0753	-17.9750	0	17.3381	6.0448	0	-40.2735	7.5121	0	-33.7579	31.4086	0
91	-5.4896	13.9826	0	33.0806	-18.0012	0	17.3406	6.0027	0	-40.3044	7.5189	0	-33.7895	31.3903	0
92	-5.4762	14.0565	0	33.0500	-17.9786	0	17.3503	6.0860	0	-40.3475	7.5556	0	-33.7848	31.4341	0
93	-5.5252	14.0437	0	33.0130	-17.9945	0	17.3319	6.0419	0	-40.3494	7.5679	0	-33.7777	31.3882	0
94	-5.4987	14.0424	0	32.9876	-17.9970	0	17.3782	5.9675	0	-40.3530	7.5661	0	-33.7855	31.3618	0
95	-5.4902	14.1010	0	32.9455	-17.9332	0	17.3727	6.0002	0	-40.3488	7.5828	0	-33.7771	31.3968	0
96	-5.4915	14.0934	0	32.9002	-17.9234	0	17.3446	6.0452	0	-40.3647	7.6090	0	-33.7522	31.3982	0
97	-5.4861	14.0424	0	32.8922	-17.9354	0	17.3400	6.0589	0	-40.3612	7.6024	0	-33.7010	31.3571	0
98	-5.5129	14.0983	0	32.8625	-17.9491	0	17.3220	6.0798	0	-40.3866	7.6574	0	-33.7236	31.3720	0
99	-5.5253	14.1438	0	32.8639	-17.9803	0	17.3261	6.0969	0	-40.4029	7.6086	0	-33.7729	31.3645	0
100	-5.4864	14.1292	0	32.8889	-17.9981	0	17.3465	6.0721	0	-40.4040	7.6392	0	-33.7539	31.3479	0
101	-5.5041	14.1023	0	32.8763	-18.0120	0	17.3268	6.0677	0	-40.4225	7.6285	0	-33.7972	31.3054	0
102	-5.5230	14.1001	0	32.8856	-18.0146	0	17.3404	6.0350	0	-40.4594	7.6600	0	-33.7663	31.3387	0
103	-5.4943	14.0658	0	32.8876	-17.9953	0	17.3542	6.0377	0	-40.4082	7.6425	0	-33.7555	31.3185	0
104	-5.5284	14.0770	0	32.8820	-17.9902	0	17.3597	6.0789	0	-40.4402	7.6841	0	-33.7300	31.3640	0
105	-5.5325	14.0156	0	32.8700	-18.0210	0	17.2809	6.0866	0	-40.4757	7.6495	0	-33.7145	31.3541	0
106	-5.5153	14.0560	0	32.8550	-18.0069	0	17.2827	6.1183	0	-40.4808	7.6130	0	-33.6655	31.3542	0
107	-5.4960	14.0675	0	32.8566	-17.9613	0	17.2858	6.1382	0	-40.4670	7.6139	0	-33.6564	31.3799	0
108	-5.5223	14.0451	0	32.8772	-17.9743	0	17.2616	6.1116	0	-40.4973	7.5728	0	-33.6848	31.3344	0
109	-5.5525	13.9924	0	32.8432	-18.0110	0	17.2635	6.1123	0	-40.4828	7.5175	0	-33.6941	31.3079	0
110	-5.5553	14.0659	0	32.8199	-17.9291	0	17.2855	6.1456	0	-40.4823	7.5824	0	-33.7159	31.3407	0
111	-5.5566	14.0885	0	32.8362	-17.9470	0	17.2858	6.1243	0	-40.5073	7.5963	0	-33.7196	31.3398	0
112	-5.6107	13.9974	0	32.8114	-17.9877	0	17.2883	6.0657	0	-40.5188	7.4818	0	-33.7437	31.2825	0
113	-5.6290	14.0192	0	32.8052	-17.9267	0	17.2686	6.1337	0	-40.5171	7.5473	0	-33.7103	31.3462	0
114	-5.6426	14.0097	0	32.7870	-17.8719	0	17.2598	6.1791	0	-40.5357	7.5652	0	-33.7235	31.3675	0
115	-5.6564	13.9624	0	32.7713	-17.9732	0	17.2705	6.1266	0	-40.5992	7.4501	0	-33.7035	31.3019	0
116	-5.6515	13.9620	0	32.7660	-17.9606	0	17.2709	6.1571	0	-40.5392	7.5031	0	-33.7188	31.2899	0
117	-5.6907	14.0389	0	32.7757	-17.9027	0	17.2720	6.2434	0	-40.5339	7.5692	0	-33.7048	31.3693	0
118	-5.7165	13.9903	0	32.7275	-18.0111	0	17.2551	6.1854	0	-40.5506	7.5293	0	-33.7342	31.2768	0
119	-5.7152	13.9700	0	32.7591	-18.0273	0	17.2469	6.1552	0	-40.5611	7.5139	0	-33.7502	31.2841	0
120	-5.6846	13.9776	0	32.7950	-17.9882	0	17.2118	6.1402	0	-40.5851	7.5172	0	-33.7496	31.3001	0
121	-5.7659	13.9593	0	32.8351	-17.9957	0	17.1808	6.1047	0	-40.6195	7.4763	0	-33.8075	31.2501	0
122	-5.7456	13.9079	0	32.8312	-17.9963	0	17.1363	6.0749	0	-40.6316	7.4399	0	-33.7868	31.1948	0
123	-5.7616	13.9467	0	32.7908	-17.9599	0	17.1276	6.1454	0	-40.6050	7.4647	0	-33.7932	31.2026	0
124	-5.7593	13.9418	0	32.7716	-17.9743	0	17.1370	6.1382	0	-40.6371	7.4691	0	-33.8129	31.1852	0
125	-5.6938	13.9335	0	32.7630	-17.9709	0	17.1091	6.0991	0	-40.6507	7.4436	0	-33.8494	31.1281	0
126	-5.6582	13.9156	0	32.7732	-17.9523	0	17.1485	6.1243	0	-40.7036	7.4213	0	-33.8339	31.1229	0
127	-5.6481	13.9806	0	32.7262	-17.9282	0	17.1738	6.1420	0	-40.6814	7.4598	0	-33.8242	31.2091	0
128	-5.6633	13.9522	0	32.7189	-17.9429	0	17.1350	6.0584	0	-40.6796	7.4620	0	-33.8225	31.1873	0
129	-5.6725	13.9065	0	32.7062	-17.9462	0	17.1330	6.0782	0	-40.6704	7.5007	0	-33.8627	31.1968	0
130	-5.6909	13.9217	0	32.7170	-17.9225	0	17.0694	6.1643	0	-40.7015	7.4766	0	-33.8773	31.2275	0
131	-5.7727	13.9126	0	32.7049	-17.9121	0	17.0726	6.1735	0	-40.7521	7.4776	0	-33.8961	31.2362	0
132	-5.7468	13.9211	0	32.7152	-17.9061	0	17.1242	6.1289	0	-40.8142	7.4438	0	-33.8807	31.1933	0
133	-5.7635	13.9610	0	32.7264	-17.8680	0	17.1150	6.1567	0	-40.8325	7.5120	0	-33.9022	31.2303	0
134	-5.7291	13.9167	0	32.6795	-17.8618	0	17.0878	6.1524	0	-40.8246	7.5033	0	-33.8456	31.2446	0
135	-5.7736	13.9594	0	32.7095	-17.9005	0	17.1021	6.1709	0	-40.8564	7.4540	0	-33.8045	31.2106	0
136	-5.8139	13.9316	0	32.6463	-17.8525	0	17.0696	6.1498	0	-40.8580	7.4040	0	-33.7615	31.2053	0
137	-5.8360	13.9549	0	32.6894	-17.8448	0	17.0849	6.1679	0	-40.8367	7.4158	0	-33.7310	31.2151	0
138	-5.8333	13.9593	0	32.6813	-17.8404	0	17.1057	6.1963	0	-40.8275	7.3845	0	-33.7149	31.2309	0
139	-5.8782	13.9105	0	32.6418	-17.8506	0	17.1152	6.1863	0	-40.8300	7.3464	0	-33.7452	31.1959	0
140	-5.9018	13.9388	0	32.6752	-17.8536	0	17.1392	6.2332	0	-40.8131	7.3896	0	-33.7383	31.2495	0
141	-5.8943	13.9628	0	32.6608	-17.8577	0	17.1541	6.2358	0	-40.8116	7.3884	0	-33.7645	31.2010	0
142	-6.0309	13.9105	0	32.6254	-17.8716	0	17.1017	6.2300	0	-40.8282	7.3472	0	-33.7745	31.1162	0
143	-6.0134	13.9548	0	32.6487	-17.8836	0	17.1166	6.2500	0	-40.8239	7.4065	0	-33.7456	31.1287	0
144	-6.0294	14.0168	0	32.6328	-17.8816	0	17.0811	6.2944	0	-40.8367	7.4513	0	-33.7013	31.1755	0
145	-6.0311	14.0172	0	32.6455	-17.8943	0	17.1118	6.2406	0	-40.8711	7.4187	0	-33.7081	31.1035	0
146	-6.0182	14.0071	0	32.6846	-17.9239	0	17.1107	6.2988	0	-40.9072	7.4199	0	-33.7064	31.1043	0
147	-6.0239	13.9877	0	32.6966	-17.9007	0	17.0788	6.3444	0	-40.8963	7.4792	0	-33.7291	31.1198	0
148	-6.0176	13.9431	0	32.7032	-17.9137	0	17.0904	6.3387	0	-40.9247	7.4542	0	-33.7199	31.1302	0
149	-5.9827	13.9236	0	32.7024	-17.9361	0	17.0365	6.3653	0	-40.8683	7.4191	0	-33.7503	31.1309	0
150	-5.9873	13.8967	0	32.6968	-17.8817	0	17.0134	6.4080	0	-40.8557	7.4249	0	-33.7317	31.1560	0
151	-6.0118	13.9115	0	32.6944	-17.8521	0	16.9806	6.4118	0	-40.8563	7.4085	0	-33.7112	31.1843	0
152	-6.0080	13.8863	0	32.6428	-17.8511	0	16.9358	6.3830	0	-40.8614	7.4292	0	-33.7569	31.1592	0
153	-6.0583	13.9169	0	32.6392	-17.8359	0	17.0294	6.4051	0	-40.8927	7.4187	0	-33.7960	31.1368	0
154	-6.0427	13.9734	0	32.6751	-17.7857	0	17.0381	6.4402	0	-40.9206	7.4751	0	-33.8006	31.1217	0
155	-6.1230	13.9501	0	32.7052	-17.7794	0	17.0550	6.3862	0	-40.9556	7.4830	0	-33.8410	31.1087	0
156	-6.1592	13.9137	0	32.6992	-17.7763	0	16.9856	6.3224	0	-40.9703	7.4545	0	-33.8330	31.0669	0
157	-6.1726	13.9477	0	32.6792	-17.7269	0	17.0110	6.3623	0	-40.9513	7.5221	0	-33.8015	31.1126	0
158	-6.1513	13.9021	0	32.6736	-17.7417	0	16.9549	6.4204	0	-40.9753	7.4896	0	-33.8112	31.0846	0
159	-6.2166	13.8305	0	32.6725	-17.7743	0	16.9434	6.3704	0	-41.0070	7.4377	0	-33.8409	31.0419	0
160	-6.2207	13.8200	0	32.7124	-17.7566	0	16.9521	6.4128	0	-41.0220	7.5012	0	-33.8493	31.0687	0
161	-6.1970	13.8322	0	32.7003	-17.7858	0	16.9160	6.4174	0	-41.0451	7.5569	0	-33.8627	31.0814	0
162	-6.2170	13.7774	0	32.6625	-17.7900	0	16.9016	6.3290	0	-41.0414	7.5390	0	-33.8851	31.0387	0
163	-6.1981	13.8158	0	32.6270	-17.7418	0	16.9081	6.3185	0	-41.0141	7.5711	0	-33.8871	31.0727	0
164	-6.1696	13.8802	0	32.6437	-17.7316	0	16.8979	6.3469	0	-40.9966	7.5856	0	-33.8506	31.0811	0
165	-6.2126	13.8178	0	32.6240	-17.7670	0	16.8945	6.2849	0	-41.0448	7.5219	0	-33.8528	31.0574	0
166	-6.1755	13.9080	0	32.6398	-17.7596	0	16.8958	6.2340	0	-41.0563	7.5229	0	-33.8305	31.0602	0
167	-6.1937	13.9087	0	32.6459	-17.7198	0	16.9203	6.2667	0	-41.0518	7.5648	0	-33.8903	31.0729	0
168	-6.1849	13.8715	0	32.6214	-17.6882	0	16.9036	6.2634	0	-41.0492	7.6161	0	-33.9467	31.0363	0
169	-6.1577	13.8744	0	32.6525	-17.7172	0	16.9300	6.2648	0	-41.0262	7.6696	0	-33.9449	31.0297	0
170	-6.1821	13.8319	0	32.6312	-17.7383	0	16.9087	6.1909	0	-41.0022	7.6472	0	-33.9617	30.9889	0
171	-6.2082	13.8412	0	32.6139	-17.7496	0	16.8872	6.1738	0	-41.0043	7.6242	0	-33.9385	30.9989	0
172	-6.1882	13.8325	0	32.6764	-17.7483	0	16.8511	6.2441	0	-41.0523	7.6543	0	-33.9365	30.9839	0
173	-6.1758	13.7963	0	32.6819	-17.7765	0	16.8413	6.2434	0	-41.0624	7.6333	0	-33.9549	30.9380	0
174	-6.1577	13.8075	0	32.6628	-17.7652	0	16.8916	6.2450	0	-41.0419	7.6398	0	-33.9773	30.9280	0
175	-6.1985	13.8530	0	32.6568	-17.7847	0	16.8972	6.3211	0	-41.0158	7.6912	0	-33.9975	30.9610	0
176	-6.2351	13.7589	0	32.6576	-17.8406	0	16.8985	6.2541	0	-41.0170	7.6712	0	-34.0441	30.9311	0
177	-6.2586	13.7714	0	32.6520	-17.8556	0	16.9195	6.2260	0	-41.0317	7.6602	0	-34.0167	30.9220	0
178	-6.3093	13.8162	0	32.6552	-17.8252	0	16.9269	6.2625	0	-41.0340	7.6510	0	-33.9894	30.9160	0
179	-6.2794	13.7849	0	32.6420	-17.8416	0	16.9578	6.2480	0	-41.0103	7.6377	0	-33.9728	30.9199	0
180	-6.2733	13.7460	0	32.6887	-17.9021	0	16.8810	6.2241	0	-41.0057	7.5639	0	-33.9962	30.8797	0
181	-6.2489	13.7791	0	32.7020	-17.8787	0	16.8839	6.2404	0	-41.0164	7.6139	0	-33.9911	30.9102	0
182	-6.2817	13.8103	0	32.7005	-17.8564	0	16.8777	6.2269	0	-41.0468	7.5993	0	-33.9951	30.9143	0
183	-6.3159	13.8260	0	32.7116	-17.8784	0	16.8473	6.2022	0	-41.0514	7.5843	0	-33.9997	30.8560	0
184	-6.3186	13.8580	0	32.7023	-17.8583	0	16.8557	6.2278	0	-41.0189	7.6487	0	-33.9713	30.9057	0
185	-6.3299	13.8498	0	32.7230	-17.8695	0	16.8620	6.2743	0	-40.9740	7.6643	0	-33.9865	30.8961	0
186	-6.3687	13.8147	0	32.7168	-17.9349	0	16.8015	6.2090	0	-40.9973	7.6115	0	-34.0331	30.8659	0
187	-6.3651	13.8371	0	32.7041	-17.8674	0	16.8107	6.2859	0	-41.0065	7.6299	0	-34.0423	30.9508	0
188	-6.3703	13.8379	0	32.7068	-17.8611	0	16.8106	6.3121	0	-40.9935	7.6551	0	-34.0268	31.0278	0
189	-6.3772	13.8144	0	32.7089	-17.9285	0	16.8492	6.2530	0	-40.9664	7.6049	0	-34.0414	30.9586	0
190	-6.3858	13.8207	0	32.7052	-17.9791	0	16.8523	6.2978	0	-40.9768	7.6326	0	-34.0472	30.9662	0
191	-6.3835	13.8759	0	32.7350	-17.9471	0	16.8292	6.3212	0	-41.0156	7.6920	0	-34.0493	31.0030	0
192	-6.4147	13.8924	0	32.7185	-17.9994	0	16.8088	6.3120	0	-40.9969	7.6488	0	-34.0709	30.9773	0
193	-6.4097	13.8734	0	32.7339	-17.9833	0	16.7921	6.3247	0	-40.9883	7.6162	0	-34.0932	30.9529	0
194	-6.3987	13.8883	0	32.7159	-17.9709	0	16.7628	6.3281	0	-40.9395	7.6209	0	-34.1353	30.9720	0
195	-6.4313	13.8313	0	32.7364	-17.9501	0	16.8000	6.2810	0	-40.9144	7.5969	0	-34.1062	30.9615	0
196	-6.3839	13.8808	0	32.7875	-17.8889	0	16.8698	6.3458	0	-40.9227	7.6368	0	-34.1097	30.9921	0
197	-6.3625	13.8633	0	32.8023	-17.9209	0	16.8240	6.3654	0	-40.9181	7.5954	0	-34.1280	30.9966	0
198	-6.3460	13.7934	0	32.7918	-17.9208	0	16.8331	6.3274	0	-40.9450	7.5360	0	-34.1309	30.9859	0
199	-6.3762	13.8700	0	32.7947	-17.8371	0	16.8328	6.4041	0	-40.9219	7.5469	0	-34.1129	31.0387	0
200	-6.3531	13.8290	0	32.7910	-17.8881	0	16.8329	6.3594	0	-40.9580	7.5117	0	-34.1175	31.0632	0
201	-6.3673	13.8114	0	32.7956	-17.9788	0	16.8127	6.2839	0	-40.9804	7.4604	0	-34.1046	31.0315	0
202	-6.3354	13.8881	0	32.8180	-17.9919	0	16.8139	6.3390	0	-40.9711	7.4767	0	-34.0856	31.0797	0
203	-6.3546	13.8659	0	32.8136	-17.9861	0	16.7976	6.3105	0	-40.9549	7.4513	0	-34.1170	31.0596	0
204	-6.3248	13.8173	0	32.8003	-18.0151	0	16.8216	6.2377	0	-40.9698	7.3950	0	-34.1172	30.9838	0
205	-6.3313	13.8604	0	32.7835	-17.9774	0	16.7527	6.2744	0	-41.0026	7.4422	0	-34.1001	31.0648	0
206	-6.2977	13.8659	0	32.7658	-17.9658	0	16.7585	6.2747	0	-41.0212	7.4443	0	-34.1313	31.0645	0
207	-6.3639	13.8353	0	32.7489	-18.0070	0	16.7573	6.2287	0	-41.0660	7.4218	0	-34.1304	31.0198	0
208	-6.3527	13.9289	0	32.7623	-17.9697	0	16.7684	6.3386	0	-41.0864	7.4485	0	-34.1587	31.0720	0
209	-6.3338	13.9041	0	32.7037	-17.9745	0	16.7218	6.2963	0	-41.0809	7.4034	0	-34.1695	31.0622	0
210	-6.3569	13.8640	0	32.6629	-18.0196	0	16.7189	6.2777	0	-41.0890	7.3713	0	-34.1875	31.0405	0
211	-6.3932	13.8678	0	32.6879	-17.9790	0	16.7087	6.3202	0	-41.0473	7.4110	0	-34.1831	31.0971	0
212	-6.4028	13.8429	0	32.6459	-18.0089	0	16.7239	6.3386	0	-41.0561	7.4235	0	-34.1999	31.0988	0
213	-6.4653	13.7693	0	32.5912	-18.0748	0	16.7065	6.2638	0	-41.0671	7.3497	0	-34.2133	31.0492	0
214	-6.5014	13.7914	0	32.5939	-18.0333	0	16.7235	6.3211	0	-41.0764	7.3716	0	-34.1782	31.0305	0
215	-6.4836	13.7624	0	32.5646	-18.0268	0	16.7361	6.3571	0	-41.0565	7.4235	0	-34.1826	31.0324	0
216	-6.5049	13.7115	0	32.6011	-18.0768	0	16.7273	6.3057	0	-41.0778	7.3450	0	-34.1838	30.9637	0
217	-6.5114	13.7462	0	32.6101	-18.0492	0	16.7249	6.3561	0	-41.0878	7.3928	0	-34.1746	30.9901	0
218	-6.4929	13.8109	0	32.6052	-18.0181	0	16.7558	6.3667	0	-41.1452	7.4436	0	-34.1590	31.0422	0
219	-6.5170	13.7324	0	32.5518	-18.0994	0	16.7997	6.2673	0	-41.1832	7.4204	0	-34.2193	31.0091	0
220	-6.4940	13.7597	0	32.5866	-18.0721	0	16.7608	6.2982	0	-41.1808	7.4249	0	-34.2158	31.0159	0
221	-6.5285	13.7856	0	32.6543	-18.0299	0	16.7283	6.3378	0	-41.1903	7.4998	0	-34.1973	31.0778	0
222	-6.5405	13.7350	0	32.5849	-18.0471	0	16.7184	6.2855	0	-41.2568	7.4779	0	-34.2204	31.0399	0
223	-6.5471	13.6814	0	32.5712	-18.0349	0	16.6650	6.2922	0	-41.2375	7.4875	0	-34.2056	31.0184	0
224	-6.5588	13.7150	0	32.6083	-17.9983	0	16.6596	6.3516	0	-41.2456	7.5287	0	-34.1891	31.1207	0
225	-6.5538	13.6094	0	32.5597	-18.0168	0	16.6812	6.3040	0	-41.2532	7.4567	0	-34.1830	31.0637	0
226	-6.5266	13.6088	0	32.5506	-18.0206	0	16.6740	6.3310	0	-41.2936	7.4144	0	-34.1757	31.0630	0
227	-6.5527	13.6438	0	32.6018	-17.9502	0	16.6784	6.3527	0	-41.2976	7.4528	0	-34.1779	31.1122	0
228	-6.5628	13.6087	0	32.5972	-17.9678	0	16.7254	6.3134	0	-41.3185	7.3820	0	-34.1842	31.0693	0
229	-6.6115	13.6154	0	32.5635	-18.0176	0	16.7443	6.3200	0	-41.3325	7.3279	0	-34.2017	31.0250	0
230	-6.6245	13.7084	0	32.5542	-17.9937	0	16.7545	6.3927	0	-41.3021	7.3804	0	-34.1859	31.0812	0
231	-6.6249	13.6890	0	32.5599	-17.9802	0	16.7486	6.3683	0	-41.2961	7.3156	0	-34.2219	31.0526	0
232	-6.6338	13.6974	0	32.5275	-17.9721	0	16.7333	6.4116	0	-41.3003	7.3273	0	-34.2223	31.0849	0
233	-6.6004	13.7302	0	32.5232	-17.9498	0	16.7275	6.4537	0	-41.3074	7.3097	0	-34.1832	31.1191	0
234	-6.5819	13.6411	0	32.5056	-17.9999	0	16.7246	6.4401	0	-41.3672	7.2820	0	-34.1769	31.1053	0
235	-6.5440	13.7223	0	32.4600	-18.0069	0	16.7443	6.4534	0	-41.3772	7.2571	0	-34.1794	31.1184	0
236	-6.5142	13.6940	0	32.4465	-18.0045	0	16.7769	6.4983	0	-41.4162	7.2950	0	-34.1507	31.1355	0
237	-6.5231	13.6317	0	32.4133	-18.0447	0	16.7497	6.4914	0	-41.4507	7.2741	0	-34.1319	31.0823	0
238	-6.5184	13.6710	0	32.4216	-18.0099	0	16.7249	6.4881	0	-41.4665	7.2440	0	-34.1335	31.0948	0
239	-6.5435	13.7088	0	32.4445	-17.9893	0	16.6777	6.5094	0	-41.4783	7.2592	0	-34.0964	31.0997	0
240	-6.5823	13.6465	0	32.5063	-18.1967	0	16.5910	6.4921	0	-41.5979	7.2135	0			
