Frame	X1	Y1	Flag1	X2	Y2	Flag2
1	-25.9188	5.8872	0	11.0498	8.6393	0
2	-25.9160	5.9260	0	11.0405	8.6352	0
3	-25.9976	5.9250	0	11.0542	8.4871	0
4	-25.9797	5.9825	0	11.0222	8.5514	0
5	-25.9378	5.9078	0	11.0002	8.5558	0
6	-25.9755	5.9068	0	10.8456	8.6309	0
7	-26.0261	5.9858	0	10.8481	8.7413	0
8	-26.0059	5.9060	0	10.7993	8.6462	0
9	-26.0217	5.9417	0	10.7307	8.6236	0
10	-26.0817	5.8848	0	10.6698	8.6223	0
11	-26.0056	5.8655	0	10.7012	8.5602	0
12	-26.0950	5.9236	0	10.5257	8.6389	0
13	-26.1255	5.9118	0	10.4543	8.5803	0
14	-26.2092	5.8772	0	10.4564	8.6828	0
15	-26.2728	5.7978	0	10.3113	8.5695	0
16	-26.3008	5.8152	0	10.3140	8.5160	0
17	-26.3288	5.7611	0	10.2227	8.5544	0
18	-26.3644	5.7249	0	10.2871	8.5627	0
19	-26.2839	5.7043	0	10.2546	8.5894	0
20	-26.2856	5.6568	0	10.1460	8.5778	0
21	-26.2897	5.6536	0	10.2174	8.5630	0
22	-26.3190	5.6445	0	10.2231	8.6047	0
23	-26.3091	5.6184	0	10.2790	8.6160	0
24	-26.3929	5.5815	0	10.2907	8.6692	0
25	-26.3977	5.5721	0	10.3299	8.6580	0
26	-26.4655	5.5369	0	10.3346	8.6793	0
27	-26.4452	5.4933	0	10.3573	8.7338	0
28	-26.4795	5.4786	0	10.3137	8.7162	0
29	-26.4338	5.5158	0	10.3175	8.7473	0
30	-26.4331	5.5130	0	10.2233	8.8534	0
31	-26.4769	5.5129	0	10.2613	8.8025	0
32	-26.5107	5.5583	0	10.2634	8.7396	0
33	-26.6351	5.5543	0	10.3450	8.7348	0
34	-26.5783	5.5911	0	10.3562	8.6276	0
35	-26.6179	5.6206	0	10.3589	8.5936	0
36	-26.6147	5.6989	0	10.3238	8.5295	0
37	-26.6037	5.7069	0	10.2679	8.4759	0
38	-26.6541	5.5976	0	10.3356	8.4585	0
39	-26.7259	5.6983	0	10.3526	8.4425	0
40	-26.7856	5.6198	0	10.3776	8.4250	0
41	-26.7646	5.6818	0	10.3555	8.4224	0
42	-26.8578	5.7413	0	10.3460	8.4693	0
43	-26.8494	5.7795	0	10.3901	8.6068	0
44	-26.8770	5.8106	0	10.2753	8.6991	0
45	-26.8525	5.8825	0	10.3130	8.7379	0
46	-26.9191	5.8942	0	10.3263	8.7177	0
47	-27.0085	5.8517	0	10.3082	8.7559	0
48	-27.0383	5.8567	0	10.2407	8.7715	0
49	-27.0480	5.9530	0	10.0831	8.8168	0
50	-27.0360	5.9852	0	10.1003	8.8776	0
51	-27.0510	5.9322	0	10.1159	8.8452	0
52	-27.1134	5.9238	0	10.1985	8.8664	0
53	-27.1012	5.9545	0	10.2209	8.8380	0
54	-27.0061	5.9625	0	10.2127	8.9578	0
55	-27.0095	5.9452	0	10.2130	8.9922	0
56	-27.0270	5.9318	0	10.1985	8.9559	0
57	-27.1384	5.9215	0	10.3186	9.0181	0
58	-27.1892	5.8237	0	10.2127	9.0190	0
59	-27.2287	5.8428	0	10.1600	9.1315	0
60	-27.2952	5.8295	0	10.1747	9.0298	0
61	-27.2986	5.7996	0	10.1077	9.0217	0
62	-27.4332	5.7604	0	10.1552	9.0940	0
63	-27.3730	5.6854	0	10.1394	9.0733	0
64	-27.3909	5.6926	0	10.1674	9.0631	0
65	-27.3896	5.5630	0	10.0979	9.0952	0
66	-27.3242	5.4520	0	10.0430	9.1583	0
67	-27.3606	5.4347	0	10.0123	9.2063	0
68	-27.4362	5.4726	0	10.0823	9.1504	0
69	-27.4178	5.4000	0	10.0636	9.0568	0
70	-27.4452	5.3187	0	10.1120	9.0509	0
71	-27.4906	5.4822	0	10.1392	9.0759	0
72	-27.4784	5.4751	0	10.2058	9.0220	0
73	-27.5161	5.5686	0	10.2731	8.9862	0
74	-27.5419	5.5450	0	10.2942	8.9414	0
75	-27.6917	5.4940	0	10.3146	8.8825	0
76	-27.7344	5.4065	0	10.3197	8.8737	0
77	-27.6811	5.3965	0	10.3240	8.7790	0
78	-27.6737	5.4970	0	10.2702	8.8108	0
79	-27.7180	5.5405	0	10.3074	8.7759	0
80	-27.7939	5.5090	0	10.2670	8.7737	0
81	-27.7660	5.5021	0	10.2800	8.8029	0
82	-27.7451	5.5668	0	10.3766	8.8818	0
83	-27.7687	5.4486	0	10.3632	8.8909	0
84	-27.8301	5.4072	0	10.3843	8.9357	0
85	-27.8616	5.4173	0	10.3417	8.8801	0
86	-27.7475	5.4671	0	10.3012	8.8733	0
87	-27.8277	5.4805	0	10.2722	8.9383	0
88	-27.8577	5.4388	0	10.2113	8.8982	0
89	-27.8464	5.4121	0	10.2332	8.9038	0
90	-27.8623	5.4865	0	10.2733	8.9216	0
91	-27.8757	5.5368	0	10.2378	8.9449	0
92	-27.8531	5.4574	0	10.1788	8.9074	0
93	-27.8289	5.4119	0	10.0504	8.8772	0
94	-27.7609	5.4552	0	10.0005	8.8992	0
95	-27.7862	5.5393	0	10.0572	8.7947	0
96	-27.7340	5.5887	0	10.0680	8.7997	0
97	-27.6865	5.6300	0	10.0109	8.7635	0
98	-27.7765	5.6798	0	9.8886	8.8165	0
99	-27.8186	5.6609	0	9.8633	8.8711	0
100	-27.7778	5.6291	0	9.8758	8.8617	0
101	-27.7716	5.6814	0	9.8978	8.9459	0
102	-27.7468	5.5838	0	9.8639	8.9506	0
103	-27.7620	5.6532	0	9.9256	9.0328	0
104	-27.7530	5.6182	0	9.8957	9.0544	0
105	-27.8361	5.6443	0	9.7978	9.0874	0
106	-27.8171	5.6944	0	9.7450	9.1707	0
107	-27.8219	5.6846	0	9.8217	9.2513	0
108	-27.8842	5.6428	0	9.8085	9.2614	0
109	-27.8642	5.5613	0	9.8182	9.2624	0
110	-27.9335	5.5106	0	9.7649	9.2983	0
111	-27.8443	5.5109	0	9.8158	9.3047	0
112	-27.8626	5.5976	0	9.8161	9.2854	0
113	-27.8754	5.5616	0	9.7308	9.2000	0
114	-27.8372	5.6651	0	9.7131	9.1558	0
115	-27.8605	5.7203	0	9.7209	9.1994	0
116	-27.8936	5.7020	0	9.7374	9.1208	0
117	-27.8960	5.6818	0	9.7988	9.1430	0
118	-27.8658	5.7552	0	9.7696	9.1740	0
119	-27.8562	5.6175	0	9.7150	9.1139	0
120	-27.7645	5.5753	0	9.6615	9.0944	0
121	-27.8623	5.6719	0	9.6658	9.0817	0
122	-27.8220	5.7410	0	9.6717	8.9599	0
123	-27.9076	5.7277	0	9.6947	8.9513	0
124	-27.9106	5.7118	0	9.7081	8.9828	0
125	-28.0442	5.5708	0	9.7079	9.0051	0
126	-28.2365	5.4550	0	9.5788	8.9435	0
127	-28.2926	5.4743	0	9.6640	9.0344	0
128	-28.3407	5.5391	0	9.7221	9.1340	0
129	-28.3046	5.5460	0	9.7084	9.1405	0
130	-28.3216	5.5507	0	9.7155	8.9936	0
131	-28.2963	5.5664	0	9.7840	8.9126	0
132	-28.4067	5.5271	0	9.8285	9.0131	0
133	-28.3153	5.5979	0	9.7486	9.0039	0
134	-28.3440	5.6608	0	9.6578	9.0460	0
135	-28.3717	5.7234	0	9.6463	9.1200	0
136	-28.3894	5.7141	0	9.7405	9.2001	0
137	-28.3419	5.6849	0	9.8006	9.1410	0
138	-28.3798	5.8001	0	9.7891	9.1051	0
139	-28.3070	5.8695	0	9.8652	9.1819	0
140	-28.3917	5.9204	0	9.8340	9.1451	0
141	-28.3971	5.8621	0	9.8322	9.1431	0
142	-28.3396	5.9249	0	9.9031	9.1339	0
143	-28.4302	6.0377	0	9.8624	9.0839	0
144	-28.4421	5.9970	0	9.9134	9.0642	0
145	-28.4562	6.0326	0	9.9239	9.0581	0
146	-28.4705	5.9714	0	9.9365	9.0815	0
147	-28.3785	5.9589	0	9.9795	8.9655	0
148	-28.4841	6.0324	0	9.9315	8.9210	0
149	-28.4840	6.0965	0	9.9946	8.9111	0
150	-28.4838	6.0129	0	9.9894	8.7951	0
151	-28.4806	6.0776	0	10.1040	8.7828	0
152	-28.5140	6.0692	0	10.1062	8.8386	0
153	-28.4971	6.0212	0	10.1717	8.8330	0
154	-28.4124	5.9777	0	10.1331	8.7241	0
155	-28.4418	5.9841	0	10.1646	8.6553	0
156	-28.4566	5.8223	0	10.1763	8.5212	0
157	-28.5307	5.9263	0	10.1061	8.5394	0
158	-28.5793	6.0024	0	9.9799	8.6711	0
159	-28.5821	5.9238	0	10.0359	8.6461	0
160	-28.6099	5.9294	0	9.8916	8.6541	0
161	-28.7053	5.9512	0	9.8563	8.7331	0
162	-28.7413	5.9397	0	9.9124	8.7106	0
163	-28.7670	5.9391	0	9.8538	8.7031	0
164	-28.8411	5.9100	0	9.9068	8.6896	0
165	-28.9494	5.9173	0	9.8710	8.6122	0
166	-29.0029	5.8439	0	9.7724	8.6509	0
167	-28.9405	5.8527	0	9.6891	8.6710	0
168	-29.1220	5.7776	0	9.6395	8.6847	0
169	-29.2013	5.8016	0	9.5407	8.7614	0
170	-29.2174	5.8016	0	9.5913	8.8680	0
171	-29.2772	5.7603	0	9.5626	8.8033	0
172	-29.3062	5.7757	0	9.5625	8.6930	0
173	-29.3390	5.8098	0	9.5396	8.7632	0
174	-29.3978	5.9106	0	9.4874	8.7356	0
175	-29.3772	5.9731	0	9.4649	8.7117	0
176	-29.2771	6.0103	0	9.4349	8.7012	0
177	-29.3510	6.0991	0	9.3800	8.6976	0
178	-29.3208	6.0738	0	9.4020	8.6792	0
179	-29.3419	6.1749	0	9.3231	8.7397	0
180	-29.3538	6.1589	0	9.3205	8.7064	0
181	-29.3529	6.1577	0	9.3035	8.6707	0
182	-29.3099	6.2086	0	9.3712	8.6606	0
183	-29.3219	6.2234	0	9.4636	8.6431	0
184	-29.4516	6.2081	0	9.4794	8.5674	0
185	-29.4275	6.2446	0	9.4525	8.6555	0
186	-29.5066	6.1869	0	9.4152	8.6925	0
187	-29.4665	6.1469	0	9.4164	8.7320	0
188	-29.5051	6.1493	0	9.4362	8.7361	0
189	-29.4985	6.1610	0	9.5192	8.7592	0
190	-29.5482	6.1216	0	9.5316	8.7692	0
191	-29.5517	6.1633	0	9.5256	8.7869	0
192	-29.5989	6.1534	0	9.5946	8.6733	0
193	-29.7037	6.2484	0	9.6332	8.6048	0
194	-29.6563	6.2445	0	9.6147	8.6203	0
195	-29.5956	6.1596	0	9.6726	8.6842	0
196	-29.6993	6.0704	0	9.6346	8.6966	0
197	-29.7636	6.1165	0	9.5313	8.7602	0
198	-29.8699	6.2173	0	9.5010	8.7346	0
199	-29.9207	6.1531	0	9.4226	8.7357	0
200	-29.8906	6.1573	0	9.3592	8.7567	0
201	-29.9421	6.2535	0	9.2988	8.7958	0
202	-29.9389	6.1683	0	9.3818	8.8584	0
203	-30.1917	6.1690	0	9.4344	8.8719	0
204	-30.2361	6.1236	0	9.3546	8.8061	0
205	-30.2505	6.0741	0	9.2610	8.7482	0
206	-30.2272	6.0938	0	9.2662	8.7931	0
207	-30.1719	6.0314	0	9.1669	8.7206	0
208	-30.1345	6.0480	0	9.1197	8.6920	0
209	-30.0924	6.0644	0	9.1131	8.7605	0
210	-30.0657	6.1069	0	9.1002	8.7712	0
211	-30.0871	6.0826	0	9.0483	8.7532	0
212	-30.1241	6.1343	0	9.0900	8.6643	0
213	-30.1160	6.1976	0	9.0385	8.6493	0
214	-30.0012	6.2233	0	9.0370	8.7154	0
215	-29.9906	6.2353	0	9.0683	8.6800	0
216	-29.9363	6.2858	0	9.0466	8.7652	0
217	-29.9313	6.3356	0	9.1417	8.8019	0
218	-29.8473	6.4007	0	9.0559	8.8417	0
219	-29.9110	6.3205	0	9.0458	8.8286	0
220	-29.8118	6.2875	0	9.0855	8.7943	0
221	-29.7595	6.3513	0	8.9730	8.7116	0
222	-29.8436	6.4356	0	8.9595	8.7163	0
223	-29.8783	6.5196	0	8.9887	8.7174	0
224	-29.9057	6.4686	0	8.9559	8.7469	0
225	-29.9450	6.4323	0	8.9227	8.7744	0
226	-29.9464	6.3880	0	8.9416	8.8143	0
227	-29.9694	6.3993	0	8.9962	8.8147	0
228	-29.9267	6.3038	0	8.9777	8.8090	0
229	-29.9232	6.3476	0	8.8378	8.6753	0
230	-29.8376	6.4585	0	8.8462	8.6962	0
231	-29.8378	6.4799	0	8.7776	8.6894	0
232	-29.7467	6.5140	0	8.7307	8.5767	0
233	-29.7244	6.4421	0	8.7326	8.5401	0
234	-29.7043	6.4844	0	8.7123	8.5395	0
235	-29.7419	6.5390	0	8.7044	8.5550	0
236	-29.6884	6.5279	0	8.6792	8.5811	0
237	-29.7480	6.5970	0	8.5310	8.5675	0
238	-29.6914	6.5832	0	8.5573	8.6115	0
239	-29.7412	6.6165	0	8.4842	8.6439	0
240	-29.7717	6.6772	0	8.3115	8.5236	0
