Frame	X1	Y1	Flag1	X2	Y2	Flag2	X4	Y4	Flag4	X5	Y5	Flag5	X3	Y3	Flag3
1	-30.5326	5.1675	0	11.3183	-10.3050	0	21.4765	-17.2249	0	33.6724	9.1834	0	-40.5673	-20.9879	0
2	-30.6364	5.0268	0	11.4009	-10.2500	0	21.4781	-17.1963	0	33.7878	9.2520	0	-40.6829	-20.7181	0
3	-30.7853	4.8972	0	11.3787	-10.3483	0	21.4577	-17.2265	0	33.8096	9.1693	0	-40.7190	-20.8109	0
4	-30.6772	4.8337	0	11.3287	-10.3341	0	21.6709	-17.1933	0	33.8167	9.2252	0	-40.6728	-20.8496	0
5	-30.7829	4.7751	0	11.2237	-10.4022	0	21.6042	-17.1472	0	33.8502	9.2067	0	-40.7656	-20.9195	0
6	-30.7754	4.7519	0	11.3274	-10.3906	0	21.6142	-17.1040	0	33.8674	9.1379	0	-40.7401	-21.0138	0
7	-30.8418	4.8082	0	11.3270	-10.3892	0	21.5734	-17.1296	0	33.7274	9.0469	0	-40.7835	-21.0470	0
8	-30.9165	4.7905	0	11.3360	-10.3402	0	21.6314	-17.0796	0	33.7972	9.0156	0	-40.7264	-21.1536	0
9	-30.9051	4.7052	0	11.2722	-10.3285	0	21.5589	-17.1537	0	33.7433	8.9713	0	-40.6765	-21.2357	0
10	-30.9688	4.5241	0	11.2260	-10.3672	0	21.6036	-17.0930	0	33.8333	8.9334	0	-40.7548	-21.3258	0
11	-30.9716	4.5462	0	11.3117	-10.3988	0	21.5778	-17.0137	0	33.7326	8.9119	0	-40.7381	-21.4285	0
12	-31.1076	4.6194	0	11.2826	-10.2944	0	21.6099	-16.9521	0	33.6749	9.1052	0	-40.7017	-21.5347	0
13	-31.0891	4.6521	0	11.1977	-10.3280	0	21.5948	-16.9819	0	33.5864	9.1313	0	-40.6416	-21.3334	0
14	-30.9880	4.7237	0	11.2294	-10.2898	0	21.6340	-16.8679	0	33.5577	8.9352	0	-40.5904	-21.2984	0
15	-31.0597	4.7691	0	11.2154	-10.2864	0	21.6825	-16.9201	0	33.6110	8.9505	0	-40.6809	-21.0999	0
16	-31.0387	4.7274	0	11.2032	-10.3729	0	21.7161	-17.0599	0	33.5895	8.9488	0	-40.9312	-21.4074	0
17	-31.0490	4.7809	0	11.2200	-10.3776	0	21.6271	-17.0449	0	33.6676	8.9740	0	-40.8964	-21.1169	0
18	-31.1000	4.7641	0	11.2831	-10.3609	0	21.5536	-16.9497	0	33.6811	8.9654	0	-40.8865	-20.9739	0
19	-31.0223	4.8442	0	11.1813	-10.2980	0	21.4932	-16.9268	0	33.7574	8.9597	0	-41.0525	-20.8081	0
20	-31.0954	4.8168	0	11.2404	-10.3216	0	21.5740	-17.0159	0	33.8115	9.0952	0	-41.0952	-20.8799	0
21	-31.1571	4.8109	0	11.2176	-10.3642	0	21.4983	-17.1565	0	33.7481	9.2126	0	-41.2180	-21.0587	0
22	-31.1004	4.8904	0	11.1856	-10.3987	0	21.4523	-17.1012	0	33.7967	9.2363	0	-41.0267	-21.0176	0
23	-31.0846	4.7575	0	11.2423	-10.4888	0	21.3909	-17.1706	0	33.8373	9.2653	0	-41.3335	-21.2295	0
24	-31.1889	4.7992	0	11.1952	-10.4892	0	21.4377	-17.1263	0	33.7687	9.2395	0	-41.3459	-21.2384	0
25	-31.1728	4.9153	0	11.1748	-10.3950	0	21.5456	-17.2241	0	33.7917	9.3256	0	-41.4530	-21.2042	0
26	-31.2270	4.9428	0	11.2075	-10.3930	0	21.6335	-17.3268	0	33.7813	9.3263	0	-41.4416	-21.2813	0
27	-31.1414	4.9211	0	11.1853	-10.4262	0	21.5737	-17.2388	0	33.8405	9.2538	0	-41.5680	-21.1992	0
28	-31.0169	4.8791	0	11.1913	-10.2929	0	21.5943	-17.1508	0	33.7242	9.1966	0	-41.3595	-21.0580	0
29	-31.0136	4.9509	0	11.1896	-10.3049	0	21.4892	-17.1866	0	33.7931	9.1217	0	-41.0977	-20.9378	0
30	-31.1556	4.9294	0	11.0967	-10.2426	0	21.6055	-17.1498	0	33.7580	9.0743	0	-41.2016	-20.7636	0
31	-31.0194	4.9817	0	11.0920	-10.1405	0	21.5535	-17.0782	0	33.7424	9.1600	0	-41.2655	-20.5881	0
32	-30.8105	5.0705	0	11.0902	-10.1239	0	21.5723	-17.2202	0	33.8420	9.2088	0	-41.1092	-20.6605	0
33	-30.8264	5.0983	0	11.3124	-10.1396	0	21.5043	-17.2270	0	33.7857	9.1143	0	-40.9249	-20.8273	0
34	-30.8863	5.1754	0	11.2839	-10.2622	0	21.4798	-17.2774	0	33.6969	9.2322	0	-41.0564	-20.8003	0
35	-30.8119	5.1799	0	11.2377	-10.1711	0	21.5476	-17.3499	0	33.6729	9.2018	0	-41.0178	-20.7113	0
36	-30.6806	5.2546	0	11.2812	-10.1808	0	21.5167	-17.3555	0	33.6105	9.1436	0	-40.9725	-20.6735	0
37	-30.7135	5.2293	0	11.1360	-10.2596	0	21.4711	-17.4072	0	33.5856	9.0548	0	-40.8903	-20.6193	0
38	-30.5403	5.3027	0	11.0971	-10.1341	0	21.4803	-17.3416	0	33.6984	9.0544	0	-40.9147	-20.5119	0
39	-30.5384	5.2828	0	11.1102	-10.0361	0	21.4419	-17.3190	0	33.7050	9.0374	0	-40.8382	-20.5691	0
40	-30.6019	5.2522	0	11.0613	-9.9724	0	21.4683	-17.4155	0	33.7239	9.0710	0	-40.9962	-20.6423	0
41	-30.5660	5.2426	0	10.9895	-10.0466	0	21.4909	-17.3235	0	33.7263	9.1122	0	-40.9171	-20.6331	0
42	-30.3527	5.2913	0	10.9305	-10.1090	0	21.4152	-17.2136	0	33.7720	9.1374	0	-40.8716	-20.7649	0
43	-30.1927	5.3845	0	10.8796	-10.1181	0	21.4763	-17.2362	0	33.7309	9.2645	0	-40.8430	-20.8265	0
44	-30.0201	5.4427	0	10.9108	-10.0512	0	21.3893	-17.1917	0	33.6612	9.2102	0	-40.8326	-20.7798	0
45	-30.0933	5.4760	0	10.9813	-10.0577	0	21.4155	-17.1771	0	33.7471	9.2187	0	-40.8249	-20.7247	0
46	-30.2535	5.4560	0	10.9835	-10.0523	0	21.4534	-17.1303	0	33.7854	9.2274	0	-40.8102	-20.7433	0
47	-30.1607	5.4389	0	11.0363	-10.0066	0	21.6139	-17.1056	0	33.8340	9.1019	0	-40.7266	-20.7812	0
48	-30.2046	5.4383	0	11.0663	-10.0422	0	21.4637	-17.2142	0	33.8285	9.0986	0	-40.6890	-20.9601	0
49	-30.3109	5.3991	0	11.1208	-10.0592	0	21.4735	-17.3008	0	33.8545	9.1622	0	-40.4623	-20.9917	0
50	-30.3860	5.3956	0	11.1508	-10.0186	0	21.5555	-17.3463	0	33.9225	9.1797	0	-40.4195	-21.0441	0
51	-30.4253	5.3829	0	11.1264	-10.0593	0	21.4504	-17.3219	0	33.7922	9.3184	0	-40.4201	-20.9922	0
52	-30.3237	5.3452	0	11.1208	-10.0090	0	21.5575	-17.3355	0	33.8529	9.3369	0	-40.3178	-20.9356	0
53	-30.1238	5.3271	0	11.1202	-10.0085	0	21.5194	-17.3278	0	33.8742	9.2818	0	-40.1888	-20.9694	0
54	-30.1214	5.2607	0	11.1591	-9.9745	0	21.5415	-17.2256	0	33.8797	9.1058	0	-40.0173	-20.8801	0
55	-30.1012	5.1816	0	11.2383	-9.9982	0	21.5398	-17.2575	0	33.9238	9.0334	0	-40.0941	-20.7525	0
56	-30.1500	5.1680	0	11.1909	-9.9744	0	21.5169	-17.1848	0	33.8445	9.0438	0	-40.3056	-20.6224	0
57	-30.1997	5.1045	0	11.1061	-9.9657	0	21.5650	-17.2203	0	33.9171	9.0452	0	-40.3850	-20.6721	0
58	-30.3394	5.0927	0	11.1957	-10.0293	0	21.5520	-17.2331	0	33.9525	9.0782	0	-40.2839	-20.6483	0
59	-30.0752	5.1685	0	11.1557	-10.0262	0	21.5321	-17.1638	0	33.8008	9.1066	0	-40.0636	-20.8279	0
60	-29.8575	5.2400	0	11.1332	-10.0416	0	21.5013	-17.1733	0	33.8564	9.1189	0	-39.8379	-20.8291	0
61	-29.8893	5.2601	0	10.9695	-10.1552	0	21.5149	-17.1958	0	33.9349	9.1167	0	-39.9541	-20.7713	0
62	-29.6705	5.2225	0	10.9210	-10.1518	0	21.4173	-17.0857	0	33.9933	9.1881	0	-39.7658	-20.6702	0
63	-29.8255	5.3148	0	10.9313	-10.0989	0	21.4218	-17.1627	0	34.0146	9.1896	0	-39.7472	-20.6559	0
64	-29.7758	5.3973	0	10.8018	-10.1562	0	21.4769	-17.1709	0	33.9289	9.1122	0	-39.7551	-20.6155	0
65	-29.8351	5.5031	0	10.8308	-10.2187	0	21.5059	-17.1454	0	33.8396	9.1230	0	-39.7595	-20.7708	0
66	-29.9057	5.4324	0	10.8984	-10.2594	0	21.3641	-17.1266	0	33.6706	9.1437	0	-39.7107	-20.7594	0
67	-29.9476	5.4046	0	11.1151	-10.3000	0	21.3052	-17.1702	0	33.6873	9.1410	0	-39.7529	-20.4700	0
68	-29.9453	5.3753	0	11.1262	-10.3594	0	21.4020	-17.1888	0	33.7556	9.1080	0	-39.8016	-20.5075	0
69	-29.9485	5.4523	0	11.0938	-10.2564	0	21.5690	-17.2327	0	33.7783	9.2363	0	-39.8209	-20.5163	0
70	-30.0227	5.4115	0	10.9788	-10.2085	0	21.5372	-17.2674	0	33.7262	9.1973	0	-39.7861	-20.5170	0
71	-30.1064	5.3940	0	11.0344	-10.1862	0	21.3653	-17.3298	0	33.8082	9.2409	0	-40.0625	-20.3200	0
72	-30.0900	5.3428	0	11.0657	-10.0385	0	21.3075	-17.3563	0	33.8366	9.2979	0	-40.2217	-20.2283	0
73	-29.9356	5.3474	0	10.9527	-10.0598	0	21.3725	-17.3690	0	33.7942	9.2082	0	-40.1853	-20.3085	0
74	-29.8409	5.4316	0	10.9840	-9.9972	0	21.3569	-17.3698	0	33.7355	9.1926	0	-40.0884	-20.0437	0
75	-29.9066	5.3749	0	10.9399	-9.9978	0	21.2507	-17.2981	0	33.7121	9.1371	0	-40.0897	-19.9458	0
76	-30.0270	5.3638	0	10.9684	-10.1358	0	21.2024	-17.3028	0	33.7020	9.1354	0	-39.9475	-20.0757	0
77	-30.1310	5.3227	0	10.9636	-10.1744	0	21.3596	-17.3377	0	33.5984	9.1996	0	-40.1890	-20.2681	0
78	-30.0941	5.2760	0	10.8842	-10.1697	0	21.2995	-17.3258	0	33.5618	9.2429	0	-40.0547	-20.1576	0
79	-30.1411	5.3400	0	10.9002	-10.1236	0	21.2908	-17.2027	0	33.6220	9.2569	0	-39.8657	-20.1127	0
80	-30.1687	5.2485	0	10.9738	-10.0804	0	21.2414	-17.2291	0	33.6065	9.1368	0	-39.7401	-20.0816	0
81	-30.2295	5.2063	0	10.9733	-10.2425	0	21.1578	-17.2437	0	33.6448	9.1226	0	-39.6907	-20.0106	0
82	-30.2869	5.1789	0	10.9948	-10.2806	0	21.1050	-17.2606	0	33.6526	9.1896	0	-39.6728	-19.8697	0
83	-30.3195	5.1459	0	10.9418	-10.2926	0	21.1943	-17.2584	0	33.7317	9.1837	0	-39.6850	-19.8127	0
84	-30.4093	5.3111	0	11.0487	-10.3350	0	21.1851	-17.3063	0	33.7426	9.1088	0	-39.6757	-20.0500	0
85	-30.3607	5.1664	0	11.1211	-10.3341	0	21.2624	-17.2807	0	33.7591	9.0317	0	-39.6517	-20.0551	0
86	-30.2575	5.2227	0	11.1688	-10.3403	0	21.3225	-17.2386	0	33.6777	9.0421	0	-39.5799	-20.1206	0
87	-30.2290	5.1981	0	11.1326	-10.3360	0	21.3940	-17.1886	0	33.7211	9.0964	0	-39.6838	-20.0153	0
88	-30.3603	4.9855	0	11.0722	-10.1521	0	21.5147	-17.2382	0	33.7820	9.1049	0	-39.7169	-20.2686	0
89	-30.5245	5.0257	0	11.1668	-10.0381	0	21.5948	-17.2604	0	33.6686	9.2389	0	-39.6327	-20.0957	0
90	-30.6102	4.8438	0	11.2723	-10.0154	0	21.5943	-17.2737	0	33.7164	9.3060	0	-39.8057	-20.0790	0
91	-30.6006	4.7775	0	11.2823	-10.1019	0	21.6317	-17.2682	0	33.7881	9.3798	0	-39.9935	-19.9256	0
92	-30.6536	4.7358	0	11.1498	-10.0968	0	21.6269	-17.3836	0	33.8883	9.2572	0	-40.2025	-20.0184	0
93	-30.6352	4.7026	0	11.2826	-10.0815	0	21.7266	-17.3218	0	33.7614	9.1876	0	-40.2859	-20.0758	0
94	-30.6189	4.5134	0	11.1684	-10.0430	0	21.6909	-17.2930	0	33.7378	9.2555	0	-40.3057	-20.1230	0
95	-30.6249	4.3657	0	11.2510	-10.0893	0	21.6796	-17.1988	0	33.6708	9.3383	0	-40.4215	-19.8506	0
96	-30.6725	4.3752	0	11.3075	-10.0966	0	21.6002	-17.2304	0	33.6971	9.2118	0	-40.3344	-20.0055	0
97	-30.6111	4.5364	0	11.3109	-10.1470	0	21.6440	-17.1093	0	33.6605	9.2309	0	-40.3772	-19.9522	0
98	-30.4889	4.4343	0	11.2196	-10.0530	0	21.5575	-17.0615	0	33.6955	9.1050	0	-40.3723	-19.7028	0
99	-30.5746	4.5727	0	11.2485	-10.0136	0	21.5995	-17.0554	0	33.6735	9.1284	0	-40.4986	-19.9230	0
100	-30.4860	4.5183	0	11.1767	-10.0648	0	21.5794	-17.0817	0	33.6908	9.1357	0	-40.5897	-19.9901	0
101	-30.4531	4.5316	0	11.2632	-10.0432	0	21.6709	-16.9091	0	33.5753	9.0619	0	-40.5683	-19.8553	0
102	-30.5190	4.3151	0	11.1170	-10.1218	0	21.6234	-16.8582	0	33.6691	9.0625	0	-40.6290	-19.6705	0
103	-30.5158	4.3092	0	11.0931	-10.1647	0	21.5619	-16.8280	0	33.5955	9.0390	0	-40.6140	-19.9390	0
104	-30.5643	4.2744	0	11.1191	-10.1468	0	21.4079	-16.9196	0	33.5246	9.0278	0	-40.7908	-20.0308	0
105	-30.6274	4.2162	0	11.1293	-10.2116	0	21.3682	-16.9719	0	33.6193	9.1311	0	-40.7137	-19.8875	0
106	-30.6124	4.1862	0	11.0320	-10.2209	0	21.3335	-16.8735	0	33.6514	9.2027	0	-40.7088	-19.6825	0
107	-30.7836	4.1904	0	11.0812	-10.2134	0	21.5007	-16.8524	0	33.5244	9.2575	0	-40.7467	-19.7145	0
108	-30.6919	4.2644	0	11.0270	-10.1708	0	21.4708	-16.8899	0	33.6034	9.2891	0	-40.7070	-19.6872	0
109	-30.5262	4.4182	0	11.1581	-10.1234	0	21.4592	-16.8229	0	33.5199	9.2655	0	-40.6478	-19.6753	0
110	-30.5141	4.3324	0	11.1900	-10.1045	0	21.4256	-16.8015	0	33.5582	9.1172	0	-40.6146	-19.8527	0
111	-30.4847	4.2921	0	11.0378	-10.1271	0	21.3250	-16.7106	0	33.6444	9.2508	0	-40.6871	-19.6933	0
112	-30.3405	4.3715	0	11.0279	-10.2525	0	21.3354	-16.6691	0	33.6470	9.2370	0	-40.8017	-19.8377	0
113	-30.3162	4.4019	0	11.0583	-10.2112	0	21.3414	-16.8126	0	33.6323	9.2872	0	-40.6767	-19.6924	0
114	-30.2563	4.5937	0	10.9360	-10.1170	0	21.3550	-16.8942	0	33.6665	9.2943	0	-40.7756	-19.7109	0
115	-30.2272	4.6517	0	10.9153	-10.1975	0	21.2581	-16.9906	0	33.6902	9.3116	0	-40.7426	-19.6121	0
116	-30.3768	4.8867	0	10.9084	-10.1131	0	21.3554	-17.0006	0	33.6615	9.2994	0	-40.7470	-19.5616	0
117	-30.3213	4.7803	0	11.0178	-10.1768	0	21.3699	-16.9505	0	33.6183	9.3216	0	-40.9900	-19.5124	0
118	-30.4501	4.7131	0	11.1720	-10.1605	0	21.3909	-17.1502	0	33.7689	9.2589	0	-41.0574	-19.6477	0
119	-30.4855	4.6816	0	11.0860	-10.1099	0	21.3371	-17.0785	0	33.8006	9.2969	0	-41.1372	-19.8023	0
120	-30.4462	4.7294	0	11.1754	-10.0280	0	21.3010	-16.8864	0	33.7074	9.2647	0	-41.3755	-19.9105	0
121	-30.5121	4.6951	0	11.1843	-10.0508	0	21.3918	-16.8666	0	33.7210	9.2077	0	-41.4530	-19.9696	0
122	-30.4900	4.5913	0	11.2065	-9.9841	0	21.4765	-16.9334	0	33.7428	9.1843	0	-41.4842	-19.8576	0
123	-30.3605	4.7250	0	11.0546	-9.9486	0	21.4952	-16.8558	0	33.7302	9.2324	0	-41.4400	-19.9650	0
124	-30.3359	4.7420	0	11.0464	-10.0069	0	21.3939	-16.8758	0	33.6711	9.2179	0	-41.6466	-20.1333	0
125	-30.3678	4.8610	0	11.1678	-9.9914	0	21.3803	-16.9542	0	33.6504	9.0994	0	-41.7260	-20.2589	0
126	-30.3998	4.8771	0	11.1021	-9.9937	0	21.5357	-16.8436	0	33.4878	9.1040	0	-41.5816	-20.2563	0
127	-30.5154	5.0098	0	11.0356	-9.9735	0	21.5094	-16.9094	0	33.5000	9.0576	0	-41.4673	-20.0538	0
128	-30.5473	5.0355	0	11.1260	-9.9960	0	21.3980	-16.9329	0	33.5724	9.0434	0	-41.4578	-19.9314	0
129	-30.6642	5.1204	0	11.0256	-10.0433	0	21.3925	-16.8834	0	33.6317	9.1398	0	-41.5491	-19.8673	0
130	-30.7981	4.9574	0	11.0254	-10.1232	0	21.4565	-17.0041	0	33.6349	9.1114	0	-41.3276	-19.7641	0
131	-30.7594	4.9038	0	11.0314	-10.0760	0	21.5635	-17.0278	0	33.7281	9.0359	0	-41.1416	-19.9387	0
132	-30.7239	4.9230	0	11.0265	-10.0732	0	21.5438	-17.0437	0	33.7089	8.9125	0	-41.1507	-19.8461	0
133	-30.8963	4.8709	0	11.1245	-10.2395	0	21.5761	-17.0723	0	33.6881	8.9491	0	-41.0350	-20.1340	0
134	-30.9495	4.9098	0	11.1948	-10.2071	0	21.4903	-17.1097	0	33.6504	8.9717	0	-40.8528	-20.2190	0
135	-30.8200	4.8334	0	11.1999	-10.2138	0	21.4653	-17.0830	0	33.6210	9.0432	0	-40.8017	-20.2513	0
136	-30.7841	4.7573	0	11.2255	-10.2462	0	21.4441	-17.0568	0	33.5967	9.0626	0	-40.6537	-20.0740	0
137	-30.9368	4.8060	0	11.2990	-10.1743	0	21.4121	-17.0737	0	33.6553	9.1440	0	-40.5314	-20.0156	0
138	-30.8642	4.6607	0	11.2704	-10.2307	0	21.3924	-17.0614	0	33.6971	9.1380	0	-40.3997	-19.9403	0
139	-30.9263	4.8127	0	11.3328	-10.2265	0	21.3697	-17.1529	0	33.6754	9.1876	0	-40.4875	-19.8960	0
140	-30.7976	4.7630	0	11.3583	-10.1974	0	21.3079	-17.1426	0	33.6285	9.1487	0	-40.4031	-20.1226	0
141	-30.7940	4.8334	0	11.3061	-10.2039	0	21.3421	-17.0977	0	33.5983	9.0884	0	-40.6177	-20.0936	0
142	-30.7871	4.8372	0	11.2752	-10.2111	0	21.2725	-17.1222	0	33.6202	9.0733	0	-40.5735	-20.1510	0
143	-30.8771	4.7470	0	11.3064	-10.3372	0	21.2904	-17.0872	0	33.7062	9.0667	0	-40.5197	-20.1070	0
144	-30.8190	4.8798	0	11.2095	-10.2688	0	21.3497	-17.1137	0	33.6971	8.9976	0	-40.5567	-20.1957	0
145	-30.9073	4.8433	0	11.2406	-10.2778	0	21.3343	-17.0520	0	33.8296	8.9944	0	-40.3997	-20.2452	0
146	-30.9000	4.7978	0	11.2418	-10.2275	0	21.3918	-17.1094	0	33.8172	9.0431	0	-40.4983	-20.2751	0
147	-30.9581	4.7264	0	11.3286	-10.2251	0	21.4143	-17.1089	0	33.7438	9.1170	0	-40.4638	-20.3217	0
148	-30.9085	4.8118	0	11.3753	-10.2863	0	21.4288	-17.1722	0	33.7152	9.1348	0	-40.4367	-20.2196	0
149	-30.8544	4.7946	0	11.3361	-10.3009	0	21.4682	-17.1130	0	33.7670	9.1932	0	-40.4184	-20.1093	0
150	-30.7047	4.8795	0	11.3794	-10.2731	0	21.5912	-17.0433	0	33.7651	9.1862	0	-40.1504	-20.1837	0
151	-30.6656	5.0454	0	11.3630	-10.3610	0	21.5557	-17.0236	0	33.6736	9.1780	0	-40.0893	-20.1320	0
152	-30.7972	5.0327	0	11.4651	-10.3297	0	21.5499	-16.9699	0	33.6348	9.1876	0	-39.9232	-20.0067	0
153	-30.8280	5.1614	0	11.4667	-10.3634	0	21.5394	-17.0272	0	33.5825	9.2114	0	-39.7174	-20.0592	0
154	-30.9235	5.0129	0	11.4723	-10.3291	0	21.6164	-17.0398	0	33.6656	9.2980	0	-39.4756	-19.9157	0
155	-30.9735	5.1343	0	11.4571	-10.2162	0	21.6220	-17.1475	0	33.6335	9.2234	0	-39.4932	-19.8249	0
156	-31.0142	5.1094	0	11.4186	-10.1786	0	21.7198	-17.1109	0	33.6687	9.1991	0	-39.4670	-19.9623	0
157	-31.0029	5.0971	0	11.3469	-10.0981	0	21.5992	-17.1618	0	33.7501	9.1957	0	-39.3923	-20.1571	0
158	-31.0285	5.1029	0	11.3611	-10.0131	0	21.4869	-17.0720	0	33.7574	9.1580	0	-39.3176	-20.3768	0
159	-31.1825	5.0445	0	11.2941	-9.9828	0	21.5107	-17.1267	0	33.7770	9.1689	0	-39.3237	-20.4211	0
160	-31.2886	4.8184	0	11.2685	-10.0254	0	21.4778	-17.1495	0	33.7381	9.1507	0	-39.2458	-20.5996	0
161	-31.1735	4.9703	0	11.1589	-9.9952	0	21.4926	-17.2330	0	33.8601	9.1924	0	-39.2741	-20.4699	0
162	-31.1404	5.0253	0	11.2476	-9.9716	0	21.5712	-17.2120	0	33.8131	9.2863	0	-39.1825	-20.3294	0
163	-31.0395	4.8725	0	11.2565	-10.0233	0	21.4958	-17.2105	0	33.8688	9.2153	0	-39.3270	-20.3772	0
164	-31.0123	4.9175	0	11.2282	-9.9141	0	21.5058	-17.1318	0	33.8240	9.2002	0	-39.2755	-20.2645	0
165	-31.0586	4.8677	0	11.2942	-9.9561	0	21.4968	-17.1286	0	33.8716	9.2670	0	-39.2403	-20.1583	0
166	-31.1490	4.8918	0	11.1812	-10.0424	0	21.4534	-17.1339	0	33.8860	9.2490	0	-39.0126	-20.0275	0
167	-31.0358	4.8982	0	11.1349	-10.1060	0	21.5777	-17.1092	0	33.8211	9.1135	0	-39.0757	-20.0294	0
168	-31.0301	4.9087	0	11.0204	-10.0033	0	21.5283	-17.0898	0	33.8826	9.1620	0	-39.1667	-20.0624	0
169	-31.0483	4.7515	0	11.0409	-10.0163	0	21.4988	-17.1209	0	33.7768	9.2113	0	-39.3391	-20.0295	0
170	-31.0242	4.7875	0	10.9904	-10.1499	0	21.5170	-17.1441	0	33.8097	9.1670	0	-39.4858	-19.8447	0
171	-30.9400	4.8159	0	10.8895	-10.2413	0	21.5616	-17.0831	0	33.8319	9.0559	0	-39.4976	-19.7324	0
172	-30.9652	4.7235	0	10.9044	-10.2867	0	21.6810	-17.0602	0	33.8597	9.1442	0	-39.3014	-19.7291	0
173	-30.9572	4.6872	0	10.9552	-10.2239	0	21.7122	-17.1577	0	33.8769	9.2048	0	-39.4318	-19.7016	0
174	-30.9660	4.6152	0	10.9986	-10.1913	0	21.6691	-17.0511	0	33.8016	9.1895	0	-39.4108	-19.7675	0
175	-30.8815	4.7026	0	10.9661	-10.1731	0	21.6931	-17.0954	0	33.7307	9.3263	0	-39.3640	-19.6570	0
176	-30.9299	4.6615	0	10.9326	-10.2480	0	21.6137	-17.1091	0	33.8308	9.3902	0	-39.2381	-19.7018	0
177	-30.9692	4.7707	0	11.0776	-10.1345	0	21.5882	-17.0945	0	33.7050	9.3035	0	-39.2715	-19.6428	0
178	-30.9642	4.8809	0	11.0661	-10.1483	0	21.6786	-17.1826	0	33.6812	9.2246	0	-39.2160	-19.5217	0
179	-31.0138	4.8746	0	11.0209	-10.1790	0	21.6647	-17.2529	0	33.7476	9.2801	0	-39.2046	-19.5115	0
180	-31.0130	4.9569	0	10.9890	-10.2161	0	21.6610	-17.2693	0	33.6784	9.2801	0	-38.8898	-19.4805	0
181	-31.0364	4.9472	0	10.8830	-10.2320	0	21.5985	-17.1019	0	33.6465	9.2322	0	-38.7818	-19.4678	0
182	-31.1911	4.8844	0	10.9941	-10.2883	0	21.5752	-17.1726	0	33.5597	9.2277	0	-38.7824	-19.5500	0
183	-31.1885	4.8431	0	11.0353	-10.2587	0	21.5610	-17.1001	0	33.6775	9.2022	0	-38.9237	-19.3557	0
184	-31.2101	4.8564	0	11.0863	-10.2868	0	21.6140	-17.0697	0	33.6862	9.2749	0	-38.9308	-18.9570	0
185	-31.2562	4.8644	0	11.0740	-10.4095	0	21.7581	-17.0651	0	33.6731	9.2633	0	-38.8659	-18.9202	0
186	-31.2828	4.8984	0	10.9822	-10.4360	0	21.6908	-17.1315	0	33.6933	9.3480	0	-38.9777	-18.8127	0
187	-31.3163	4.8781	0	11.0097	-10.5009	0	21.6378	-17.0858	0	33.6415	9.3329	0	-38.8706	-18.7170	0
188	-31.0691	4.9654	0	11.0116	-10.5051	0	21.6684	-17.0262	0	33.7247	9.3502	0	-38.7677	-18.6541	0
189	-31.2066	4.8095	0	11.0209	-10.3753	0	21.6519	-17.0273	0	33.6280	9.3230	0	-38.6965	-18.7092	0
190	-31.1986	4.6623	0	11.0722	-10.4062	0	21.6762	-16.8687	0	33.7110	9.3249	0	-38.7299	-18.7619	0
191	-31.1995	4.6310	0	11.0693	-10.3660	0	21.6311	-16.9315	0	33.6666	9.3257	0	-38.7523	-18.7041	0
192	-31.1219	4.5550	0	11.1437	-10.3595	0	21.5422	-17.0606	0	33.6608	9.3963	0	-38.6958	-18.6344	0
193	-31.2153	4.5480	0	11.0689	-10.3567	0	21.5719	-16.9313	0	33.6859	9.3810	0	-38.7910	-18.8509	0
194	-31.3616	4.5273	0	11.0699	-10.3017	0	21.5515	-16.9174	0	33.6420	9.2793	0	-38.7552	-18.9039	0
195	-31.4077	4.5492	0	11.0526	-10.2915	0	21.5327	-16.9423	0	33.6712	9.3045	0	-38.6377	-18.7229	0
196	-31.2961	4.5356	0	11.1466	-10.2489	0	21.5128	-17.1063	0	33.6246	9.2265	0	-38.7321	-18.6105	0
197	-31.1795	4.5335	0	11.1773	-10.3008	0	21.4883	-17.1411	0	33.6551	9.1600	0	-38.4596	-18.6557	0
198	-31.1072	4.7738	0	11.2320	-10.2377	0	21.5405	-17.0560	0	33.5960	9.1133	0	-38.4881	-18.5200	0
199	-31.0425	4.5730	0	11.1671	-10.1508	0	21.4836	-17.1029	0	33.6611	9.1843	0	-38.5574	-18.4724	0
200	-31.0199	4.6124	0	11.0825	-10.1739	0	21.4745	-17.0105	0	33.5958	9.1550	0	-38.6187	-18.4671	0
201	-30.9599	4.5648	0	11.1559	-10.2793	0	21.4025	-17.1077	0	33.6667	9.1470	0	-38.6280	-18.5383	0
202	-30.9606	4.4993	0	11.1594	-10.3755	0	21.4992	-17.1122	0	33.7244	9.1616	0	-38.5841	-18.6308	0
203	-30.8188	4.6244	0	11.1378	-10.2949	0	21.4474	-17.2521	0	33.7516	9.1836	0	-38.6796	-18.5071	0
204	-30.8378	4.6641	0	11.0186	-10.2970	0	21.4441	-17.3105	0	33.6665	9.1564	0	-38.8416	-18.6314	0
205	-30.8487	4.6446	0	11.1097	-10.2971	0	21.4225	-17.1678	0	33.6688	9.0919	0	-38.8687	-18.3317	0
206	-30.8266	4.7502	0	11.1102	-10.3341	0	21.5150	-17.2478	0	33.6110	9.0575	0	-38.9180	-18.4296	0
207	-30.9275	4.7184	0	11.1259	-10.4367	0	21.5375	-17.2812	0	33.6120	9.1658	0	-39.0409	-18.3575	0
208	-30.9922	4.6487	0	11.1181	-10.3906	0	21.5961	-17.2965	0	33.6344	9.0407	0	-39.3256	-18.2270	0
209	-30.9487	4.6238	0	11.1975	-10.2742	0	21.5939	-17.2278	0	33.6146	9.0971	0	-39.5178	-18.3605	0
210	-30.8253	4.6058	0	11.2080	-10.3684	0	21.6430	-17.2416	0	33.6456	9.1048	0	-39.4494	-18.3498	0
211	-30.7275	4.6308	0	11.2413	-10.3668	0	21.6943	-17.1190	0	33.6668	8.9527	0	-39.4388	-18.5071	0
212	-30.7205	4.5061	0	11.2440	-10.3076	0	21.6644	-17.2651	0	33.7757	9.0237	0	-39.6205	-18.3706	0
213	-30.6249	4.5640	0	11.2607	-10.2823	0	21.4832	-17.3481	0	33.7652	8.9122	0	-39.5723	-18.2693	0
214	-30.3824	4.6673	0	11.2159	-10.2257	0	21.4100	-17.3595	0	33.7484	8.9308	0	-39.6919	-18.1961	0
215	-30.2822	4.5660	0	11.1260	-10.2182	0	21.4899	-17.2053	0	33.7452	8.9476	0	-39.4769	-18.2252	0
216	-30.4286	4.4370	0	11.1496	-10.1885	0	21.4778	-17.2058	0	33.7222	8.9362	0	-39.3728	-18.1833	0
217	-30.4382	4.4033	0	11.1824	-10.1779	0	21.4759	-17.1615	0	33.7132	8.9408	0	-39.4170	-18.1889	0
218	-30.4007	4.4626	0	11.2832	-10.2570	0	21.4488	-17.1224	0	33.6921	8.9543	0	-39.4504	-18.1036	0
219	-30.4236	4.3484	0	11.3249	-10.3150	0	21.5025	-17.1803	0	33.6563	9.0340	0	-39.5236	-17.9338	0
220	-30.4022	4.4312	0	11.3050	-10.3833	0	21.5861	-17.1780	0	33.5208	9.0381	0	-39.4931	-17.9424	0
221	-30.3838	4.3494	0	11.2510	-10.3155	0	21.4165	-17.2134	0	33.6018	9.1916	0	-39.3939	-18.0556	0
222	-30.3733	4.2648	0	11.3078	-10.1722	0	21.4067	-17.1443	0	33.6096	9.2004	0	-39.5746	-18.0540	0
223	-30.3721	4.2882	0	11.3259	-10.1763	0	21.3987	-17.1030	0	33.6221	9.2576	0	-39.7503	-18.0535	0
224	-30.4257	4.4255	0	11.1729	-10.1247	0	21.4134	-17.0061	0	33.6084	9.2355	0	-39.9060	-18.1575	0
225	-30.3893	4.4742	0	11.0854	-9.9936	0	21.4779	-16.9917	0	33.6082	9.1967	0	-39.8825	-18.1106	0
226	-30.3916	4.3978	0	11.1948	-9.9956	0	21.5435	-16.9488	0	33.6393	9.1349	0	-39.8617	-18.0972	0
227	-30.4241	4.5238	0	11.2932	-9.9316	0	21.4886	-16.9542	0	33.6514	9.1947	0	-39.9623	-17.9143	0
228	-30.3124	4.5716	0	11.4532	-10.1208	0	21.4959	-16.9268	0	33.6793	9.2161	0	-40.0164	-17.8740	0
229	-30.6329	4.5481	0	11.3984	-10.1453	0	21.4337	-17.0277	0	33.6716	9.2315	0	-40.0418	-17.6640	0
230	-30.5758	4.4408	0	11.3555	-10.1542	0	21.4013	-16.9597	0	33.6520	9.3020	0	-40.0031	-17.8437	0
231	-30.6911	4.4004	0	11.3379	-10.2408	0	21.3808	-16.8678	0	33.7090	9.2560	0	-39.9542	-17.7611	0
232	-30.6204	4.4173	0	11.4038	-10.2196	0	21.5177	-16.9121	0	33.7173	9.2789	0	-39.8851	-17.8278	0
233	-30.5963	4.4847	0	11.3330	-10.2307	0	21.6230	-16.9409	0	33.7484	9.2619	0	-39.9025	-17.7801	0
234	-30.4674	4.5383	0	11.2427	-10.2181	0	21.6981	-16.9658	0	33.7922	9.2399	0	-39.9360	-17.8265	0
235	-30.3890	4.5250	0	11.2502	-10.2581	0	21.7409	-16.9479	0	33.7747	9.2688	0	-40.1939	-17.7008	0
236	-30.3075	4.5149	0	11.1739	-10.1984	0	21.6990	-17.0452	0	33.7650	9.2667	0	-40.1140	-17.6623	0
237	-30.2102	4.6443	0	11.2558	-10.1082	0	21.7129	-17.0318	0	33.8226	9.2099	0			
238	-30.2364	4.6004	0	11.2277	-10.0511	0	21.6933	-16.9511	0						
239	-30.2673	4.6426	0	11.1536	-10.0849	0	21.6804	-17.0597	0						
240	-30.2200	4.6282	0												
