Frame	X1	Y1	Flag1	X3	Y3	Flag3	X2	Y2	Flag2
1	1.7836	11.7618	0	24.5431	-32.6840	0	-18.2352	-7.2291	0
2	1.9353	11.6452	0	24.6707	-32.6649	0	-18.1833	-7.2690	0
3	2.0998	11.5881	0	24.4229	-32.7871	0	-18.1092	-7.3069	0
4	2.1548	11.5048	0	24.4036	-32.8030	0	-18.1017	-7.5419	0
5	1.9248	11.4615	0	24.4324	-32.7801	0	-18.1521	-7.4031	0
6	1.8344	11.5244	0	24.7170	-32.8849	0	-17.9814	-7.5073	0
7	1.7485	11.6214	0	24.6185	-32.9750	0	-17.9549	-7.5895	0
8	1.8720	11.5556	0	24.7544	-33.0562	0	-18.0909	-7.7137	0
9	1.9085	11.5334	0	24.7503	-33.0861	0	-18.0201	-7.5822	0
10	1.8274	11.4329	0	24.8611	-32.9898	0	-17.9405	-7.4630	0
11	1.9091	11.3076	0	24.8956	-33.1645	0	-17.8453	-7.5768	0
12	1.8049	11.3010	0	24.9126	-33.1244	0	-17.7315	-7.3167	0
13	1.7633	11.3939	0	24.8818	-32.9340	0	-17.4823	-7.3588	0
14	1.7550	11.5491	0	24.8745	-32.9931	0	-17.5305	-7.2972	0
15	1.7788	11.4874	0	24.9891	-32.9183	0	-17.5544	-7.3380	0
16	1.8709	11.4476	0	25.0280	-32.9520	0	-17.6975	-7.1355	0
17	1.6714	11.4480	0	25.1233	-32.6925	0	-17.5230	-7.0934	0
18	1.8221	11.5622	0	25.0583	-32.7356	0	-17.5271	-7.0523	0
19	1.6780	11.6217	0	24.7846	-32.5640	0	-17.5209	-6.7557	0
20	1.7172	11.5935	0	24.7778	-32.5412	0	-17.3959	-6.6226	0
21	1.8579	11.6886	0	24.8000	-32.7732	0	-17.2855	-6.5441	0
22	1.7620	11.8010	0	24.7773	-32.9984	0	-17.2383	-6.9000	0
23	1.8372	11.8314	0	24.9033	-32.7855	0	-17.0505	-6.9330	0
24	2.0449	11.6713	0	25.1101	-32.8332	0	-16.8166	-6.8845	0
25	2.0986	11.6991	0	25.1168	-32.7621	0	-16.8379	-6.8087	0
26	1.8255	12.0933	0	25.2666	-32.8843	0	-16.6079	-6.9596	0
27	1.6933	12.3450	0	25.1817	-32.7922	0	-16.7358	-6.8726	0
28	1.4949	12.4034	0	25.2708	-32.4957	0	-16.5999	-6.9395	0
29	1.2770	12.3959	0	25.1525	-32.3895	0	-16.4830	-6.7676	0
30	1.1434	12.0754	0	25.0850	-32.3041	0	-16.2701	-6.7729	0
31	1.2750	12.0854	0	25.0004	-32.5731	0	-16.1382	-6.7897	0
32	1.2430	11.9637	0	24.7162	-32.7355	0	-16.2501	-6.8331	0
33	1.2879	11.9286	0	24.8146	-32.7957	0	-16.3293	-6.7394	0
34	1.2614	11.9641	0	24.8023	-32.6078	0	-16.4523	-6.9302	0
35	1.1539	11.9729	0	24.9058	-32.5460	0	-16.4948	-6.9121	0
36	1.1681	12.0457	0	24.9904	-32.6856	0	-16.6429	-7.1574	0
37	0.9377	11.8109	0	24.8928	-32.8551	0	-16.7193	-7.0007	0
38	1.1790	12.0069	0	24.6822	-32.6266	0	-16.4863	-6.9629	0
39	1.1850	12.1886	0	24.6362	-32.5388	0	-16.3695	-6.9545	0
40	1.0080	12.0259	0	24.5973	-32.4722	0	-16.2965	-6.7412	0
41	0.8283	12.0214	0	24.6772	-32.5460	0	-16.3842	-6.7592	0
42	0.8540	12.0249	0	24.7056	-32.5455	0	-16.6254	-6.8575	0
43	0.7580	11.8464	0	24.9581	-32.5015	0	-16.5228	-7.0667	0
44	0.7942	11.9216	0	24.9902	-32.5192	0	-16.7266	-7.1199	0
45	0.8913	12.0166	0	25.1375	-32.5772	0	-16.5646	-7.0353	0
46	0.6267	12.1402	0	25.3361	-32.6146	0	-16.7372	-7.3876	0
47	0.6528	12.1352	0	25.2938	-32.4023	0	-16.6721	-7.5081	0
48	0.6262	11.9876	0	25.3376	-32.3553	0	-16.5865	-7.5007	0
49	0.4360	12.2725	0	25.5921	-32.2842	0	-16.7537	-7.3871	0
50	0.3835	12.4493	0	25.5826	-32.3688	0	-16.7677	-7.4088	0
51	0.4870	12.3831	0	25.6221	-32.4003	0	-16.6550	-7.5675	0
52	0.5118	12.5122	0	25.5314	-32.3357	0	-16.6626	-7.4913	0
53	0.4114	12.5453	0	25.5364	-32.2140	0	-16.8076	-7.6247	0
54	0.3432	12.8471	0	25.6777	-32.0136	0	-16.9429	-7.6027	0
55	0.4451	13.0044	0	25.4347	-32.0514	0	-16.9908	-7.6433	0
56	0.3301	13.0492	0	25.2731	-32.0787	0	-16.9840	-7.5523	0
57	0.4114	13.3070	0	25.1710	-31.8360	0	-16.8289	-7.6494	0
58	0.3208	13.3536	0	24.9553	-32.1688	0	-16.7120	-7.8098	0
59	0.2289	13.1549	0	25.2132	-32.0995	0	-16.4245	-7.9159	0
60	0.1534	13.2615	0	25.2387	-31.8738	0	-16.2313	-7.8443	0
61	0.0274	13.4654	0	25.3524	-31.8680	0	-16.2942	-8.0851	0
62	-0.0982	13.3505	0	25.5102	-31.7897	0	-16.2269	-7.8667	0
63	-0.2434	13.5692	0	25.5759	-31.6643	0	-16.0139	-7.7851	0
64	-0.2483	13.5309	0	25.7061	-31.6845	0	-16.0070	-7.6736	0
65	-0.3020	13.2152	0	25.7372	-31.6336	0	-15.9729	-7.5639	0
66	-0.1426	13.2518	0	25.6022	-31.5365	0	-16.0518	-7.4682	0
67	-0.0445	13.2316	0	25.4889	-31.7657	0	-15.9308	-7.4806	0
68	0.1332	13.0355	0	25.4773	-31.7073	0	-15.7181	-7.6194	0
69	0.0899	13.0764	0	25.5933	-31.5827	0	-15.7768	-7.8229	0
70	-0.0897	12.9647	0	25.6719	-31.3997	0	-15.9497	-7.9076	0
71	-0.3357	13.1578	0	25.7873	-31.3981	0	-16.0049	-8.1569	0
72	-0.3610	13.0636	0	25.9388	-31.2794	0	-16.1269	-8.1330	0
73	-0.3812	12.9433	0	25.8113	-31.3852	0	-15.9205	-7.9926	0
74	-0.6374	12.8171	0	25.5570	-31.5839	0	-15.8234	-7.9319	0
75	-0.5553	12.7477	0	25.5679	-31.5116	0	-15.7468	-7.8021	0
76	-0.6652	12.7645	0	25.4877	-31.5505	0	-15.6595	-7.8568	0
77	-0.5466	12.6221	0	25.4459	-31.6822	0	-15.5360	-7.7277	0
78	-0.5552	12.5043	0	25.5069	-31.7177	0	-15.4600	-7.7788	0
79	-0.5487	12.1722	0	25.4888	-31.8021	0	-15.4839	-7.9115	0
80	-0.4180	11.8632	0	25.3717	-31.6641	0	-15.2041	-7.9660	0
81	-0.3021	11.6777	0	25.3122	-31.5362	0	-15.3462	-8.0066	0
82	-0.4121	11.7071	0	25.3004	-31.6772	0	-15.5022	-8.0761	0
83	-0.5211	11.5899	0	25.1701	-31.9839	0	-15.6857	-8.0340	0
84	-0.5077	11.4956	0	25.1397	-31.9739	0	-15.9214	-8.2529	0
85	-0.5971	11.5093	0	24.8924	-31.8668	0	-15.9935	-8.6216	0
86	-0.5468	11.3986	0	24.9845	-31.9070	0	-16.1487	-8.7008	0
87	-0.5253	11.4931	0	25.0840	-32.0552	0	-16.2265	-8.5285	0
88	-0.5445	11.4553	0	25.3539	-32.0242	0	-16.3633	-8.6938	0
89	-0.4898	11.6913	0	25.4903	-32.0063	0	-16.4392	-8.6278	0
90	-0.7092	11.4639	0	25.5167	-32.0274	0	-16.4518	-8.7054	0
91	-0.8072	11.4044	0	25.6459	-32.3196	0	-16.3235	-8.8100	0
92	-0.7155	11.4919	0	25.7534	-32.1961	0	-16.2982	-8.8079	0
93	-0.4141	11.5178	0	25.7552	-31.9920	0	-15.9082	-8.5450	0
94	-0.2507	11.6958	0	25.6156	-32.0307	0	-15.9799	-8.5790	0
95	-0.2430	11.5884	0	25.6365	-32.1582	0	-16.0124	-8.6297	0
96	-0.4858	11.6372	0	25.5572	-32.2962	0	-16.1343	-8.5217	0
97	-0.5237	11.5543	0	25.3907	-32.3394	0	-16.1210	-8.4082	0
98	-0.7421	11.4748	0	25.5282	-32.4275	0	-16.1840	-8.2241	0
99	-0.6358	11.5017	0	25.5720	-32.5117	0	-16.1026	-8.1415	0
100	-0.6996	11.4246	0	25.4999	-32.5912	0	-16.2481	-8.2841	0
101	-1.0072	11.2224	0	25.3984	-32.6416	0	-15.9664	-8.1688	0
102	-1.0632	11.1491	0	25.3819	-32.5813	0	-15.8590	-8.2636	0
103	-1.1683	11.1894	0	25.3351	-32.5186	0	-15.7089	-8.4288	0
104	-1.0847	11.1103	0	25.3540	-32.9165	0	-15.6693	-8.4287	0
105	-1.0175	11.0727	0	25.5114	-32.9141	0	-15.7036	-8.3552	0
106	-0.8964	11.0910	0	25.6111	-32.9017	0	-15.6896	-8.1466	0
107	-0.8611	10.9884	0	25.6346	-32.8390	0	-15.5097	-8.1951	0
108	-0.8484	11.0331	0	25.6175	-32.8873	0	-15.4108	-8.1436	0
109	-1.0123	11.0870	0	25.5736	-32.9245	0	-15.3998	-8.4412	0
110	-0.8773	11.2991	0	25.7625	-33.0104	0	-15.4214	-8.3113	0
111	-1.0509	11.2412	0	25.4362	-32.8558	0	-15.5513	-8.2248	0
112	-1.0701	11.2027	0	25.3847	-32.7699	0	-15.3132	-8.2248	0
113	-1.2051	11.1834	0	25.1786	-32.8558	0	-15.2699	-8.3330	0
114	-0.7423	11.4533	0	25.1099	-32.7699	0	-15.4431	-8.3330	0
115	-0.4146	11.3376	0	24.9037	-32.8043	0	-15.3348	-8.1165	0
116	-0.6652	11.3569	0	24.9724	-33.1649	0	-15.4647	-8.0083	0
117	-0.6840	11.4417	0	25.2300	-33.3323	0	-15.6260	-7.7567	0
118	-0.6459	11.8390	0	25.4190	-33.4054	0	-15.6379	-7.8568	0
119	-0.3760	11.8582	0	25.3675	-33.4397	0			
120	-0.2603	11.8775	0	25.4877	-33.5256	0			
