Frame	X1	Y1	Flag1	X2	Y2	Flag2	X3	Y3	Flag3	X4	Y4	Flag4	X5	Y5	Flag5	X6	Y6	Flag6	X7	Y7	Flag7	X8	Y8	Flag8	X9	Y9	Flag9	X10	Y10	Flag10	X11	Y11	Flag11	X12	Y12	Flag12	X13	Y13	Flag13	X14	Y14	Flag14	X15	Y15	Flag15	X16	Y16	Flag16
Tracks 1 to 16
1	882.49725	641.31018	 	863.15706	659.76654	 	 	 	 	414.61659	552.84556	 	 	 	 	 	 	 	 	 	 	 	 	 	 	 	 	 	 	 	 	 	 	 	 	 	 	 	 	 	 	 	 	 	 	 	 	 
2	882.76495	641.38496	 	863.01310	659.42233	 	 	 	 	416.26721	553.71302	 	 	 	 	 	 	 	 	 	 	 	 	 	 	 	 	 	 	 	 	 	 	 	 	 	 	 	 	 	 	 	 	 	 	 	 	 
3	882.89011	641.60571	 	862.81074	659.27313	 	 	 	 	415.13638	553.34145	 	 	 	 	 	 	 	 	 	 	 	 	 	 	 	 	 	 	 	 	 	 	 	 	 	 	 	 	 	 	 	 	 	 	 	 	 
4	882.29700	640.82199	 	863.77921	660.10120	 	 	 	 	 	 	 	 	 	 	1084.18341	778.42273	 	 	 	 	 	 	 	 	 	 	 	 	 	 	 	 	 	 	 	 	 	 	 	 	 	 	 	 	 	 	 
5	881.73000	640.45666	 	864.56898	660.92116	 	 	 	 	 	 	 	 	 	 	1081.37104	780.98139	 	 	 	 	 	 	 	 	 	 	 	 	 	 	 	 	 	 	 	 	 	 	 	 	 	 	 	 	 	 	 
6	881.28962	640.63594	 	864.49748	661.18270	 	 	 	 	409.93063	549.88277	*	 	 	 	 	 	 	 	 	 	 	 	 	 	 	 	 	 	 	 	 	 	 	 	 	 	 	 	 	 	 	 	 	 	 	 	 
7	882.00705	640.57724	 	864.11589	660.55044	 	 	 	 	411.91595	551.49422	 	 	 	 	1086.30598	776.52904	*	 	 	 	 	 	 	 	 	 	 	 	 	 	 	 	 	 	 	 	 	 	 	 	 	 	 	 	 	 	 
8	882.64258	640.53009	 	863.94418	659.99250	 	 	 	 	413.52621	552.50591	 	1102.81279	797.16863	 	1089.14212	774.74895	 	 	 	 	 	 	 	 	 	 	 	 	 	 	 	 	 	 	 	 	 	 	 	 	 	 	 	 	 	 	 
9	881.96403	639.99284	 	864.74212	660.65358	 	 	 	 	417.38773	554.43912	 	 	 	 	 	 	 	 	 	 	 	 	 	 	 	 	 	 	 	 	 	 	 	 	 	 	 	 	 	 	 	 	 	 	 	 	 
10	882.59644	640.14915	 	864.23175	660.09687	 	 	 	 	418.15978	554.35406	 	1109.00482	792.12539	*	1081.06570	782.10025	*	 	 	 	 	 	 	 	 	 	 	 	 	 	 	 	 	 	 	 	 	 	 	 	 	 	 	 	 	 	 
11	882.74777	640.14394	 	864.10845	659.91774	 	 	 	 	417.43755	554.10818	 	1109.03368	791.72793	 	1081.20034	782.39562	 	 	 	 	 	 	 	 	 	 	 	 	 	 	 	 	 	 	 	 	 	 	 	 	 	 	 	 	 	 	 
12	881.58158	639.41900	 	866.04123	661.19396	 	 	 	 	421.37456	555.02101	 	1107.40997	793.89475	 	1083.56835	778.52619	 	 	 	 	 	 	 	 	 	 	 	 	 	 	 	 	 	 	 	 	 	 	 	 	 	 	 	 	 	 	 
13	881.83224	639.42314	 	865.72224	660.95545	 	 	 	 	 	 	 	1107.15430	793.80975	 	1083.28230	778.66937	 	 	 	 	 	 	 	 	 	 	 	 	 	 	 	 	 	 	 	 	 	 	 	 	 	 	 	 	 	 	 
14	882.46482	639.68939	 	865.00768	660.34906	 	 	 	 	 	 	 	1107.92989	793.46917	 	1082.25354	779.94719	 	 	 	 	 	 	 	 	 	 	 	 	 	 	 	 	 	 	 	 	 	 	 	 	 	 	 	 	 	 	 
15	882.88442	639.71249	 	864.71129	659.94592	 	 	 	 	418.80941	554.31185	*	1108.76742	791.57424	 	1081.03791	782.38832	 	 	 	 	 	 	 	 	 	 	 	 	 	 	 	 	 	 	 	 	 	 	 	 	 	 	 	 	 	 	 
16	882.54405	639.58700	 	865.05860	660.24464	 	420.72903	528.37419	 	420.90099	555.06748	 	1108.34783	792.89051	 	1081.56036	780.96909	 	 	 	 	 	 	 	 	 	 	 	 	 	 	 	 	 	 	 	 	 	 	 	 	 	 	 	 	 	 	 
17	884.20866	640.92698	 	863.11646	658.57813	 	416.71356	528.47514	 	425.93137	555.69929	 	1105.90544	794.89035	 	1084.79376	776.85269	 	 	 	 	 	 	 	 	 	 	 	 	 	 	 	 	 	 	 	 	 	 	 	 	 	 	 	 	 	 	 
18	885.62967	642.72099	 	861.64435	656.84876	 	417.23798	528.36515	 	424.56602	555.45031	 	1103.12482	796.90369	 	1089.39442	774.02727	 	 	 	 	 	 	 	 	 	 	 	 	 	 	 	 	 	 	 	 	 	 	 	 	 	 	 	 	 	 	 
19	885.17936	641.51566	 	862.73431	657.92570	 	417.48859	529.07984	 	425.40025	555.46508	 	1104.88782	795.94700	 	1085.83056	776.37248	 	 	 	 	 	 	 	 	 	 	 	 	 	 	 	 	 	 	 	 	 	 	 	 	 	 	 	 	 	 	 
20	887.48468	646.24506	 	859.82706	652.29615	 	416.06474	528.91243	 	426.88869	555.44188	 	1102.88348	796.74268	 	1088.81968	774.08774	 	 	 	 	 	 	 	 	 	 	 	 	 	 	 	 	 	 	 	 	 	 	 	 	 	 	 	 	 	 	 
21	886.91352	646.06671	 	859.83231	651.90663	 	419.00453	529.15698	 	424.01894	555.55417	 	1101.87460	797.10103	 	1090.95334	773.01658	 	 	 	 	 	 	 	 	 	 	 	 	 	 	 	 	 	 	 	 	 	 	 	 	 	 	 	 	 	 	 
22	886.39510	643.33266	 	861.05453	656.01125	 	422.33937	529.41315	 	420.14148	555.53395	 	1104.05618	796.01105	 	1086.93729	775.03410	 	 	 	 	 	 	 	 	 	 	 	 	 	 	 	 	 	 	 	 	 	 	 	 	 	 	 	 	 	 	 
23	887.61144	644.25327	 	860.63176	655.44451	 	421.40716	528.99721	 	421.10172	555.32084	 	1102.13478	796.73034	 	1089.82365	773.28442	 	 	 	 	 	 	 	 	 	 	 	 	 	 	 	 	 	 	 	 	 	 	 	 	 	 	 	 	 	 	 
24	 	 	 	860.31663	655.05086	 	420.87865	528.96888	 	421.96934	555.63287	 	1100.89477	797.12124	 	1091.76342	772.37842	 	 	 	 	 	 	 	 	 	 	 	 	 	 	 	 	 	 	 	 	 	 	 	 	 	 	 	 	 	 	 
25	 	 	 	860.03688	652.25487	 	420.04882	529.35891	 	423.22199	555.85686	 	1100.71596	797.56331	 	1092.32206	772.40483	 	 	 	 	 	 	 	 	 	 	 	 	 	 	 	 	 	 	 	 	 	 	 	 	 	 	 	 	 	 	 
26	 	 	 	 	 	 	420.47598	529.51425	 	422.90385	556.02765	 	1102.67101	796.82822	 	1089.39383	773.83276	 	 	 	 	 	 	 	 	 	 	 	 	 	 	 	 	 	 	 	 	 	 	 	 	 	 	 	 	 	 	 
27	 	 	 	859.96101	651.58149	*	420.53784	529.43941	 	422.45697	555.85372	 	1102.15917	797.07608	 	1090.23818	773.51585	 	 	 	 	 	 	 	 	 	 	 	 	 	 	 	 	 	 	 	 	 	 	 	 	 	 	 	 	 	 	 
28	 	 	 	 	 	 	419.68169	529.50209	 	423.80140	555.84591	 	1100.58235	797.69735	 	1093.16689	772.42526	 	 	 	 	 	 	 	 	 	 	 	 	 	 	 	 	 	 	 	 	 	 	 	 	 	 	 	 	 	 	 
29	 	 	 	859.88299	651.66031	*	420.39362	529.50664	 	422.81764	555.90682	 	1099.09647	798.17026	 	1095.54813	771.73665	 	 	 	 	 	 	 	 	 	 	 	 	 	 	 	 	 	 	 	 	 	 	 	 	 	 	 	 	 	 	 
30	 	 	 	859.94503	649.06585	 	418.15094	529.69536	 	426.37598	555.60182	 	1096.38020	798.82561	 	1101.65426	771.16301	 	 	 	 	 	 	 	 	 	 	 	 	 	 	 	 	 	 	 	 	 	 	 	 	 	 	 	 	 	 	 
31	 	 	 	859.76190	647.86605	 	416.33128	529.82939	 	428.17144	555.05186	 	1095.40992	798.66971	 	1101.56307	771.39410	 	 	 	 	 	 	 	 	 	 	 	 	 	 	 	 	 	 	 	 	 	 	 	 	 	 	 	 	 	 	 
32	 	 	 	860.26873	646.20469	 	416.76043	529.82912	 	427.93741	555.04732	 	1095.37589	798.40283	 	1101.65963	771.43904	 	 	 	 	 	 	 	 	 	 	 	 	 	 	 	 	 	 	 	 	 	 	 	 	 	 	 	 	 	 	 
33	 	 	 	860.01598	646.34642	 	416.47317	529.51699	 	427.90491	555.06798	 	1094.96097	798.09407	 	1101.66652	771.35116	 	 	 	 	 	 	 	 	 	 	 	 	 	 	 	 	 	 	 	 	 	 	 	 	 	 	 	 	 	 	 
34	 	 	 	860.73182	644.79577	 	415.59750	529.20115	 	428.15863	554.85037	 	1093.93047	797.59831	 	1102.40443	771.49438	 	 	 	 	 	 	 	 	 	 	 	 	 	 	 	 	 	 	 	 	 	 	 	 	 	 	 	 	 	 	 
35	 	 	 	861.92330	642.53835	 	413.77184	530.12699	 	430.55548	553.86055	 	1095.81181	798.03768	 	1100.12710	771.12671	 	 	 	 	 	 	 	 	 	 	 	 	 	 	 	 	 	 	 	 	 	 	 	 	 	 	 	 	 	 	 
36	 	 	 	862.66229	641.48553	 	415.35610	529.60588	 	428.87095	554.56373	 	1094.39185	798.29273	 	1102.25531	771.63774	 	 	 	 	 	 	 	 	 	 	 	 	 	 	 	 	 	 	 	 	 	 	 	 	 	 	 	 	 	 	 
37	 	 	 	863.83868	640.05541	 	415.02501	529.34059	 	428.72109	554.64039	 	1095.40088	798.41367	 	1101.01762	771.46699	 	 	 	 	 	 	 	 	 	 	 	 	 	 	 	 	 	 	 	 	 	 	 	 	 	 	 	 	 	 	 
38	 	 	 	865.08576	639.04577	 	 	 	 	430.00664	554.23232	 	1095.88422	798.32242	 	1100.25110	771.32872	 	 	 	 	 	 	 	 	 	 	 	 	 	 	 	 	 	 	 	 	 	 	 	 	 	 	 	 	 	 	 
39	 	 	 	866.03279	637.97027	 	 	 	 	 	 	 	1096.84913	798.44412	 	1098.37902	771.50247	 	 	 	 	 	 	 	 	 	 	 	 	 	 	 	 	 	 	 	 	 	 	 	 	 	 	 	 	 	 	 
40	 	 	 	864.83357	639.39911	 	412.72575	530.41984	*	431.30193	553.32340	*	1096.61342	798.75861	 	1099.31989	771.59411	 	 	 	 	 	 	 	 	 	 	 	 	 	 	 	 	 	 	 	 	 	 	 	 	 	 	 	 	 	 	 
41	 	 	 	 	 	 	 	 	 	432.70191	552.40361	 	1096.00358	798.50338	 	1100.44484	771.38042	 	 	 	 	 	 	 	 	 	 	 	 	 	 	 	 	 	 	 	 	 	 	 	 	 	 	 	 	 	 	 
42	 	 	 	 	 	 	 	 	 	 	 	 	1096.44374	798.89136	 	1099.63796	771.63571	 	 	 	 	 	 	 	 	 	 	 	 	 	 	 	 	 	 	 	 	 	 	 	 	 	 	 	 	 	 	 
43	 	 	 	 	 	 	 	 	 	435.34230	547.85326	*	1097.82968	798.65754	 	1097.11320	771.80868	 	 	 	 	 	 	 	 	 	 	 	 	 	 	 	 	 	 	 	 	 	 	 	 	 	 	 	 	 	 	 
44	 	 	 	 	 	 	409.34634	539.70079	*	436.17422	543.44176	 	1095.80268	798.82933	 	1100.43010	771.55070	 	 	 	 	 	 	 	 	 	 	 	 	 	 	 	 	 	 	 	 	 	 	 	 	 	 	 	 	 	 	 
45	 	 	 	 	 	 	 	 	 	436.27977	541.40775	 	 	 	 	1105.59061	773.01737	 	 	 	 	 	 	 	 	 	 	 	 	 	 	 	 	 	 	 	 	 	 	 	 	 	 	 	 	 	 	 
46	 	 	 	 	 	 	 	 	 	 	 	 	 	 	 	1104.85312	772.31282	 	 	 	 	 	 	 	 	 	 	 	 	 	 	 	 	 	 	 	 	 	 	 	 	 	 	 	 	 	 	 
47	 	 	 	 	 	 	 	 	 	 	 	 	 	 	 	1106.74807	773.65035	 	 	 	 	 	 	 	 	 	 	 	 	 	 	 	 	 	 	 	 	 	 	 	 	 	 	 	 	 	 	 
48	 	 	 	 	 	 	 	 	 	 	 	 	1090.53132	798.28054	*	1107.19139	774.29909	 	 	 	 	 	 	 	 	 	 	 	 	 	 	 	 	 	 	 	 	 	 	 	 	 	 	 	 	 	 	 
49	 	 	 	 	 	 	 	 	 	 	 	 	1090.49603	798.13471	 	1106.93331	774.10797	 	 	 	 	 	 	 	 	 	 	 	 	 	 	 	 	 	 	 	 	 	 	 	 	 	 	 	 	 	 	 
50	 	 	 	 	 	 	 	 	 	 	 	 	1086.98362	794.10482	 	1109.53439	777.26986	 	 	 	 	 	 	 	 	 	 	 	 	 	 	 	 	 	 	 	 	 	 	 	 	 	 	 	 	 	 	 
51	 	 	 	 	 	 	 	 	 	 	 	 	 	 	 	1108.84835	776.05046	 	 	 	 	 	 	 	 	 	 	 	 	 	 	 	 	 	 	 	 	 	 	 	 	 	 	 	 	 	 	 
52	 	 	 	 	 	 	 	 	 	 	 	 	 	 	 	1109.83839	777.17914	 	 	 	 	 	 	 	 	 	 	 	 	 	 	 	 	 	 	 	 	 	 	 	 	 	 	 	 	 	 	 
53	 	 	 	 	 	 	 	 	 	 	 	 	 	 	 	 	 	 	 	 	 	 	 	 	 	 	 	 	 	 	 	 	 	 	 	 	 	 	 	 	 	 	 	 	 	 	 	 
54	 	 	 	 	 	 	 	 	 	 	 	 	 	 	 	 	 	 	 	 	 	 	 	 	 	 	 	 	 	 	 	 	 	 	 	 	 	 	 	 	 	 	 	 	 	 	 	 
55	 	 	 	 	 	 	 	 	 	 	 	 	 	 	 	 	 	 	 	 	 	 	 	 	 	 	 	 	 	 	 	 	 	 	 	 	 	 	 	 	 	 	 	 	 	 	 	 
56	 	 	 	 	 	 	 	 	 	 	 	 	 	 	 	 	 	 	 	 	 	 	 	 	 	 	 	 	 	 	 	 	 	 	 	 	 	 	 	 	 	 	 	 	 	 	 	 
57	 	 	 	 	 	 	 	 	 	 	 	 	 	 	 	 	 	 	 	 	 	 	 	 	 	 	 	 	 	 	 	 	 	 	 	 	 	 	 	 	 	 	 	 	 	 	 	 
58	 	 	 	 	 	 	 	 	 	 	 	 	 	 	 	 	 	 	 	 	 	 	 	 	 	 	 	 	 	 	 	 	 	 	 	 	 	 	 	 	 	 	 	 	 	 	 	 
59	 	 	 	 	 	 	 	 	 	 	 	 	 	 	 	 	 	 	 	 	 	 	 	 	 	 	 	 	 	 	 	 	 	 	 	 	 	 	 	 	 	 	 	 	 	 	 	 
60	 	 	 	 	 	 	 	 	 	 	 	 	 	 	 	 	 	 	 	 	 	 	 	 	 	 	 	 	 	 	 	 	 	 	 	 	 	 	 	 	 	 	 	 	 	 	 	 
61	 	 	 	 	 	 	 	 	 	 	 	 	 	 	 	 	 	 	 	 	 	 	 	 	 	 	 	 	 	 	 	 	 	 	 	 	 	 	 	 	 	 	 	 	 	 	 	 
62	 	 	 	 	 	 	 	 	 	 	 	 	 	 	 	 	 	 	 	 	 	 	 	 	 	 	 	 	 	 	 	 	 	 	 	 	 	 	 	 	 	 	 	 	 	 	 	 
63	 	 	 	 	 	 	 	 	 	 	 	 	 	 	 	 	 	 	733.41236	284.01475	 	761.31926	287.31191	 	877.72324	633.74789	 	 	 	 	 	 	 	 	 	 	 	 	 	 	 	 	 	 	 	 	 	 
64	 	 	 	 	 	 	 	 	 	 	 	 	 	 	 	 	 	 	733.30862	284.03494	 	760.62409	287.86949	 	877.13165	633.65567	 	 	 	 	 	 	 	 	 	 	 	 	 	 	 	 	 	 	 	 	 	 
65	 	 	 	 	 	 	 	 	 	 	 	 	 	 	 	 	 	 	734.34464	280.34003	 	760.46329	289.88654	 	 	 	 	 	 	 	 	 	 	 	 	 	 	 	 	 	 	 	 	 	 	 	 	 
66	 	 	 	 	 	 	 	 	 	 	 	 	 	 	 	 	 	 	733.58203	284.97620	 	760.53970	287.24864	 	 	 	 	 	 	 	 	 	 	 	 	 	 	 	 	 	 	 	 	 	 	 	 	 
67	 	 	 	 	 	 	 	 	 	 	 	 	 	 	 	 	 	 	733.61534	284.25605	 	760.26698	287.58584	 	874.65521	633.42997	*	 	 	 	 	 	 	 	 	 	 	 	 	 	 	 	 	 	 	 	 	 
68	 	 	 	 	 	 	 	 	 	 	 	 	 	 	 	 	 	 	733.76708	282.24613	 	759.70317	288.95820	 	874.42736	633.43259	 	 	 	 	 	 	 	 	 	 	 	 	 	 	 	 	 	 	 	 	 	 
69	 	 	 	 	 	 	 	 	 	 	 	 	 	 	 	 	 	 	733.97832	281.66660	 	759.47743	289.34292	 	874.27813	633.26278	 	 	 	 	 	 	 	 	 	 	 	 	 	 	 	 	 	 	 	 	 	 
70	 	 	 	 	 	 	 	 	 	 	 	 	 	 	 	 	 	 	734.39834	280.39233	 	759.66602	290.32010	 	875.46148	633.31873	 	1093.18035	772.81549	 	1098.25097	801.51520	 	 	 	 	 	 	 	 	 	 	 	 	 	 	 	 
71	 	 	 	 	 	 	 	 	 	 	 	 	 	 	 	 	 	 	734.94285	278.77223	 	759.44291	291.34882	 	876.51946	633.49674	 	1092.98989	773.09656	 	1099.37481	801.23835	 	406.94829	535.97064	 	 	 	 	 	 	 	 	 	 	 	 	 
72	 	 	 	 	 	 	 	 	 	 	 	 	 	 	 	 	 	 	735.23045	278.11913	 	758.97564	292.16507	 	875.54794	633.26194	 	1092.45807	773.28123	 	1100.52253	801.03417	 	409.62648	532.53048	 	430.55299	549.11724	 	 	 	 	 	 	 	 	 	 
73	 	 	 	 	 	 	 	 	 	 	 	 	 	 	 	 	 	 	735.33178	277.55951	 	759.11043	292.70688	 	874.60946	633.29100	 	1092.95650	773.28490	 	1100.15057	801.09645	 	410.43349	531.80998	 	429.99749	549.52817	 	 	 	 	 	 	 	 	 	 
74	 	 	 	 	 	 	 	 	 	 	 	 	 	 	 	 	 	 	 	 	 	 	 	 	874.77251	633.40686	 	1093.77442	773.10318	 	1098.27578	801.29460	 	408.99537	533.19489	 	431.16133	548.66429	 	 	 	 	 	 	 	 	 	 
75	 	 	 	 	 	 	 	 	 	 	 	 	 	 	 	 	 	 	 	 	 	 	 	 	876.56495	633.55217	 	1095.49190	772.73870	 	1093.73166	800.26282	 	412.90595	529.70718	 	427.54877	551.45245	 	 	 	 	 	 	 	 	 	 
76	 	 	 	 	 	 	 	 	 	 	 	 	 	 	 	 	 	 	 	 	 	 	 	 	881.85212	634.67402	 	1093.54762	773.21600	 	1098.65769	801.46410	 	412.79540	529.84792	 	427.81150	551.30741	 	 	 	 	 	 	 	 	 	 
77	 	 	 	 	 	 	 	 	 	 	 	 	 	 	 	 	 	 	 	 	 	 	 	 	885.22902	639.27463	 	1093.64943	773.27339	 	1098.33687	801.56282	 	419.68708	526.04857	 	422.88235	553.23118	 	 	 	 	 	 	 	 	 	 
78	 	 	 	 	 	 	 	 	 	 	 	 	 	 	 	 	 	 	 	 	 	 	 	 	879.54293	634.22870	 	1092.87067	773.27630	 	1100.31589	801.64772	 	421.69993	525.90718	 	422.03257	553.31610	 	 	 	 	 	 	 	 	 	 
79	 	 	 	 	 	 	 	 	 	 	 	 	 	 	 	 	 	 	 	 	 	 	 	 	 	 	 	1092.70521	773.74126	 	1101.15582	801.16162	 	421.94516	525.85670	 	421.89317	553.41639	 	734.46857	279.85844	 	760.08153	290.55626	 	 	 	 
80	 	 	 	 	 	 	 	 	 	 	 	 	 	 	 	 	 	 	 	 	 	 	 	 	 	 	 	1093.93948	773.96568	 	1099.18279	801.45004	 	426.69422	525.87659	 	418.49695	553.65721	 	733.81917	286.83590	 	760.79766	285.76824	 	 	 	 
81	 	 	 	 	 	 	 	 	 	 	 	 	 	 	 	 	 	 	 	 	 	 	 	 	 	 	 	1092.30544	774.27884	 	1102.17222	800.89063	 	424.13133	525.22627	 	421.33921	553.37450	 	734.52726	280.25218	 	759.90850	290.61753	 	 	 	 
82	 	 	 	 	 	 	 	 	 	 	 	 	 	 	 	 	 	 	 	 	 	 	 	 	888.83735	646.53878	*	1092.62453	774.03653	 	1101.11633	801.12141	 	418.42237	526.49721	 	423.98550	552.68268	 	734.43351	279.87396	 	760.19057	290.25342	 	 	 	 
83	 	 	 	 	 	 	 	 	 	 	 	 	 	 	 	 	 	 	 	 	 	 	 	 	 	 	 	1096.12908	774.18137	 	1095.58446	801.13207	 	419.48035	526.01199	 	423.35304	552.98498	 	733.90692	281.32704	 	760.50021	289.63518	 	 	 	 
84	 	 	 	 	 	 	 	 	 	 	 	 	 	 	 	 	 	 	 	 	 	 	 	 	 	 	 	1093.20646	773.93375	 	1100.35874	801.41967	 	420.13159	526.12782	 	423.10282	552.81360	 	 	 	 	 	 	 	 	 	 
85	 	 	 	 	 	 	 	 	 	 	 	 	 	 	 	 	 	 	 	 	 	 	 	 	 	 	 	1092.75117	773.93086	 	1100.68487	801.46399	 	418.13099	526.70856	 	424.06453	552.72450	 	 	 	 	760.87269	286.68254	*	 	 	 
86	 	 	 	 	 	 	 	 	 	 	 	 	 	 	 	 	 	 	 	 	 	 	 	 	 	 	 	1092.15697	774.45922	 	1102.07313	801.03958	 	417.92419	526.79962	 	424.23396	552.72700	 	 	 	 	759.09274	281.04314	 	 	 	 
87	 	 	 	 	 	 	 	 	 	 	 	 	 	 	 	 	 	 	 	 	 	 	 	 	 	 	 	1092.33318	774.31297	 	1101.75715	801.16361	 	421.29198	526.05379	 	422.15334	553.46593	 	733.92258	291.09124	*	759.87118	283.26000	 	 	 	 
88	 	 	 	 	 	 	 	 	 	 	 	 	 	 	 	 	 	 	 	 	 	 	 	 	 	 	 	1093.47199	774.17270	 	1100.11725	801.49647	 	419.61424	526.51155	 	423.18743	553.16545	 	732.91610	286.12175	 	760.73963	285.71396	 	 	 	 
89	 	 	 	 	 	 	 	 	 	 	 	 	 	 	 	 	 	 	 	 	 	 	 	 	 	 	 	1092.42970	774.26050	 	1101.70860	801.16168	 	420.56557	526.27656	 	422.70880	553.35959	 	734.26543	292.00834	 	759.64240	282.66303	 	 	 	 
90	 	 	 	 	 	 	 	 	 	 	 	 	 	 	 	 	 	 	 	 	 	 	 	 	 	 	 	1093.10382	774.52697	 	1100.90398	801.41897	 	420.98496	526.19370	 	422.05889	553.51954	 	734.84533	292.96461	 	759.04262	281.72939	 	 	 	 
91	 	 	 	 	 	 	 	 	 	 	 	 	 	 	 	 	 	 	 	 	 	 	 	 	 	 	 	1093.93015	774.25284	 	1099.36026	801.75311	 	421.43703	526.14960	 	422.03427	553.31346	 	735.40383	294.53071	 	758.47223	280.76645	 	 	 	 
92	 	 	 	 	 	 	 	 	 	 	 	 	 	 	 	 	 	 	 	 	 	 	 	 	 	 	 	1093.34960	774.09343	 	1100.29896	801.76456	 	423.03793	526.15299	 	420.92964	553.29443	 	734.97888	293.32270	 	758.82923	281.58866	 	 	 	 
93	 	 	 	 	 	 	 	 	 	 	 	 	 	 	 	 	 	 	 	 	 	 	 	 	 	 	 	1092.51907	774.20803	 	1101.36157	801.50487	 	423.07934	526.24516	 	420.35354	553.55872	 	733.79129	289.20327	 	759.68465	283.88310	 	 	 	 
94	 	 	 	 	 	 	 	 	 	 	 	 	 	 	 	 	 	 	 	 	 	 	 	 	 	 	 	1092.35149	774.26860	 	1101.31715	801.64412	 	422.61918	526.32096	 	420.88980	553.46537	 	733.38951	285.85514	 	759.76682	286.09389	 	 	 	 
95	 	 	 	 	 	 	 	 	 	 	 	 	 	 	 	 	 	 	 	 	 	 	 	 	 	 	 	1091.30715	774.95944	 	1103.52625	800.61462	 	420.63459	526.31991	 	422.61794	553.05251	 	733.39767	285.82479	 	759.73700	286.15606	 	 	 	 
96	 	 	 	 	 	 	 	 	 	 	 	 	 	 	 	 	 	 	 	 	 	 	 	 	 	 	 	1092.93475	774.74258	 	1101.29075	801.44009	 	419.48913	526.44812	 	423.18846	552.87765	 	733.44256	286.91662	 	759.46000	285.49193	 	 	 	 
97	 	 	 	 	 	 	 	 	 	 	 	 	 	 	 	 	 	 	 	 	 	 	 	 	 	 	 	1092.01442	774.49237	 	1102.46214	801.16913	 	422.45516	526.17433	 	421.24554	553.26898	 	733.41092	287.14096	 	759.52272	285.44106	 	 	 	 
98	 	 	 	 	 	 	 	 	 	 	 	 	 	 	 	 	 	 	 	 	 	 	 	 	 	 	 	1092.62409	774.63461	 	1101.78608	801.21367	 	422.77777	526.27006	 	421.10112	553.33272	 	734.44587	291.77835	 	759.11712	282.34944	 	 	 	 
99	 	 	 	 	 	 	 	 	 	 	 	 	 	 	 	 	 	 	 	 	 	 	 	 	 	 	 	1091.41732	775.11908	 	1103.36482	800.56242	 	423.92982	526.22611	 	420.16240	553.34865	 	733.85343	290.15461	 	759.07284	283.49898	 	 	 	 
100	 	 	 	 	 	 	 	 	 	 	 	 	 	 	 	 	 	 	 	 	 	 	 	 	 	 	 	1090.80363	775.31717	 	1104.26839	800.26065	 	424.66960	526.29136	 	419.58335	553.00308	 	733.53145	288.16729	 	759.47447	284.70933	 	 	 	 
101	 	 	 	 	 	 	 	 	 	 	 	 	 	 	 	 	 	 	 	 	 	 	 	 	 	 	 	1091.03166	775.26859	 	1104.00872	800.31725	 	427.34140	527.11220	 	417.32873	552.82537	 	733.82415	289.59695	 	759.30110	283.81238	 	 	 	 
102	 	 	 	 	 	 	 	 	 	 	 	 	 	 	 	 	 	 	 	 	 	 	 	 	 	 	 	1090.27059	775.43064	 	1104.75883	799.91236	 	428.98911	527.87979	 	415.87082	552.19266	 	733.52918	289.48098	 	759.01704	284.06145	 	 	 	 
103	 	 	 	 	 	 	 	 	 	 	 	 	 	 	 	 	 	 	 	 	 	 	 	 	 	 	 	1088.52784	776.57686	 	1107.14967	798.50179	 	429.35548	527.84312	 	415.71339	551.46035	 	733.36764	288.10642	 	759.22307	284.94149	 	 	 	 
104	 	 	 	 	 	 	 	 	 	 	 	 	 	 	 	 	 	 	 	 	 	 	 	 	 	 	 	1088.22575	777.04365	 	1107.87417	797.51020	 	427.92242	527.22013	 	416.94173	552.19469	 	733.49774	290.15705	 	758.74347	283.71710	 	 	 	 
105	 	 	 	 	 	 	 	 	 	 	 	 	 	 	 	 	 	 	 	 	 	 	 	 	 	 	 	1090.09021	775.49131	 	1105.05771	799.66793	 	428.31972	527.55694	 	416.33642	552.80405	 	734.04771	292.56837	 	758.16076	282.19567	 	 	 	 
106	 	 	 	 	 	 	 	 	 	 	 	 	 	 	 	 	 	 	 	 	 	 	 	 	 	 	 	1089.14250	776.02189	 	1106.09958	799.20838	 	427.19004	526.87438	 	417.65409	552.25624	 	734.00699	292.05520	 	758.33232	282.49513	 	 	 	 
107	 	 	 	 	 	 	 	 	 	 	 	 	 	 	 	 	 	 	 	 	 	 	 	 	 	 	 	1089.32941	775.50684	 	 	 	 	428.05451	527.00107	 	417.08938	551.76075	 	734.51746	292.63171	 	758.57892	281.92774	 	413.29212	563.58243	 
108	 	 	 	 	 	 	 	 	 	 	 	 	 	 	 	 	 	 	 	 	 	 	 	 	 	 	 	1090.82576	775.53784	 	1104.35588	800.19525	*	430.06910	528.36727	 	415.06150	551.16799	 	735.94774	295.71472	 	757.28191	280.28185	 	 	 	 
109	 	 	 	 	 	 	 	 	 	 	 	 	 	 	 	 	 	 	 	 	 	 	 	 	 	 	 	1088.83846	776.94916	 	1107.37113	797.71696	 	429.67097	527.99859	 	415.58589	551.37112	 	735.22271	294.89717	 	757.39911	280.80461	 	 	 	 
110	 	 	 	 	 	 	 	 	 	 	 	 	 	 	 	 	 	 	 	 	 	 	 	 	 	 	 	1086.69129	780.75859	 	1111.36224	791.08108	 	429.84725	528.05268	 	415.49374	551.15558	 	734.46132	293.46278	 	757.81014	281.63241	 	410.99040	562.54059	*
111	 	 	 	 	 	 	 	 	 	 	 	 	 	 	 	 	 	 	 	 	 	 	 	 	 	 	 	1086.78983	780.91130	 	1111.28730	791.83666	 	429.91307	528.29702	 	415.14849	551.22512	 	735.11424	294.74315	 	757.39332	281.00103	 	 	 	 
112	 	 	 	 	 	 	 	 	 	 	 	 	 	 	 	 	 	 	 	 	 	 	 	 	 	 	 	1086.74567	780.95188	 	1111.38640	791.43392	 	429.20281	527.73511	 	415.93422	551.63019	 	735.14304	294.82002	 	757.36148	280.96834	 	412.59449	563.56890	*
113	 	 	 	 	 	 	 	 	 	 	 	 	 	 	 	 	 	 	 	 	 	 	 	 	 	 	 	1086.82875	780.04852	 	1110.96192	792.41831	 	429.25503	527.51567	 	416.20108	551.15592	 	734.16304	293.22371	 	757.62501	281.97469	 	411.37143	562.05342	 
114	 	 	 	 	 	 	 	 	 	 	 	 	 	 	 	 	 	 	 	 	 	 	 	 	 	 	 	1086.32442	782.05111	 	1111.86078	789.90762	 	429.40256	527.72787	 	416.02936	551.19525	 	734.57008	293.89366	 	757.50481	281.53261	 	411.03567	562.34950	 
115	 	 	 	 	 	 	 	 	 	 	 	 	 	 	 	 	 	 	 	 	 	 	 	 	 	 	 	1086.81160	780.63243	 	1111.21010	791.91048	 	429.09116	527.36889	 	416.37981	551.14798	 	735.41575	295.67431	 	756.75297	280.66789	 	413.25874	562.46518	 
116	 	 	 	 	 	 	 	 	 	 	 	 	 	 	 	 	 	 	 	 	 	 	 	 	 	 	 	1086.59568	781.63139	 	1111.79451	790.44425	 	429.46649	523.75696	 	417.45909	551.34256	 	735.24700	295.35256	 	756.90776	280.82133	 	415.19156	562.28490	 
117	 	 	 	 	 	 	 	 	 	 	 	 	 	 	 	 	 	 	 	 	 	 	 	 	 	 	 	1086.66344	781.09271	 	1111.45994	791.34991	 	429.86901	523.99181	 	417.10457	551.25098	 	735.37379	295.56862	 	756.81621	280.68872	 	414.38849	562.42955	 
118	 	 	 	 	 	 	 	 	 	 	 	 	 	 	 	 	 	 	 	 	 	 	 	 	 	 	 	1087.40042	779.78194	 	1110.62469	793.62676	 	429.31120	527.39194	 	416.31762	551.03220	 	735.49780	295.74904	 	756.73524	280.53139	 	412.49827	562.32543	 
119	 	 	 	 	 	 	 	 	 	 	 	 	 	 	 	 	 	 	 	 	 	 	 	 	 	 	 	1087.32059	780.55145	 	1111.09526	792.74966	 	430.88926	524.18105	 	416.61413	550.85555	 	734.54861	293.74026	 	757.69827	281.55392	 	412.63868	561.86117	 
120	 	 	 	 	 	 	 	 	 	 	 	 	 	 	 	 	 	 	 	 	 	 	 	 	 	 	 	1087.48705	779.98129	 	1110.76170	793.51659	 	431.68960	524.79254	 	416.09868	550.64399	 	733.74717	291.57366	 	758.22417	282.92725	 	410.55694	561.05408	 

Track 	Length	Distance traveled	Nr of Frames
1	24.66333	5.90057	23
2	51.56722	20.43631	38
3	40.04266	16.05795	24
4	77.46360	24.49728	39
5	67.10184	16.12295	39
6	118.49405	25.68510	47
7	16.32817	6.73456	11
8	11.46372	5.82964	11
9	43.87244	16.94491	15
10	55.62209	9.15218	51
11	90.69561	14.84911	50
12	84.60262	27.14926	50
13	55.01411	14.53472	49
14	84.60389	11.73741	39
15	58.74367	7.85185	41
16	16.42115	3.72475	11
