Frame	X2	Y2	Flag2	X3	Y3	Flag3	X4	Y4	Flag4	X1	Y1	Flag1
1	-24.2729	-0.7346	0	-1.9284	1.4692	0	43.6483	17.4471	0	-6.6982	-15.5262	0
2	-24.2778	-0.6595	0	-1.9262	1.5552	0	43.6219	17.5217	0	-6.6591	-15.4860	0
3	-24.2961	-0.6901	0	-1.9400	1.5198	0	43.6510	17.5176	0	-6.6950	-15.5290	0
4	-24.2753	-0.6810	0	-1.9454	1.4635	0	43.6003	17.4939	0	-6.6997	-15.5057	0
5	-24.1883	-0.6556	0	-1.9299	1.5242	0	43.5986	17.5953	0	-6.7353	-15.4828	0
6	-24.2047	-0.7068	0	-1.9195	1.4799	0	43.5183	17.5886	0	-6.7388	-15.4738	0
7	-24.1739	-0.7223	0	-1.8984	1.5071	0	43.5815	17.6811	0	-6.7854	-15.5384	0
8	-24.1304	-0.6628	0	-1.8945	1.5465	0	43.6906	17.7468	0	-6.8795	-15.4959	0
9	-24.1441	-0.6503	0	-1.8889	1.5229	0	43.6679	17.7094	0	-6.9887	-15.3834	0
10	-24.1298	-0.7025	0	-1.8600	1.4799	0	43.7043	17.7419	0	-7.0550	-15.4038	0
11	-24.1406	-0.6566	0	-1.8352	1.5235	0	43.7632	17.8373	0	-7.0205	-15.3811	0
12	-24.1793	-0.5923	0	-1.7813	1.5804	0	43.7930	17.8498	0	-7.1697	-15.3798	0
13	-24.2117	-0.5944	0	-1.8008	1.5154	0	43.8127	17.7729	0	-7.2478	-15.3888	0
14	-24.1831	-0.6300	0	-1.8254	1.4969	0	43.7925	17.7368	0	-7.3035	-15.3988	0
15	-24.1905	-0.5408	0	-1.9080	1.4845	0	43.7928	17.7437	0	-7.2557	-15.3787	0
16	-24.1810	-0.6122	0	-1.8671	1.4080	0	43.8013	17.9674	0	-7.2466	-15.4040	0
17	-24.1565	-0.5852	0	-1.8639	1.4143	0	44.0156	18.0286	0	-7.2498	-15.4231	0
18	-24.1920	-0.6106	0	-1.8650	1.4206	0	43.9800	18.0284	0	-7.2511	-15.4594	0
19	-24.2421	-0.5546	0	-1.8903	1.4183	0	43.9414	18.0400	0	-7.2281	-15.4335	0
20	-24.3233	-0.5651	0	-1.8629	1.4324	0	43.9580	18.0689	0	-7.2322	-15.3910	0
21	-24.3682	-0.5634	0	-1.8908	1.4245	0	44.0124	18.1060	0	-7.1609	-15.4402	0
22	-24.3100	-0.5691	0	-1.8989	1.4179	0	43.9965	18.1731	0	-7.0758	-15.4655	0
23	-24.2941	-0.5889	0	-1.9371	1.3798	0	44.0810	18.1916	0	-7.1017	-15.4198	0
24	-24.3051	-0.6061	0	-1.8998	1.4604	0	44.1273	18.2446	0	-7.1603	-15.4780	0
25	-24.2793	-0.5670	0	-1.8994	1.4322	0	44.1703	18.2339	0	-7.1148	-15.4557	0
26	-24.2510	-0.6081	0	-1.8913	1.4059	0	44.2760	18.2197	0	-7.1975	-15.4373	0
27	-24.2381	-0.6456	0	-1.8536	1.4396	0	44.2071	18.2639	0	-7.2599	-15.4615	0
28	-24.2189	-0.5891	0	-1.8559	1.4840	0	44.1638	18.2924	0	-7.2440	-15.4190	0
29	-24.2161	-0.5817	0	-1.8595	1.4383	0	44.2174	18.1628	0	-7.2582	-15.3814	0
30	-24.1775	-0.6283	0	-1.8485	1.4666	0	44.0899	18.1739	0	-7.2324	-15.4568	0
31	-24.1864	-0.5918	0	-1.8528	1.5144	0	44.0834	18.2573	0	-7.3389	-15.3939	0
32	-24.1686	-0.5402	0	-1.8379	1.4576	0	44.1280	18.2581	0	-7.2631	-15.3787	0
33	-24.2071	-0.6021	0	-1.8389	1.4897	0	44.1681	18.2038	0	-7.2743	-15.5687	0
34	-24.1816	-0.5389	0	-1.8056	1.4749	0	44.1724	18.2335	0	-7.3029	-15.5895	0
35	-24.1695	-0.4884	0	-1.8375	1.4150	0	44.0911	18.1667	0	-7.3178	-15.6918	0
36	-24.1503	-0.5789	0	-1.8207	1.4424	0	44.0779	18.1684	0	-7.2267	-15.5164	0
37	-24.1672	-0.5641	0	-1.7877	1.5514	0	44.0635	18.1216	0	-7.2259	-15.5238	0
38	-24.1621	-0.5302	0	-1.8104	1.5284	0	44.0497	18.1565	0	-7.2343	-15.4546	0
39	-24.1583	-0.5674	0	-1.8122	1.5418	0	43.9591	18.1185	0	-7.2518	-15.4960	0
40	-24.1623	-0.5782	0	-1.8292	1.5678	0	43.8848	18.1805	0	-7.1814	-15.5360	0
41	-24.1220	-0.5944	0	-1.8817	1.5635	0	43.8873	18.1546	0	-7.1717	-15.4893	0
42	-24.1059	-0.5903	0	-1.9209	1.6132	0	43.9508	18.1520	0	-7.2381	-15.4485	0
43	-24.0925	-0.6229	0	-1.9050	1.6243	0	43.8337	18.1712	0	-7.3501	-15.4044	0
44	-24.0842	-0.6325	0	-1.9073	1.6030	0	43.9620	18.1348	0	-7.2686	-15.3910	0
45	-24.1235	-0.6116	0	-1.9153	1.5707	0	43.8865	18.2259	0	-7.4474	-15.3782	0
46	-24.0414	-0.5587	0	-1.8586	1.6100	0	43.8386	18.2500	0	-7.5128	-15.3941	0
47	-24.0197	-0.5822	0	-1.8453	1.5812	0	43.8732	18.3490	0	-7.5050	-15.3480	0
48	-23.9939	-0.5021	0	-1.8519	1.6494	0	43.8829	18.2976	0	-7.5141	-15.2938	0
49	-24.0138	-0.5568	0	-1.8355	1.6565	0	43.8580	18.4041	0	-7.5504	-15.2627	0
50	-24.0448	-0.5630	0	-1.8693	1.6464	0	43.9154	18.3843	0	-7.5632	-15.1940	0
51	-24.0794	-0.5144	0	-1.8893	1.6192	0	43.8163	18.2592	0	-7.6120	-15.1854	0
52	-24.1036	-0.5509	0	-1.8952	1.5657	0	43.7917	18.3202	0	-7.6171	-15.1111	0
53	-24.1014	-0.5496	0	-1.8785	1.5868	0	43.7505	18.3271	0	-7.6408	-15.0800	0
54	-24.1306	-0.5704	0	-1.9034	1.6136	0	43.9037	18.3845	0	-7.7206	-15.1670	0
55	-24.1516	-0.5855	0	-1.8568	1.5650	0	43.9118	18.4355	0	-7.7275	-15.1707	0
56	-24.1104	-0.5983	0	-1.8861	1.6261	0	43.9224	18.4472	0	-7.7920	-15.1347	0
57	-24.1182	-0.5784	0	-1.8959	1.6131	0	43.8830	18.5556	0	-7.8920	-15.1799	0
58	-24.0595	-0.5693	0	-1.8191	1.6118	0	43.9223	18.5237	0	-7.8633	-15.2936	0
59	-24.1388	-0.6245	0	-1.8870	1.6311	0	43.9030	18.4962	0	-7.7785	-15.3815	0
60	-24.0895	-0.6656	0	-1.8588	1.5720	0	43.9390	18.4261	0	-7.7641	-15.3739	0
61	-24.1448	-0.7047	0	-1.8760	1.5761	0	43.9224	18.3329	0	-7.8419	-15.4169	0
62	-24.1538	-0.6637	0	-1.9033	1.6047	0	43.9050	18.4332	0	-7.8659	-15.4070	0
63	-24.1840	-0.7427	0	-1.8627	1.5909	0	43.8751	18.4484	0	-7.8394	-15.3386	0
64	-24.2526	-0.7615	0	-1.8530	1.5818	0	43.7542	18.5183	0	-7.8985	-15.3309	0
65	-24.2548	-0.7430	0	-1.8457	1.5377	0	43.7695	18.5154	0	-7.8607	-15.2842	0
66	-24.2689	-0.7325	0	-1.8031	1.5071	0	43.7794	18.5271	0	-7.8813	-15.3562	0
67	-24.2464	-0.7768	0	-1.7766	1.5207	0	43.8085	18.4398	0	-7.8436	-15.3175	0
68	-24.2195	-0.6986	0	-1.7905	1.5109	0	43.7472	18.4395	0	-7.8402	-15.4652	0
69	-24.2271	-0.6723	0	-1.8032	1.5106	0	43.7870	18.3878	0	-7.9175	-15.5480	0
70	-24.2156	-0.6897	0	-1.8404	1.5334	0	43.8335	18.3406	0	-8.0501	-15.5182	0
71	-24.2161	-0.6546	0	-1.8489	1.5113	0	43.8794	18.3664	0	-8.0061	-15.5439	0
72	-24.2180	-0.6709	0	-1.7876	1.5206	0	43.9040	18.3781	0	-8.0432	-15.4680	0
73	-24.2811	-0.6803	0	-1.8553	1.5342	0	43.9283	18.3737	0	-8.0588	-15.4363	0
74	-24.2475	-0.6439	0	-1.8241	1.5034	0	43.8747	18.4398	0	-8.0517	-15.3905	0
75	-24.2108	-0.6566	0	-1.8613	1.5034	0	43.8323	18.4421	0	-8.0529	-15.4543	0
76	-24.2410	-0.5989	0	-1.8658	1.5055	0	43.8346	18.3547	0	-8.0937	-15.4075	0
77	-24.2148	-0.5993	0	-1.8532	1.5141	0	43.8972	18.3523	0	-8.0382	-15.4002	0
78	-24.2229	-0.5520	0	-1.8918	1.5434	0	43.8740	18.3533	0	-8.0807	-15.3850	0
79	-24.2410	-0.6029	0	-1.8539	1.5385	0	43.8721	18.3049	0	-8.1022	-15.3289	0
80	-24.2162	-0.6032	0	-1.8332	1.5104	0	43.9383	18.3276	0	-8.1042	-15.2699	0
81	-24.2082	-0.6137	0	-1.7973	1.5131	0	43.9193	18.2531	0	-8.0927	-15.2850	0
82	-24.2384	-0.6550	0	-1.8098	1.5340	0	43.8447	18.3234	0	-8.1951	-15.3007	0
83	-24.2656	-0.7809	0	-1.7655	1.5082	0	43.7757	18.2636	0	-8.2581	-15.2597	0
84	-24.1958	-0.7269	0	-1.7985	1.4897	0	43.7197	18.3933	0	-8.2503	-15.2677	0
85	-24.2112	-0.7399	0	-1.7934	1.4488	0	43.6736	18.4426	0	-8.2397	-15.3896	0
86	-24.1782	-0.8556	0	-1.8544	1.4828	0	43.6502	18.4396	0	-8.1821	-15.4107	0
87	-24.1807	-0.7684	0	-1.8359	1.4143	0	43.6147	18.2358	0	-8.1513	-15.4949	0
88	-24.2122	-0.7760	0	-1.8362	1.4104	0	43.7167	18.3335	0	-8.1231	-15.5473	0
89	-24.2567	-0.8139	0	-1.7912	1.4450	0	43.7270	18.3748	0	-8.0845	-15.5386	0
90	-24.3096	-0.7772	0	-1.8312	1.5005	0	43.6750	18.3752	0	-8.0838	-15.4896	0
91	-24.3555	-0.7600	0	-1.8344	1.4598	0	43.7105	18.4005	0	-8.0982	-15.5500	0
92	-24.2722	-0.8244	0	-1.7715	1.4704	0	43.6463	18.3928	0	-8.0414	-15.5845	0
93	-24.2989	-0.7790	0	-1.7879	1.4561	0	43.5981	18.4321	0	-8.0577	-15.6412	0
94	-24.2670	-0.7423	0	-1.7739	1.4149	0	43.4779	18.5453	0	-8.0875	-15.5867	0
95	-24.2556	-0.7294	0	-1.7967	1.4248	0	43.4591	18.6147	0	-8.1176	-15.5572	0
96	-24.2295	-0.6779	0	-1.7875	1.4592	0	43.4247	18.5630	0	-8.0386	-15.4616	0
97	-24.2003	-0.7251	0	-1.8265	1.4637	0	43.3807	18.5348	0	-7.9922	-15.4449	0
98	-24.1770	-0.7308	0	-1.8373	1.4551	0	43.2548	18.5259	0	-7.9686	-15.5108	0
99	-24.1989	-0.7335	0	-1.8346	1.4959	0	43.3720	18.5259	0	-7.9244	-15.4234	0
100	-24.1985	-0.6780	0	-1.8643	1.4730	0	43.3196	18.5211	0	-7.9569	-15.4029	0
101	-24.2096	-0.6634	0	-1.8630	1.4298	0	43.3687	18.4523	0	-8.1410	-15.3544	0
102	-24.2936	-0.6932	0	-1.8907	1.4697	0	43.3186	18.4671	0	-8.1669	-15.4013	0
103	-24.2371	-0.6664	0	-1.8829	1.4625	0	43.2782	18.4327	0	-8.1788	-15.4508	0
104	-24.2431	-0.6613	0	-1.8587	1.4355	0	43.2350	18.4479	0	-8.1786	-15.4802	0
105	-24.2990	-0.6466	0	-1.8446	1.4640	0	43.1976	18.3064	0	-8.0934	-15.4517	0
106	-24.2722	-0.6863	0	-1.8109	1.4062	0	43.1489	18.3611	0	-8.0572	-15.4557	0
107	-24.2515	-0.6502	0	-1.7906	1.4211	0	43.1356	18.4467	0	-8.0766	-15.5699	0
108	-24.2319	-0.6705	0	-1.8204	1.4631	0	43.0973	18.4684	0	-8.0783	-15.6240	0
109	-24.2475	-0.6284	0	-1.8041	1.4612	0	43.1185	18.3820	0	-8.1510	-15.5420	0
110	-24.2184	-0.6465	0	-1.8183	1.4662	0	43.1237	18.3170	0	-8.1463	-15.5529	0
111	-24.2058	-0.6907	0	-1.8553	1.4665	0	43.1735	18.3799	0	-8.1689	-15.5050	0
112	-24.1972	-0.6789	0	-1.8570	1.5023	0	43.1908	18.4096	0	-8.2282	-15.5326	0
113	-24.2327	-0.6238	0	-1.8439	1.5010	0	43.1999	18.3533	0	-8.2014	-15.5786	0
114	-24.2947	-0.6019	0	-1.9590	1.4692	0	43.0667	18.4266	0	-8.2831	-15.6370	0
115	-24.2729	-0.6122	0	-1.9137	1.4485	0	42.9749	18.4266	0	-8.3782	-15.6490	0
116	-24.2661	-0.5865	0	-1.9397	1.4753	0	42.9451	18.5619	0	-8.3955	-15.6228	0
117	-24.2107	-0.5718	0	-1.8924	1.4989	0	42.9871	18.4556	0	-8.4272	-15.6416	0
118	-24.2088	-0.5715	0	-1.8694	1.5234	0	42.9883	18.4237	0	-8.3348	-15.6398	0
119	-24.1673	-0.6132	0	-1.9472	1.4958	0	43.0353	18.4870	0	-8.2747	-15.6847	0
120	-24.1659	-0.5504	0	-1.9577	1.5010	0	43.0071	18.4529	0	-8.1891	-15.6486	0
121	-24.0990	-0.6146	0	-1.9700	1.5121	0	43.0277	18.5380	0	-8.2995	-15.6608	0
122	-24.1117	-0.6073	0	-1.9365	1.5154	0	42.9588	18.5830	0	-8.3232	-15.6352	0
123	-24.0535	-0.5770	0	-1.9589	1.5090	0	42.8560	18.5510	0	-8.4218	-15.6078	0
124	-24.0299	-0.6203	0	-1.9627	1.5244	0	42.8043	18.5899	0	-8.3934	-15.6580	0
125	-24.0361	-0.5311	0	-1.9512	1.4919	0	42.8440	18.5589	0	-8.3236	-15.6093	0
126	-24.0393	-0.5293	0	-1.9534	1.4912	0	42.8587	18.5468	0	-8.4012	-15.5662	0
127	-24.0160	-0.4973	0	-1.9751	1.4943	0	42.8680	18.5246	0	-8.4254	-15.5696	0
128	-24.0072	-0.4800	0	-1.9936	1.4685	0	42.8835	18.5603	0	-8.4754	-15.5453	0
129	-24.0325	-0.4148	0	-2.0053	1.4875	0	42.8888	18.5410	0	-8.5595	-15.5150	0
130	-24.0257	-0.4175	0	-1.9795	1.5145	0	42.8522	18.5578	0	-8.5605	-15.5166	0
131	-24.0735	-0.4667	0	-1.9285	1.4939	0	42.9786	18.6225	0	-8.5216	-15.6162	0
132	-24.0172	-0.4456	0	-1.9488	1.4522	0	43.0251	18.5284	0	-8.5163	-15.5690	0
133	-24.0447	-0.4265	0	-1.9292	1.4922	0	43.0983	18.5725	0	-8.5481	-15.5821	0
134	-24.1298	-0.4220	0	-1.9480	1.4900	0	43.0941	18.5216	0	-8.5973	-15.5275	0
135	-24.1310	-0.4444	0	-1.8919	1.4267	0	42.9875	18.4577	0	-8.5539	-15.4091	0
136	-24.1513	-0.4749	0	-1.8730	1.3930	0	42.9825	18.5566	0	-8.6168	-15.4344	0
137	-24.1395	-0.4690	0	-1.8418	1.4473	0	42.9670	18.5455	0	-8.6844	-15.4443	0
138	-24.1716	-0.4470	0	-1.7938	1.4526	0	42.9606	18.5343	0	-8.7057	-15.3939	0
139	-24.1559	-0.4939	0	-1.8567	1.4638	0	42.9149	18.5279	0	-8.7203	-15.5145	0
140	-24.1446	-0.5235	0	-1.8573	1.4866	0	42.9056	18.4918	0	-8.7830	-15.4474	0
141	-24.1314	-0.5163	0	-1.7681	1.4660	0	42.8847	18.5226	0	-8.8455	-15.4768	0
142	-24.1255	-0.5101	0	-1.7924	1.4547	0	42.8473	18.5150	0	-8.9273	-15.4761	0
143	-24.1171	-0.6700	0	-1.7730	1.4492	0	42.8995	18.5211	0	-8.9474	-15.4476	0
144	-24.0560	-0.6557	0	-1.7718	1.4040	0	42.8441	18.4877	0	-8.8633	-15.4551	0
145	-24.1896	-0.6258	0	-1.8413	1.4185	0	42.7918	18.4509	0	-8.8075	-15.4425	0
146	-24.2017	-0.6339	0	-1.8630	1.4721	0	42.8183	18.4157	0	-8.8625	-15.4197	0
147	-24.1652	-0.5675	0	-1.8271	1.4208	0	42.7116	18.3771	0	-8.8518	-15.2876	0
148	-24.2088	-0.5286	0	-1.8470	1.4552	0	42.7550	18.3784	0	-8.8310	-15.3588	0
149	-24.1790	-0.5375	0	-1.8582	1.4394	0	42.7708	18.4272	0	-8.8491	-15.2984	0
150	-24.2264	-0.5597	0	-1.8819	1.4271	0	42.7751	18.4521	0	-8.7463	-15.3499	0
151	-24.2038	-0.5784	0	-1.8674	1.4817	0	42.7869	18.3189	0	-8.7858	-15.3922	0
152	-24.2215	-0.5724	0	-1.8716	1.5146	0	42.8468	18.2482	0	-8.6863	-15.3152	0
153	-24.1531	-0.5172	0	-1.8878	1.5135	0	42.7262	18.2176	0	-8.7003	-15.3065	0
154	-24.2401	-0.4423	0	-1.8706	1.5411	0	42.8339	18.2823	0	-8.6687	-15.3021	0
155	-24.2379	-0.5665	0	-1.8381	1.5128	0	42.8388	18.3136	0	-8.6874	-15.2792	0
156	-24.2652	-0.5332	0	-1.8832	1.5323	0	42.7927	18.3790	0	-8.7237	-15.1823	0
157	-24.2781	-0.5479	0	-1.8712	1.5324	0	42.8242	18.3175	0	-8.7211	-15.1757	0
158	-24.2674	-0.4494	0	-1.8330	1.5071	0	42.8466	18.3785	0	-8.7027	-15.1772	0
159	-24.2321	-0.4242	0	-1.8494	1.5059	0	42.8299	18.3767	0	-8.6574	-15.1333	0
160	-24.2389	-0.4668	0	-1.8400	1.5126	0	42.8652	18.4358	0	-8.7521	-15.1209	0
161	-24.2038	-0.5421	0	-1.8085	1.5738	0	42.8305	18.4724	0	-8.6596	-15.1384	0
162	-24.2134	-0.5324	0	-1.8508	1.5571	0	42.8326	18.3791	0	-8.6567	-15.0909	0
163	-24.1762	-0.4827	0	-1.8250	1.5652	0	42.8308	18.3855	0	-8.6706	-15.1244	0
164	-24.1807	-0.5133	0	-1.8263	1.5885	0	42.7981	18.4522	0	-8.7073	-15.0747	0
165	-24.1904	-0.4878	0	-1.8256	1.5587	0	42.7817	18.4513	0	-8.6396	-15.0246	0
166	-24.1813	-0.4997	0	-1.8183	1.5275	0	42.7583	18.4572	0	-8.6718	-15.0929	0
167	-24.2171	-0.5134	0	-1.8264	1.5242	0	42.8110	18.5747	0	-8.7242	-15.1190	0
168	-24.1782	-0.4602	0	-1.8456	1.4780	0	42.8387	18.5991	0	-8.6994	-15.0834	0
169	-24.1902	-0.4917	0	-1.8466	1.5284	0	42.8498	18.6674	0	-8.6378	-15.1076	0
170	-24.2068	-0.4722	0	-1.8518	1.5002	0	42.7617	18.6134	0	-8.6914	-15.1494	0
171	-24.1679	-0.5339	0	-1.8940	1.5685	0	42.7670	18.5380	0	-8.7435	-15.1020	0
172	-24.1833	-0.5683	0	-1.8897	1.5690	0	42.7521	18.5601	0	-8.7097	-15.0386	0
173	-24.2208	-0.5990	0	-1.9427	1.5547	0	42.7187	18.6745	0	-8.6654	-14.9786	0
174	-24.2841	-0.6468	0	-1.9429	1.4768	0	42.7623	18.6026	0	-8.6926	-15.0612	0
175	-24.3192	-0.6091	0	-1.9307	1.5407	0	42.7734	18.6066	0	-8.7936	-15.2171	0
176	-24.3864	-0.6097	0	-1.9187	1.5056	0	42.8415	18.5608	0	-8.8165	-15.2217	0
177	-24.2916	-0.6281	0	-1.8945	1.5769	0	42.8202	18.5886	0	-8.7547	-15.3093	0
178	-24.3213	-0.6469	0	-1.9084	1.5183	0	42.8337	18.5236	0	-8.7211	-15.2689	0
179	-24.3148	-0.6721	0	-1.8585	1.5200	0	42.7808	18.5708	0	-8.7662	-15.3694	0
180	-24.2991	-0.7004	0	-1.8196	1.4824	0	42.7795	18.5130	0	-8.7326	-15.2985	0
181	-24.2743	-0.6849	0	-1.8236	1.4723	0	42.8384	18.5045	0	-8.6760	-15.2363	0
182	-24.2530	-0.6897	0	-1.8073	1.4976	0	42.8518	18.4983	0	-8.6622	-15.2708	0
183	-24.2831	-0.7276	0	-1.8518	1.4719	0	42.9233	18.4879	0	-8.7381	-15.2178	0
184	-24.2695	-0.7016	0	-1.8556	1.4594	0	42.9996	18.4743	0	-8.7275	-15.1599	0
185	-24.3238	-0.6281	0	-1.7741	1.4864	0	42.9202	18.4315	0	-8.7279	-15.1904	0
186	-24.3007	-0.6720	0	-1.7629	1.4980	0	42.9272	18.3861	0	-8.8623	-15.1140	0
187	-24.3639	-0.6294	0	-1.7661	1.4526	0	42.8462	18.3716	0	-8.8372	-15.0556	0
188	-24.3357	-0.6006	0	-1.8093	1.3945	0	42.8435	18.4024	0	-8.8539	-15.0607	0
189	-24.3882	-0.6028	0	-1.8265	1.4260	0	42.8488	18.4586	0	-8.8461	-15.0903	0
190	-24.3830	-0.6181	0	-1.8033	1.4577	0	42.7387	18.5338	0	-8.8632	-15.0645	0
191	-24.4249	-0.6385	0	-1.7658	1.3972	0	42.7634	18.6137	0	-8.9128	-14.9859	0
192	-24.4324	-0.6357	0	-1.7911	1.3866	0	42.7486	18.6571	0	-8.9131	-14.9932	0
193	-24.3873	-0.6265	0	-1.7465	1.4032	0	42.6974	18.6774	0	-8.8546	-14.9982	0
194	-24.4069	-0.6733	0	-1.8021	1.3701	0	42.6884	18.6073	0	-8.7356	-15.0021	0
195	-24.4095	-0.6223	0	-1.8013	1.4290	0	42.6459	18.6557	0	-8.7818	-14.9481	0
196	-24.3806	-0.6479	0	-1.8152	1.4435	0	42.6193	18.6233	0	-8.7650	-14.8997	0
197	-24.3775	-0.6531	0	-1.8828	1.3768	0	42.6964	18.6456	0	-8.7978	-14.9387	0
198	-24.4233	-0.6461	0	-1.8777	1.3962	0	42.7257	18.6530	0	-8.9108	-14.8990	0
199	-24.3855	-0.6737	0	-1.8671	1.3774	0	42.6994	18.6714	0	-8.8046	-14.9976	0
200	-24.3327	-0.7096	0	-1.8465	1.4107	0	42.8219	18.8245	0	-8.7680	-14.9899	0
201	-24.3647	-0.7652	0	-1.8509	1.4109	0	42.8428	18.9446	0			
202	-24.3382	-0.7500	0	-1.8435	1.3985	0	42.8779	18.8948	0			
203	-24.3568	-0.7738	0	-1.8012	1.3947	0	42.8280	18.9932	0			
204	-24.3861	-0.7975	0	-1.7712	1.4009	0	42.7237	18.9935	0			
205	-24.3950	-0.7789	0	-1.7671	1.4060	0	42.7364	18.9973	0			
206	-24.3603	-0.7913	0	-1.7595	1.4719	0	42.7185	18.9620	0			
207	-24.4008	-0.7559	0	-1.7710	1.5061	0	42.7600	18.9189	0			
208	-24.3922	-0.7622	0	-1.7979	1.4994	0	42.6572	18.8419	0			
209	-24.3362	-0.7511	0	-1.8407	1.4898	0	42.6691	18.8464	0			
210	-24.3470	-0.7411	0	-1.8068	1.4652	0	42.6941	18.8484	0			
211	-24.2678	-0.7333	0	-1.8271	1.4996	0	42.7810	18.9360	0			
212	-24.2971	-0.7431	0	-1.7836	1.4848	0	42.7422	18.9024	0			
213	-24.2676	-0.7347	0	-1.7755	1.4787	0	42.6577	18.9107	0			
214	-24.2528	-0.6750	0	-1.8033	1.4794	0	42.6345	18.9351	0			
215	-24.2362	-0.6906	0	-1.8156	1.4480	0	42.6453	18.9215	0			
216	-24.2643	-0.6821	0	-1.7859	1.4105	0	42.6802	18.9183	0			
217	-24.1991	-0.6876	0	-1.7876	1.4507	0	42.6582	18.8433	0			
218	-24.2217	-0.7634	0	-1.8502	1.4543	0	42.6266	18.8119	0			
219	-24.1812	-0.7660	0	-1.8438	1.4264	0	42.6529	18.8238	0			
220	-24.1845	-0.7599	0	-1.8464	1.5121	0	42.5752	18.8290	0			
221	-24.2199	-0.6675	0	-1.8404	1.5018	0	42.6958	18.8462	0			
222	-24.2405	-0.7592	0	-1.8479	1.4965	0	42.7142	18.8115	0			
223	-24.2049	-0.6808	0	-1.7447	1.4692	0	42.7300	18.8857	0			
224	-24.3010	-0.7271	0	-1.7447	1.5304	0	42.7606	19.0694	0			
225	-24.2810	-0.7310	0	-1.7509	1.5371	0	42.7304	19.1011	0			
226	-24.2423	-0.5510	0	-1.7799	1.5417	0	42.7895	19.0941	0			
227	-24.2693	-0.5959	0	-1.7563	1.5115	0	42.7371	19.1615	0			
228	-24.2314	-0.6413	0	-1.7396	1.4834	0	42.7747	19.2094	0			
229	-24.1990	-0.6699	0	-1.7195	1.4786	0	42.7735	19.2364	0			
230	-24.2325	-0.6676	0	-1.6892	1.4583	0	42.7645	19.2569	0			
231	-24.2706	-0.7823	0	-1.6461	1.4205	0	42.7493	19.3866	0			
232	-24.2762	-0.7400	0	-1.6732	1.4510	0	42.7043	19.3946	0			
233	-24.2505	-0.7343	0	-1.7193	1.3842	0	42.6037	19.3827	0			
234	-24.2612	-0.7321	0	-1.7558	1.3586	0	42.6187	19.4653	0			
235	-24.2558	-0.7721	0	-1.7418	1.3599	0	42.5770	19.3142	0			
236	-24.2510	-0.7850	0	-1.7141	1.3162	0						
237	-24.2713	-0.8328	0									
238	-24.2827	-0.8027	0									
239	-24.3647	-0.8570	0									
