	mass A		
t	x	y	
0.000000E0	3.211479E1	-1.303406E1
3.448276E-2	3.211479E1	-1.300680E1
6.896552E-2	3.213802E1	-1.292830E1
1.034483E-1	3.210642E1	-1.301495E1
1.379310E-1	3.211818E1	-1.300505E1
1.724138E-1	3.213010E1	-1.293139E1
2.068966E-1	3.211721E1	-1.299774E1
2.413793E-1	3.212008E1	-1.299718E1
2.758621E-1	3.212231E1	-1.299077E1
3.103448E-1	3.211727E1	-1.296270E1
3.448276E-1	3.211070E1	-1.300415E1
3.793103E-1	3.212950E1	-1.298047E1
4.137931E-1	3.210738E1	-1.296926E1
4.482759E-1		
4.827586E-1	3.213931E1	-1.294097E1
5.172414E-1	3.211908E1	-1.297839E1
5.517241E-1	3.210491E1	-1.299936E1
5.862069E-1	3.212153E1	-1.298432E1
6.206897E-1	3.211254E1	-1.301663E1
6.551724E-1	3.210958E1	-1.298179E1
6.896552E-1	3.211327E1	-1.304689E1
7.241379E-1		
7.586207E-1	3.213154E1	-1.294805E1
7.931034E-1	3.212231E1	-1.300115E1
8.275862E-1	3.213119E1	-1.293830E1
8.620690E-1	3.212414E1	-1.294164E1
8.965517E-1	3.213773E1	-1.291439E1
9.310345E-1	3.210862E1	-1.306445E1
9.655172E-1	3.212120E1	-1.299145E1
1.000000E0	3.211497E1	-1.301406E1
1.034483E0	3.210478E1	-1.301528E1
1.068966E0	3.211710E1	-1.301337E1
1.103448E0	3.210246E1	-1.303608E1
1.137931E0	3.211368E1	-1.296834E1
1.172414E0	3.211504E1	-1.300154E1
1.206897E0	3.211564E1	-1.299998E1
1.241379E0	3.212460E1	-1.298042E1
1.275862E0	3.211503E1	-1.300896E1
1.310345E0	3.211633E1	-1.299845E1
1.344828E0	3.212127E1	-1.298667E1
1.379310E0	3.211987E1	-1.299725E1
1.413793E0	3.211328E1	-1.301238E1
1.448276E0	3.211911E1	-1.299041E1
1.482759E0	3.211627E1	-1.300581E1
1.517241E0	3.211138E1	-1.301319E1
1.551724E0	3.212017E1	-1.299790E1
1.586207E0	3.212095E1	-1.299535E1
1.620690E0	3.211116E1	-1.300878E1
1.655172E0	3.211972E1	-1.300319E1
1.689655E0	3.211457E1	-1.300854E1
1.724138E0	3.211925E1	-1.300038E1
1.758621E0	3.211147E1	-1.300621E1
1.793103E0	3.212057E1	-1.299513E1
1.827586E0	3.210017E1	-1.303425E1
1.862069E0	3.212624E1	-1.293834E1
1.896552E0	3.211528E1	-1.300504E1
1.931034E0	3.211184E1	-1.300125E1
1.965517E0	3.211484E1	-1.294730E1
2.000000E0	3.212031E1	-1.300026E1
2.034483E0	3.211822E1	-1.299150E1
2.068966E0	3.212946E1	-1.292182E1
2.103448E0	3.210515E1	-1.296385E1
2.137931E0	3.212656E1	-1.298807E1
2.172414E0	3.213518E1	-1.297495E1
2.206897E0	3.211759E1	-1.300022E1
2.241379E0	3.211594E1	-1.295245E1
2.275862E0	3.211330E1	-1.300782E1
2.310345E0	3.211525E1	-1.296133E1
2.344828E0	3.212762E1	-1.298274E1
2.379310E0	3.212224E1	-1.299858E1
2.413793E0	3.210523E1	-1.299932E1
2.448276E0	3.210555E1	-1.301497E1
2.482759E0	3.212175E1	-1.304295E1
2.517241E0	3.213007E1	-1.298650E1
2.551724E0	3.209500E1	-1.302674E1
2.586207E0	3.211711E1	-1.302181E1
2.620690E0	3.211560E1	-1.299498E1
2.655172E0	3.214295E1	-1.292024E1
2.689655E0	3.211115E1	-1.304425E1
2.724138E0	3.211073E1	-1.303335E1
2.758621E0	3.211204E1	-1.296852E1
2.793103E0	3.210835E1	-1.303185E1
2.827586E0	3.210806E1	-1.297109E1
2.862069E0	3.212085E1	-1.298118E1
2.896552E0	3.211226E1	-1.300750E1
2.931034E0	3.212101E1	-1.299194E1
2.965517E0	3.212060E1	-1.295427E1
3.000000E0	3.209367E1	-1.302388E1
3.034483E0	3.212155E1	-1.300133E1
3.068966E0	3.212058E1	-1.289684E1
3.103448E0	3.211357E1	-1.299115E1
3.137931E0	3.209897E1	-1.303663E1
3.172414E0	3.213697E1	-1.294179E1
3.206897E0	3.211025E1	-1.294648E1
3.241379E0	3.211478E1	-1.301155E1
3.275862E0	3.212009E1	-1.299427E1
3.310345E0	3.210010E1	-1.296846E1
3.344828E0	3.211924E1	-1.295786E1
3.379310E0	3.211391E1	-1.298579E1
3.413793E0	3.211818E1	-1.295336E1
3.448276E0	3.210574E1	-1.296292E1
3.482759E0	3.212358E1	-1.298860E1
3.517241E0	3.212095E1	-1.294018E1
3.551724E0	3.210445E1	-1.296860E1
3.586207E0	3.210888E1	-1.295790E1
3.620690E0	3.210943E1	-1.295749E1
3.655172E0	3.211474E1	-1.294216E1
3.689655E0	3.211847E1	-1.297499E1
3.724138E0	3.212184E1	-1.297906E1
3.758621E0	3.211205E1	-1.295991E1
3.793103E0	3.210419E1	-1.296940E1
3.827586E0	3.211460E1	-1.295783E1
3.862069E0	3.210604E1	-1.297207E1
3.896552E0	3.211574E1	-1.293982E1
3.931034E0	3.210908E1	-1.295519E1
3.965517E0	3.211502E1	-1.299022E1
4.000000E0	3.213217E1	-1.293773E1
4.034483E0	3.210485E1	-1.295531E1
4.068966E0	3.210670E1	-1.295709E1
4.103448E0	3.211625E1	-1.293320E1
4.137931E0	3.211941E1	-1.296055E1
4.172414E0	3.209911E1	-1.296768E1
4.206897E0	3.210471E1	-1.296380E1
4.241379E0	3.212207E1	-1.291604E1
4.275862E0	3.212263E1	-1.298280E1
4.310345E0	3.211780E1	-1.290167E1
4.344828E0	3.211429E1	-1.292786E1
4.379310E0	3.211811E1	-1.295640E1
4.413793E0	3.210884E1	-1.296013E1
4.448276E0	3.212246E1	-1.292101E1
4.482759E0	3.211416E1	-1.294799E1
4.517241E0	3.212073E1	-1.298287E1
4.551724E0	3.212131E1	-1.292886E1
4.586207E0	3.211525E1	-1.295367E1
4.620690E0	3.210868E1	-1.296917E1
4.655172E0	3.211501E1	-1.294260E1
4.689655E0	3.211648E1	-1.289434E1
4.724138E0	3.212020E1	-1.297653E1
4.758621E0	3.212665E1	-1.297759E1
4.793103E0	3.212052E1	-1.288950E1
4.827586E0	3.210669E1	-1.296300E1
4.862069E0	3.210801E1	-1.295862E1
4.896552E0	3.211385E1	-1.292895E1
4.931034E0	3.211383E1	-1.295160E1
4.965517E0	3.210526E1	-1.302138E1
5.000000E0	3.211964E1	-1.288804E1
5.034483E0	3.213391E1	-1.290989E1
5.068966E0	3.208749E1	-1.303807E1
5.103448E0	3.213125E1	-1.287363E1
5.137931E0	3.210774E1	-1.299725E1
5.172414E0	3.211007E1	-1.300201E1
5.206897E0	3.211404E1	-1.290275E1
5.241379E0	3.211627E1	-1.293426E1
5.275862E0	3.211755E1	-1.293894E1
5.310345E0	3.211261E1	-1.298474E1
5.344828E0	3.211772E1	-1.297518E1
5.379310E0	3.211889E1	-1.295533E1
5.413793E0	3.211877E1	-1.293931E1
5.448276E0	3.211741E1	-1.298740E1
5.482759E0	3.211727E1	-1.298655E1
5.517241E0	3.211820E1	-1.292857E1
5.551724E0	3.212545E1	-1.298700E1
5.586207E0	3.211445E1	-1.299413E1
5.620690E0	3.212126E1	-1.294457E1
5.655172E0	3.211026E1	-1.295904E1
5.689655E0	3.211560E1	-1.299606E1
5.724138E0	3.213101E1	-1.292658E1
5.758621E0	3.211043E1	-1.296372E1
5.793103E0	3.212223E1	-1.298219E1
5.827586E0	3.211659E1	-1.293931E1
5.862069E0	3.210922E1	-1.296751E1
5.896552E0	3.212734E1	-1.297516E1
5.931034E0	3.211335E1	-1.296391E1
5.965517E0	3.211137E1	-1.295868E1
6.000000E0	3.211340E1	-1.295479E1
6.034483E0	3.211359E1	-1.294994E1
6.068966E0	3.210810E1	-1.296604E1
6.103448E0	3.211606E1	-1.295106E1
6.137931E0	3.211966E1	-1.293486E1
6.172414E0	3.210998E1	-1.295638E1
6.206897E0	3.211745E1	-1.294534E1
6.241379E0	3.211004E1	-1.294595E1
6.275862E0	3.210664E1	-1.296479E1
6.310345E0	3.212894E1	-1.291959E1
6.344828E0	3.211629E1	-1.294001E1
6.379310E0	3.211334E1	-1.294136E1
6.413793E0	3.212146E1	-1.290168E1
6.448276E0	3.211670E1	-1.293883E1
6.482759E0	3.210340E1	-1.295604E1
6.517241E0	3.212603E1	-1.292140E1
6.551724E0	3.212447E1	-1.292034E1
6.586207E0	3.211092E1	-1.299380E1
6.620690E0	3.210640E1	-1.295377E1
6.655172E0	3.211665E1	-1.294743E1
6.689655E0	3.210010E1	-1.296930E1
6.724138E0	3.212392E1	-1.293647E1
6.758621E0	3.211289E1	-1.295344E1
6.793103E0	3.211678E1	-1.293813E1
6.827586E0	3.209543E1	-1.296811E1
6.862069E0	3.212146E1	-1.293861E1
6.896552E0	3.212303E1	-1.293141E1
6.931034E0	3.211009E1	-1.296192E1
6.965517E0	3.213096E1	-1.291849E1
7.000000E0	3.211363E1	-1.297742E1
7.034483E0	3.212867E1	-1.293042E1
7.068966E0	3.210704E1	-1.302432E1
7.103448E0	3.209943E1	-1.301258E1
7.137931E0	3.210402E1	-1.299536E1
7.172414E0	3.211034E1	-1.296886E1
7.206897E0	3.211349E1	-1.290273E1
7.241379E0	3.211844E1	-1.290073E1
7.275862E0	3.210910E1	-1.300359E1
7.310345E0	3.213037E1	-1.290621E1
7.344828E0	3.210880E1	-1.294453E1
7.379310E0	3.212327E1	-1.299840E1
7.413793E0	3.210509E1	-1.302663E1
7.448276E0	3.211878E1	-1.300110E1
7.482759E0	3.211750E1	-1.286539E1
7.517241E0	3.209869E1	-1.302366E1
7.551724E0	3.211553E1	-1.296485E1
7.586207E0	3.212172E1	-1.291257E1
7.620690E0	3.211268E1	-1.301191E1
7.655172E0	3.211685E1	-1.298661E1
7.689655E0	3.212444E1	-1.288469E1
7.724138E0	3.209420E1	-1.296796E1
7.758621E0	3.210973E1	-1.304050E1
7.793103E0	3.213696E1	-1.281705E1
7.827586E0	3.208741E1	-1.295091E1
7.862069E0	3.212913E1	-1.293637E1
7.896552E0	3.212688E1	-1.293385E1
7.931034E0	3.211295E1	-1.294379E1
7.965517E0	3.213048E1	-1.289834E1
8.000000E0	3.208638E1	-1.302252E1
8.034483E0	3.213515E1	-1.290521E1
8.068966E0	3.210612E1	-1.294117E1
8.103448E0	3.212999E1	-1.293138E1
8.137931E0	3.211346E1	-1.294739E1
8.172414E0	3.210840E1	-1.294718E1
8.206897E0	3.211770E1	-1.294450E1
8.241379E0	3.211624E1	-1.294599E1
