#multi:
,mass A,,mass B,,mass C,,mass D,,mass E,,
t,x,y,x,y,x,y,x,y,x,y,
0.000000E0,-3.519900E1,1.511971E1,-3.789559E1,-1.912844E1,9.130274E0,8.726441E0,3.319187E1,7.730454E0,-2.107306E0,3.010350E1
3.448276E-2,-3.516040E1,1.493882E1,-3.785632E1,-1.910314E1,9.258020E0,8.650141E0,3.273130E1,7.692191E0,-2.013895E0,3.003587E1
6.896552E-2,-3.505546E1,1.517880E1,-3.787314E1,-1.932522E1,9.172196E0,8.727470E0,3.259769E1,7.550864E0,-2.040908E0,3.015501E1
1.034483E-1,-3.493106E1,1.524263E1,-3.769348E1,-1.923633E1,9.219940E0,8.750001E0,3.287210E1,7.709182E0,-2.064464E0,3.018081E1
1.379310E-1,-3.489446E1,1.543423E1,-3.771785E1,-1.949127E1,9.267948E0,8.750823E0,3.278515E1,7.602575E0,-1.960694E0,3.009326E1
1.724138E-1,-3.489575E1,1.513761E1,-3.748182E1,-1.941084E1,9.169423E0,8.527891E0,3.284422E1,7.722831E0,-1.900375E0,2.990547E1
2.068966E-1,-3.500099E1,1.507953E1,-3.757593E1,-1.942731E1,9.035586E0,8.353974E0,3.253004E1,7.558617E0,-2.125216E0,3.003617E1
2.413793E-1,-3.447034E1,1.479654E1,-3.716912E1,-1.929423E1,9.406191E0,8.398991E0,3.237030E1,7.533602E0,-1.983761E0,3.030012E1
2.758621E-1,-3.421006E1,1.502214E1,-3.712176E1,-1.937474E1,9.364119E0,8.623775E0,3.241570E1,7.708094E0,-1.720543E0,3.024759E1
3.103448E-1,,,-3.697565E1,-1.925484E1,8.896962E0,8.717840E0,3.262607E1,7.803623E0,-1.945725E0,3.012482E1
3.448276E-1,-3.465918E1,1.551494E1,,,8.759250E0,8.621850E0,,,-2.131598E0,3.032213E1
3.793103E-1,-3.453428E1,1.555205E1,-3.664126E1,-1.903301E1,8.827950E0,8.776425E0,3.244200E1,7.880428E0,-2.131598E0,3.033428E1
4.137931E-1,,,-3.649525E1,-1.911816E1,8.579589E0,8.810412E0,3.241839E1,7.870833E0,-1.938879E0,3.035010E1
4.482759E-1,-3.441510E1,1.550862E1,-3.672237E1,-1.887472E1,8.678807E0,9.045116E0,3.229167E1,8.020845E0,-1.765081E0,3.048559E1
4.827586E-1,-3.421738E1,1.524673E1,-3.656442E1,-1.919754E1,8.626834E0,9.078503E0,3.215409E1,8.084894E0,-1.760476E0,3.042358E1
5.172414E-1,-3.465898E1,1.508929E1,-3.669133E1,-1.918592E1,8.373020E0,9.094610E0,3.217951E1,7.815549E0,-1.814036E0,3.041322E1
5.517241E-1,-3.457061E1,1.489087E1,-3.661421E1,-1.898306E1,8.384238E0,9.221335E0,3.225196E1,7.878421E0,-1.792992E0,3.051776E1
5.862069E-1,-3.470648E1,1.491846E1,-3.620594E1,-1.939941E1,8.564208E0,9.327129E0,3.237390E1,7.699644E0,-2.214798E0,3.048553E1
6.206897E-1,-3.482100E1,1.486554E1,-3.592931E1,-1.970200E1,8.525905E0,9.488495E0,3.240464E1,7.667382E0,-2.397227E0,3.006494E1
6.551724E-1,-3.476360E1,1.481176E1,,,8.514401E0,9.224306E0,3.253657E1,7.421644E0,-2.250777E0,2.974938E1
6.896552E-1,-3.474803E1,1.482877E1,-3.560403E1,-2.013996E1,8.578848E0,9.481172E0,3.247783E1,7.566004E0,-2.317912E0,3.003371E1
7.241379E-1,-3.510400E1,1.454579E1,-3.590570E1,-2.066993E1,8.262873E0,9.555790E0,3.223296E1,7.463236E0,-2.503195E0,3.002956E1
7.586207E-1,-3.490680E1,1.456315E1,-3.609570E1,-2.060198E1,8.152052E0,9.583844E0,3.223027E1,7.459395E0,-2.419474E0,3.043879E1
7.931034E-1,-3.475920E1,1.478732E1,-3.607040E1,-2.058071E1,8.267029E0,9.850620E0,3.200314E1,7.696899E0,-2.154918E0,3.074156E1
8.275862E-1,-3.448280E1,1.449218E1,-3.598450E1,-2.053229E1,8.222226E0,1.012124E1,3.219407E1,7.916833E0,-2.367580E0,3.059462E1
8.620690E-1,-3.472465E1,1.422942E1,-3.608451E1,-2.073133E1,8.053027E0,1.009481E1,3.172081E1,7.739545E0,-2.810353E0,3.024425E1
8.965517E-1,-3.440862E1,1.437276E1,-3.565923E1,-2.066663E1,8.214970E0,1.036001E1,3.230193E1,8.128046E0,-2.624345E0,3.044919E1
9.310345E-1,-3.433468E1,1.434077E1,-3.569719E1,-2.062886E1,8.223590E0,1.047832E1,3.231104E1,8.139644E0,-2.648587E0,3.039328E1
9.655172E-1,-3.439496E1,1.433667E1,-3.572802E1,-2.059109E1,8.067327E0,1.034881E1,3.239761E1,7.666208E0,-2.505375E0,3.027774E1
1.000000E0,-3.430358E1,1.416621E1,-3.571276E1,-2.035177E1,7.885811E0,1.031838E1,3.240568E1,7.591422E0,-2.593395E0,3.023733E1
1.034483E0,-3.443828E1,1.419960E1,-3.571320E1,-2.025048E1,7.637051E0,1.036783E1,3.261181E1,7.739548E0,-2.452787E0,3.068376E1
1.068966E0,-3.437476E1,1.421026E1,-3.577750E1,-2.055549E1,7.830168E0,1.010537E1,3.255770E1,7.529037E0,-2.704133E0,3.052610E1
1.103448E0,-3.448703E1,1.432452E1,-3.572956E1,-2.038654E1,7.849363E0,9.923264E0,,,-2.422459E0,3.074593E1
1.137931E0,-3.437889E1,1.439363E1,-3.583857E1,-2.053089E1,8.204039E0,1.002955E1,3.261924E1,7.621383E0,-2.435244E0,3.085655E1
1.172414E0,-3.443096E1,1.464053E1,-3.569327E1,-2.027195E1,8.177492E0,9.697082E0,3.261477E1,7.430867E0,-2.561341E0,3.076193E1
1.206897E0,-3.401513E1,1.441610E1,-3.564447E1,-2.024496E1,7.930498E0,9.507508E0,3.285841E1,7.350694E0,-2.395724E0,3.100154E1
1.241379E0,-3.401684E1,1.438469E1,-3.574813E1,-2.011785E1,7.958046E0,9.369989E0,3.279345E1,7.631100E0,-2.384688E0,3.098224E1
1.275862E0,-3.404489E1,1.437595E1,-3.596528E1,-2.035504E1,7.867069E0,9.604398E0,3.277625E1,7.519554E0,,
1.310345E0,-3.420693E1,1.434509E1,-3.609694E1,-2.036842E1,7.500329E0,9.207173E0,3.283571E1,7.274079E0,,
1.344828E0,-3.428298E1,1.436051E1,-3.598523E1,-2.011481E1,7.610688E0,9.353586E0,3.334215E1,7.312105E0,-2.544557E0,3.077153E1
1.379310E0,-3.423118E1,1.441700E1,-3.573532E1,-2.024069E1,7.342551E0,9.393250E0,3.353455E1,7.393266E0,-2.538016E0,3.078924E1
1.413793E0,-3.440007E1,1.424270E1,-3.560388E1,-2.031149E1,6.945818E0,9.276154E0,3.350315E1,7.374804E0,-2.479420E0,3.057948E1
1.448276E0,-3.459655E1,1.418051E1,-3.564968E1,-2.009093E1,6.854135E0,9.145356E0,3.311915E1,7.253415E0,-2.467749E0,3.054193E1
1.482759E0,-3.451108E1,1.441635E1,-3.569570E1,-1.993226E1,7.031372E0,9.183995E0,3.292340E1,7.223929E0,-2.382143E0,3.053602E1
1.517241E0,-3.446164E1,1.434700E1,-3.575972E1,-1.977221E1,6.663253E0,9.112715E0,3.278160E1,7.079240E0,-2.369465E0,3.041481E1
1.551724E0,-3.472264E1,1.448559E1,-3.581367E1,-1.985337E1,6.429641E0,8.926372E0,3.253863E1,7.033198E0,-2.340422E0,3.027840E1
1.586207E0,-3.471413E1,1.439842E1,-3.573000E1,-1.983016E1,6.408572E0,8.819878E0,3.245457E1,7.429085E0,-2.550075E0,3.021361E1
1.620690E0,-3.463822E1,1.430214E1,-3.592048E1,-1.990656E1,6.568843E0,8.864214E0,3.240253E1,7.300185E0,-2.554837E0,3.011821E1
1.655172E0,-3.459379E1,1.395186E1,-3.613762E1,-1.978420E1,6.795007E0,9.026874E0,3.239251E1,7.234540E0,-2.343565E0,3.002403E1
1.689655E0,-3.457925E1,1.394451E1,-3.588414E1,-1.993671E1,6.653607E0,9.317449E0,3.245759E1,7.211521E0,-2.432483E0,3.015069E1
1.724138E0,-3.455676E1,1.395771E1,-3.585976E1,-2.016256E1,6.961938E0,9.171688E0,3.244961E1,7.274709E0,-2.530013E0,3.005717E1
1.758621E0,-3.448565E1,1.386018E1,-3.587744E1,-2.015779E1,6.853073E0,8.952427E0,3.236457E1,7.302353E0,-2.241101E0,3.025345E1
1.793103E0,-3.420842E1,1.387574E1,-3.588217E1,-2.002333E1,7.059866E0,8.618684E0,3.239349E1,7.048809E0,-2.137683E0,3.018732E1
1.827586E0,-3.405941E1,1.387275E1,-3.603010E1,-2.039994E1,6.842035E0,8.366853E0,3.265791E1,7.161955E0,-2.021426E0,3.033914E1
1.862069E0,-3.399020E1,1.388573E1,-3.608171E1,-2.032726E1,6.543015E0,8.230564E0,3.266513E1,7.052040E0,-2.155248E0,3.020832E1
1.896552E0,-3.412836E1,1.412455E1,-3.608211E1,-2.030554E1,6.640298E0,8.298997E0,3.247865E1,6.967019E0,-2.117571E0,3.060869E1
1.931034E0,-3.430718E1,1.413019E1,-3.609848E1,-2.059902E1,6.390954E0,8.242191E0,3.249636E1,6.818469E0,-2.116158E0,3.060749E1
1.965517E0,-3.433289E1,1.442316E1,-3.608000E1,-2.089202E1,6.515200E0,8.502969E0,3.266704E1,6.881596E0,-2.489684E0,3.046786E1
2.000000E0,-3.420929E1,1.454564E1,-3.614572E1,-2.066922E1,6.454820E0,8.771481E0,3.265313E1,6.870934E0,-2.374229E0,3.065361E1
2.034483E0,-3.423595E1,1.440196E1,-3.611033E1,-2.053813E1,6.336930E0,8.257475E0,3.264639E1,7.034209E0,-2.329510E0,3.044521E1
2.068966E0,-3.407806E1,1.451806E1,-3.623394E1,-2.034187E1,6.454342E0,8.303669E0,3.255734E1,7.226446E0,-2.474466E0,3.025725E1
2.103448E0,-3.454446E1,1.433572E1,-3.632820E1,-2.019528E1,6.578655E0,8.385168E0,3.262686E1,7.415954E0,-2.536953E0,3.038699E1
2.137931E0,-3.450890E1,1.418375E1,-3.632845E1,-2.014490E1,6.440664E0,8.130715E0,3.260609E1,7.095668E0,-2.508192E0,3.028257E1
2.172414E0,-3.470777E1,1.423823E1,-3.622226E1,-2.029776E1,6.379805E0,8.413072E0,3.263871E1,6.915390E0,-2.369946E0,3.042336E1
2.206897E0,-3.464285E1,1.415750E1,-3.606165E1,-2.010431E1,6.480193E0,8.455342E0,3.268099E1,7.052864E0,-2.321697E0,3.061050E1
2.241379E0,-3.479754E1,1.435270E1,,,6.516580E0,8.336385E0,3.304131E1,7.058585E0,-2.248449E0,3.070696E1
2.275862E0,-3.461681E1,1.434124E1,,,6.513482E0,8.473657E0,3.286815E1,7.090064E0,-2.328162E0,3.072445E1
2.310345E0,-3.442153E1,1.444559E1,-3.606864E1,-1.994648E1,,,,,,
2.344828E0,-3.442110E1,1.460127E1,-3.608735E1,-1.997314E1,6.663900E0,8.845125E0,3.354888E1,7.287590E0,-2.751036E0,3.113590E1
2.379310E0,-3.473376E1,1.454898E1,-3.593254E1,-1.994570E1,6.625303E0,8.864184E0,3.317059E1,7.383861E0,-2.856181E0,3.119453E1
2.413793E0,-3.501244E1,1.449904E1,,,6.869777E0,9.052319E0,3.312672E1,7.433085E0,-2.693967E0,3.122609E1
2.448276E0,-3.518837E1,1.471888E1,-3.580084E1,-1.991047E1,7.063573E0,8.945849E0,3.317428E1,7.425795E0,-2.878767E0,3.112999E1
2.482759E0,-3.526327E1,1.502557E1,,,7.003075E0,8.979929E0,3.307396E1,7.331961E0,-3.081652E0,3.103311E1
2.517241E0,-3.539498E1,1.502861E1,,,7.112860E0,8.888024E0,3.300115E1,7.291253E0,-3.126703E0,3.139209E1
2.551724E0,-3.521739E1,1.485830E1,-3.536765E1,-1.926014E1,6.942108E0,8.547427E0,3.286654E1,7.373157E0,-3.067365E0,3.098902E1
2.586207E0,-3.520688E1,1.502968E1,-3.525396E1,-1.931228E1,6.948062E0,8.635280E0,3.278640E1,7.543398E0,-3.053483E0,3.092463E1
2.620690E0,-3.510337E1,1.514439E1,-3.532427E1,-1.926691E1,7.069361E0,8.927839E0,3.265898E1,7.610567E0,-3.286301E0,3.059680E1
2.655172E0,-3.485663E1,1.534556E1,-3.515815E1,-1.926288E1,7.022500E0,8.682834E0,3.239140E1,7.375507E0,-3.485289E0,3.048273E1
2.689655E0,-3.482367E1,1.534628E1,-3.505106E1,-1.927460E1,7.107548E0,8.784036E0,3.231305E1,7.281050E0,-3.699486E0,3.053832E1
2.724138E0,-3.493539E1,1.530280E1,-3.507825E1,-1.905272E1,7.247851E0,8.903881E0,3.239721E1,7.069163E0,-3.916177E0,3.050619E1
2.758621E0,-3.495319E1,1.503469E1,-3.512142E1,-1.901868E1,7.165266E0,8.724876E0,3.235180E1,7.036784E0,-3.760970E0,3.047584E1
2.793103E0,-3.470923E1,1.481510E1,-3.470226E1,-1.886677E1,7.125740E0,8.548903E0,3.210640E1,6.943753E0,-3.783099E0,3.045367E1
2.827586E0,-3.476213E1,1.488168E1,-3.457973E1,-1.872077E1,7.280211E0,8.401286E0,3.196861E1,6.821642E0,-3.708471E0,3.082550E1
2.862069E0,-3.501608E1,1.484821E1,-3.452685E1,-1.854686E1,7.380782E0,8.435649E0,3.221101E1,7.072090E0,-3.838445E0,3.120636E1
2.896552E0,-3.521078E1,1.497191E1,-3.468425E1,-1.847927E1,7.572817E0,8.372547E0,,,-3.611703E0,3.104691E1
2.931034E0,-3.526422E1,1.482478E1,-3.493785E1,-1.834011E1,7.466215E0,8.271652E0,,,-3.626807E0,3.143316E1
2.965517E0,-3.540390E1,1.465387E1,-3.474759E1,-1.850884E1,7.100501E0,8.275586E0,,,-3.576446E0,3.153724E1
3.000000E0,-3.553904E1,1.495403E1,-3.468986E1,-1.857802E1,6.923202E0,8.194690E0,3.238027E1,7.514820E0,-3.601246E0,3.141526E1
3.034483E0,-3.540399E1,1.525756E1,-3.446922E1,-1.854773E1,6.839744E0,8.019994E0,3.224383E1,7.791487E0,-3.616105E0,3.143351E1
3.068966E0,-3.528043E1,1.536192E1,-3.434797E1,-1.846334E1,6.659928E0,7.855619E0,3.216853E1,7.651056E0,-3.731030E0,3.154081E1
3.103448E0,-3.519657E1,1.543058E1,-3.452160E1,-1.861717E1,6.538626E0,7.790810E0,3.236075E1,7.656917E0,-3.724195E0,3.122597E1
3.137931E0,-3.526562E1,1.531097E1,-3.453265E1,-1.842091E1,6.543247E0,8.050072E0,3.223181E1,7.346016E0,-3.600155E0,3.115709E1
3.172414E0,-3.522122E1,1.537979E1,-3.470098E1,-1.826858E1,6.571215E0,7.764705E0,3.216859E1,7.010636E0,-3.402152E0,3.125487E1
3.206897E0,-3.528784E1,1.549916E1,-3.501376E1,-1.850487E1,6.401638E0,8.052560E0,3.208314E1,6.975926E0,-3.553192E0,3.147186E1
3.241379E0,-3.498619E1,1.549704E1,-3.487820E1,-1.855768E1,6.307807E0,8.085078E0,,,-3.743948E0,3.144632E1
3.275862E0,-3.493971E1,1.580775E1,-3.490281E1,-1.848265E1,6.355890E0,8.073312E0,3.188992E1,7.412763E0,-3.665537E0,3.150128E1
3.310345E0,-3.478870E1,1.550546E1,-3.484733E1,-1.868201E1,6.512765E0,8.371327E0,3.172335E1,7.413622E0,-3.820703E0,3.154266E1
3.344828E0,-3.467226E1,1.542336E1,-3.490270E1,-1.870317E1,,,3.173163E1,7.525016E0,-3.771657E0,3.149138E1
3.379310E0,-3.471479E1,1.537823E1,-3.470890E1,-1.853623E1,,,3.185579E1,7.800056E0,-3.959280E0,3.162002E1
3.413793E0,-3.462039E1,1.530758E1,-3.477342E1,-1.836647E1,,,3.220446E1,7.569682E0,-3.800635E0,3.157643E1
3.448276E0,,,-3.490669E1,-1.834671E1,5.736450E0,8.158125E0,3.221797E1,7.471538E0,-3.856309E0,3.151242E1
3.482759E0,-3.479634E1,1.494757E1,-3.493492E1,-1.842724E1,6.048389E0,8.237889E0,3.245063E1,7.664970E0,-3.996171E0,3.139044E1
3.517241E0,-3.451804E1,1.503649E1,-3.487958E1,-1.839140E1,5.906111E0,8.588600E0,3.222986E1,7.777470E0,-4.108379E0,3.125840E1
3.551724E0,-3.462165E1,1.497543E1,-3.521844E1,-1.865556E1,6.080346E0,8.280652E0,3.220807E1,7.754592E0,-4.021739E0,3.119337E1
3.586207E0,-3.470592E1,1.512565E1,-3.534812E1,-1.858403E1,6.031370E0,8.288140E0,3.224733E1,7.889800E0,-3.973923E0,3.105901E1
3.620690E0,-3.495967E1,1.531835E1,-3.519317E1,-1.856550E1,6.227493E0,8.416641E0,3.211149E1,7.959701E0,-3.740291E0,3.108601E1
3.655172E0,-3.507405E1,1.540139E1,-3.521023E1,-1.869483E1,6.185332E0,8.153939E0,3.211953E1,8.038525E0,-3.927889E0,3.127749E1
3.689655E0,-3.537755E1,1.539365E1,-3.506025E1,-1.877291E1,6.231144E0,8.300461E0,3.189932E1,8.105444E0,-4.128937E0,3.136297E1
3.724138E0,-3.515739E1,1.527925E1,-3.503444E1,-1.865403E1,6.118950E0,8.027222E0,3.166007E1,8.136104E0,-4.080733E0,3.125531E1
3.758621E0,-3.516356E1,1.538894E1,-3.514814E1,-1.863677E1,6.479185E0,8.103476E0,3.187830E1,8.425279E0,-3.688315E0,3.126499E1
3.793103E0,-3.532638E1,1.561823E1,-3.546261E1,-1.871286E1,6.389998E0,8.164992E0,3.194879E1,8.608469E0,-3.917224E0,3.107972E1
3.827586E0,-3.545923E1,1.536806E1,-3.537428E1,-1.877878E1,6.428244E0,8.012068E0,3.191444E1,8.423206E0,-3.898794E0,3.082959E1
3.862069E0,,,-3.547163E1,-1.860571E1,6.694213E0,8.171005E0,3.211004E1,8.718369E0,-3.989522E0,3.126464E1
3.896552E0,,,-3.565089E1,-1.849419E1,6.639210E0,8.292285E0,3.218893E1,8.745561E0,-3.794888E0,3.139597E1
3.931034E0,-3.521502E1,1.514890E1,-3.574802E1,-1.846401E1,6.415435E0,8.275357E0,3.203558E1,8.858039E0,-3.907441E0,3.118015E1
3.965517E0,-3.521361E1,1.497792E1,-3.572883E1,-1.857968E1,6.566038E0,8.374476E0,3.194571E1,8.870464E0,-4.162321E0,3.130942E1
4.000000E0,-3.524591E1,1.484736E1,-3.566087E1,-1.869600E1,6.517942E0,8.111915E0,3.186454E1,8.802422E0,-3.952387E0,3.109913E1
4.034483E0,-3.519937E1,1.491029E1,-3.553087E1,-1.875321E1,6.630996E0,8.324850E0,3.201070E1,8.996829E0,-3.725098E0,3.117879E1
4.068966E0,-3.538596E1,1.460259E1,-3.572840E1,-1.883048E1,6.462319E0,8.069362E0,3.179681E1,9.084916E0,-3.621523E0,3.122473E1
4.103448E0,-3.570223E1,1.453301E1,-3.564144E1,-1.867148E1,6.273311E0,8.419355E0,3.175790E1,9.137697E0,-4.069655E0,3.084390E1
4.137931E0,-3.578481E1,1.491655E1,-3.550651E1,-1.832200E1,6.115984E0,8.559531E0,3.161105E1,9.391911E0,-4.147978E0,3.102191E1
4.172414E0,-3.585125E1,1.484978E1,-3.584455E1,-1.840015E1,5.967573E0,8.532933E0,3.139602E1,9.323272E0,-4.154021E0,3.127750E1
4.206897E0,-3.589900E1,1.477835E1,-3.593022E1,-1.819809E1,6.016520E0,8.411696E0,3.147202E1,9.381263E0,-4.120992E0,3.128053E1
4.241379E0,-3.576857E1,1.481620E1,-3.594593E1,-1.811471E1,6.032434E0,8.354445E0,3.162246E1,9.574748E0,-4.219948E0,3.154519E1
4.275862E0,-3.571196E1,1.507438E1,-3.558826E1,-1.820923E1,6.014422E0,8.605972E0,3.154703E1,9.738869E0,-4.197726E0,3.174354E1
4.310345E0,-3.561575E1,1.483668E1,-3.566238E1,-1.800827E1,5.919894E0,8.510975E0,3.107976E1,9.797708E0,-4.301322E0,3.166234E1
4.344828E0,-3.593776E1,1.489220E1,-3.559130E1,-1.819626E1,5.691079E0,8.540957E0,3.104841E1,9.741316E0,-4.218018E0,3.157351E1
4.379310E0,-3.589206E1,1.492877E1,-3.548912E1,-1.843872E1,5.933261E0,8.841724E0,3.097475E1,9.916000E0,-4.318170E0,3.148310E1
4.413793E0,-3.594121E1,1.490963E1,-3.547348E1,-1.859301E1,5.697433E0,8.806970E0,3.070542E1,9.876844E0,-4.224189E0,3.144213E1
4.448276E0,-3.586367E1,1.508529E1,-3.545364E1,-1.905049E1,5.839076E0,8.789845E0,3.086125E1,9.891633E0,-4.360540E0,3.146440E1
4.482759E0,-3.560318E1,1.534622E1,-3.535900E1,-1.870885E1,6.013470E0,8.961947E0,3.078649E1,1.014919E1,-4.380978E0,3.134343E1
4.517241E0,-3.566469E1,1.525822E1,-3.534739E1,-1.835302E1,5.887055E0,9.036931E0,3.077501E1,1.014202E1,-4.341214E0,3.148104E1
4.551724E0,-3.599213E1,1.511902E1,-3.521307E1,-1.835998E1,5.891449E0,9.072751E0,3.051347E1,9.958187E0,-4.538768E0,3.122609E1
4.586207E0,-3.588509E1,1.479968E1,-3.516031E1,-1.841138E1,5.915538E0,9.141646E0,3.054831E1,9.843504E0,-4.542409E0,3.122562E1
4.620690E0,-3.602416E1,1.481106E1,-3.512804E1,-1.824084E1,5.953928E0,9.256910E0,3.063059E1,9.951581E0,-4.514351E0,3.090814E1
4.655172E0,-3.581860E1,1.492686E1,-3.526434E1,-1.815415E1,5.973992E0,9.421353E0,3.039065E1,1.023384E1,-4.617667E0,3.087082E1
4.689655E0,-3.600266E1,1.477294E1,-3.547826E1,-1.826448E1,5.889671E0,9.157927E0,3.021751E1,1.021856E1,-4.480853E0,3.088661E1
4.724138E0,-3.598384E1,1.490765E1,-3.542003E1,-1.843483E1,5.778269E0,9.178733E0,3.035380E1,1.019685E1,-4.259891E0,3.105371E1
4.758621E0,-3.595218E1,1.476886E1,-3.517883E1,-1.827204E1,5.870049E0,9.447976E0,3.027680E1,1.000556E1,-4.384340E0,3.118455E1
4.793103E0,-3.598025E1,1.463177E1,-3.518114E1,-1.842655E1,6.141547E0,9.487963E0,3.056410E1,1.020491E1,-4.560614E0,3.109186E1
4.827586E0,-3.602204E1,1.468561E1,-3.495836E1,-1.860455E1,5.899271E0,9.500195E0,3.064378E1,9.798783E0,-4.674489E0,3.095404E1
4.862069E0,-3.586563E1,1.481540E1,-3.481907E1,-1.840840E1,5.779515E0,9.861930E0,3.062093E1,9.888440E0,-4.634726E0,3.078212E1
4.896552E0,-3.612067E1,1.505262E1,-3.507468E1,-1.876903E1,5.715525E0,1.010493E1,3.063157E1,9.860144E0,,
4.931034E0,-3.590232E1,1.504037E1,-3.495109E1,-1.870165E1,5.533630E0,9.762879E0,3.038498E1,9.780967E0,-4.466105E0,3.085304E1
4.965517E0,-3.578969E1,1.518801E1,-3.498951E1,-1.865966E1,5.527008E0,9.838025E0,3.015950E1,9.648292E0,-4.076597E0,3.100489E1
5.000000E0,-3.590175E1,1.534093E1,-3.501708E1,-1.863536E1,5.481220E0,9.901316E0,3.005041E1,9.685717E0,-4.014778E0,3.101729E1
5.034483E0,-3.573053E1,1.522906E1,-3.502183E1,-1.886010E1,5.156782E0,9.624751E0,2.966621E1,9.210055E0,-4.065534E0,3.100913E1
5.068966E0,-3.539856E1,1.522663E1,-3.497290E1,-1.885928E1,4.936853E0,9.862988E0,2.959444E1,9.254278E0,-4.588856E0,3.096943E1
5.103448E0,-3.544384E1,1.514944E1,-3.512998E1,-1.895307E1,4.977347E0,9.911765E0,2.971124E1,9.234148E0,-4.526881E0,3.092654E1
5.137931E0,,,-3.522918E1,-1.872888E1,,,2.968117E1,9.201525E0,-4.264465E0,3.084932E1
5.172414E0,-3.564966E1,1.532652E1,-3.523025E1,-1.861079E1,5.187516E0,9.474513E0,2.977184E1,9.453255E0,-4.149339E0,3.074136E1
5.206897E0,-3.572000E1,1.543783E1,-3.528294E1,-1.859423E1,5.394031E0,9.168856E0,2.975162E1,9.379943E0,-4.224684E0,3.104189E1
5.241379E0,-3.552982E1,1.531815E1,-3.569329E1,-1.837443E1,5.332788E0,8.932191E0,2.962156E1,9.254833E0,-4.154773E0,3.106806E1
5.275862E0,-3.530632E1,1.537631E1,-3.570273E1,-1.847050E1,5.455278E0,8.905877E0,2.972665E1,9.164682E0,-4.103677E0,3.082972E1
5.310345E0,-3.530593E1,1.539413E1,-3.568607E1,-1.855493E1,5.425432E0,8.784633E0,2.973159E1,9.333164E0,-4.239484E0,3.056765E1
5.344828E0,-3.544751E1,1.533875E1,-3.568076E1,-1.867223E1,5.720257E0,8.544828E0,2.963787E1,9.170227E0,-4.011250E0,3.019021E1
5.379310E0,-3.555753E1,1.516547E1,-3.612865E1,-1.829176E1,5.898279E0,8.652890E0,2.983259E1,9.308956E0,-3.904290E0,3.018539E1
5.413793E0,-3.562932E1,1.511572E1,-3.606351E1,-1.822753E1,5.874100E0,8.636380E0,3.003112E1,9.378900E0,-3.893190E0,3.025160E1
5.448276E0,-3.579756E1,1.512118E1,-3.600317E1,-1.831535E1,5.659271E0,8.691071E0,3.024891E1,9.478006E0,-4.001229E0,3.013252E1
5.482759E0,-3.596099E1,1.526341E1,-3.617124E1,-1.825890E1,6.004663E0,8.664482E0,,,-3.858400E0,3.037896E1
5.517241E0,-3.601029E1,1.508912E1,-3.633436E1,-1.822278E1,5.872222E0,8.370956E0,3.000546E1,9.401597E0,-4.117653E0,3.039730E1
5.551724E0,-3.588653E1,1.519215E1,-3.661041E1,-1.852480E1,5.856409E0,8.386822E0,3.002423E1,9.584813E0,-4.224598E0,3.047025E1
5.586207E0,-3.606794E1,1.494681E1,-3.630879E1,-1.848886E1,5.998211E0,8.509983E0,2.997511E1,9.634627E0,-4.125588E0,3.051751E1
5.620690E0,-3.604665E1,1.487632E1,-3.673739E1,-1.826337E1,5.915032E0,8.570883E0,3.016682E1,9.597098E0,-4.049187E0,3.044450E1
5.655172E0,-3.605698E1,1.454082E1,-3.679751E1,-1.827837E1,5.768511E0,8.581561E0,2.986825E1,9.880740E0,-4.166757E0,3.017199E1
5.689655E0,-3.611354E1,1.468525E1,-3.708406E1,-1.832160E1,5.614133E0,8.653762E0,3.009692E1,9.978824E0,-4.293794E0,3.018705E1
5.724138E0,-3.623131E1,1.439154E1,-3.739845E1,-1.873937E1,5.581012E0,8.794576E0,3.011714E1,9.975650E0,-4.287241E0,3.033252E1
5.758621E0,-3.626037E1,1.427988E1,-3.732181E1,-1.852897E1,5.499701E0,8.739740E0,2.997584E1,9.867607E0,-4.490450E0,3.041870E1
5.793103E0,-3.628628E1,1.421944E1,-3.727158E1,-1.842583E1,5.648915E0,8.681773E0,3.044772E1,9.756850E0,-4.412311E0,3.076846E1
5.827586E0,-3.622518E1,1.411819E1,-3.716450E1,-1.844040E1,5.505877E0,9.038756E0,3.020483E1,9.728118E0,-4.360708E0,3.083656E1
5.862069E0,-3.641622E1,1.399272E1,-3.729056E1,-1.869705E1,5.531730E0,9.141461E0,3.011595E1,9.650140E0,-4.511712E0,3.063603E1
5.896552E0,-3.631782E1,1.400334E1,-3.711384E1,-1.856370E1,5.721544E0,9.226580E0,3.021660E1,1.024013E1,-4.321672E0,3.064142E1
5.931034E0,-3.627549E1,1.388382E1,-3.739390E1,-1.850758E1,5.690618E0,9.216948E0,3.001468E1,1.015499E1,-4.246563E0,3.058536E1
5.965517E0,-3.643338E1,1.406269E1,-3.721600E1,-1.843873E1,5.697517E0,9.027379E0,2.990971E1,1.012015E1,-4.393428E0,3.064246E1
6.000000E0,-3.642863E1,1.438697E1,-3.757035E1,-1.859934E1,5.920668E0,9.239907E0,3.009141E1,1.005340E1,-4.268607E0,3.054577E1
6.034483E0,-3.652917E1,1.437524E1,-3.764759E1,-1.862175E1,6.014017E0,9.236481E0,3.011358E1,9.997179E0,-4.332681E0,3.063858E1
6.068966E0,-3.646518E1,1.428029E1,-3.751862E1,-1.847363E1,5.920987E0,9.053306E0,2.993614E1,1.024971E1,-4.352383E0,3.047430E1
6.103448E0,-3.622136E1,1.410087E1,-3.719376E1,-1.831753E1,6.119267E0,9.172466E0,3.003670E1,1.020987E1,-4.263342E0,3.044210E1
6.137931E0,-3.619058E1,1.426230E1,-3.727297E1,-1.844836E1,6.107672E0,9.203114E0,2.989083E1,1.011884E1,-4.403358E0,3.056657E1
6.172414E0,-3.630253E1,1.409305E1,-3.739689E1,-1.843992E1,5.964321E0,9.260312E0,2.973591E1,1.023468E1,-4.538343E0,3.046896E1
6.206897E0,-3.603931E1,1.406638E1,-3.743981E1,-1.817187E1,5.992970E0,9.480566E0,2.978095E1,1.034078E1,-4.567330E0,3.076833E1
6.241379E0,-3.615336E1,1.409749E1,-3.752143E1,-1.805147E1,6.065907E0,9.610159E0,2.974544E1,1.040708E1,-4.674220E0,3.076064E1
6.275862E0,-3.606487E1,1.459551E1,-3.769715E1,-1.819469E1,6.052209E0,9.524608E0,2.979845E1,1.051972E1,-4.638941E0,3.080600E1
6.310345E0,-3.590423E1,1.448263E1,-3.743605E1,-1.834319E1,5.954439E0,9.759878E0,2.994983E1,1.020285E1,-4.670390E0,3.086085E1
6.344828E0,-3.650459E1,1.458121E1,-3.753150E1,-1.831607E1,5.833962E0,9.838859E0,3.019385E1,1.034705E1,-4.407322E0,3.042583E1
6.379310E0,-3.654329E1,1.443536E1,-3.758354E1,-1.846775E1,5.727549E0,9.604267E0,2.985716E1,1.003046E1,-4.438014E0,3.048413E1
6.413793E0,-3.628305E1,1.413330E1,-3.758073E1,-1.848871E1,5.748747E0,9.564954E0,3.004882E1,1.017837E1,,
6.448276E0,,,-3.762418E1,-1.859314E1,5.512818E0,9.671580E0,3.001072E1,9.822703E0,-4.474030E0,3.013542E1
6.482759E0,-3.634611E1,1.383765E1,-3.780015E1,-1.859672E1,5.341425E0,9.721050E0,3.005387E1,9.549070E0,-4.415019E0,3.013994E1
6.517241E0,-3.652643E1,1.367004E1,-3.757448E1,-1.866398E1,5.325222E0,9.475049E0,3.028623E1,9.520591E0,-4.480582E0,3.043271E1
6.551724E0,-3.684836E1,1.352453E1,-3.773120E1,-1.856871E1,5.072692E0,9.653602E0,3.019779E1,9.733428E0,-4.617103E0,3.031494E1
6.586207E0,-3.670766E1,1.345360E1,-3.791227E1,-1.873144E1,5.018072E0,9.575719E0,3.028063E1,9.640579E0,-4.754327E0,3.033481E1
6.620690E0,-3.696084E1,1.335699E1,-3.742951E1,-1.847696E1,5.152895E0,9.821635E0,3.059451E1,9.901304E0,-4.721893E0,3.053137E1
6.655172E0,-3.693584E1,1.302603E1,-3.755821E1,-1.889580E1,5.166883E0,9.824096E0,3.051168E1,1.006715E1,-4.608255E0,3.043306E1
6.689655E0,-3.698565E1,1.293276E1,-3.760415E1,-1.876411E1,5.264656E0,9.739372E0,3.048168E1,9.899801E0,-4.383067E0,3.031776E1
6.724138E0,-3.684791E1,1.290243E1,-3.760849E1,-1.851835E1,5.057487E0,9.868023E0,3.061555E1,9.889291E0,-4.358104E0,3.067425E1
6.758621E0,-3.713034E1,1.290844E1,-3.787574E1,-1.885615E1,5.048367E0,9.579602E0,3.061881E1,1.015036E1,-4.685141E0,3.069064E1
6.793103E0,-3.725603E1,1.269739E1,-3.789722E1,-1.866650E1,5.209284E0,9.393166E0,3.053932E1,9.792343E0,-4.594742E0,3.074100E1
6.827586E0,-3.739843E1,1.278288E1,-3.754755E1,-1.864316E1,5.241811E0,9.348387E0,3.063068E1,9.901775E0,-4.415199E0,3.063881E1
6.862069E0,-3.740277E1,1.264962E1,-3.755275E1,-1.867737E1,5.064239E0,9.238107E0,3.059104E1,9.627571E0,-4.464848E0,3.043295E1
6.896552E0,-3.732509E1,1.259400E1,-3.749281E1,-1.859381E1,5.018781E0,8.880521E0,3.074271E1,9.585856E0,-4.473117E0,3.051991E1
6.931034E0,-3.712651E1,1.268577E1,-3.738345E1,-1.870898E1,4.769857E0,9.157850E0,3.074220E1,9.601580E0,-4.218118E0,3.032859E1
6.965517E0,-3.710583E1,1.289239E1,-3.732753E1,-1.900706E1,4.704957E0,9.486359E0,3.033491E1,9.568162E0,-4.292579E0,3.062566E1
7.000000E0,-3.691325E1,1.254210E1,-3.758416E1,-1.889243E1,4.633290E0,9.290149E0,3.001303E1,9.652302E0,-4.645158E0,3.042798E1
7.034483E0,-3.671677E1,1.288255E1,-3.763856E1,-1.868553E1,4.707878E0,9.406056E0,3.010637E1,9.866762E0,-4.777028E0,3.081181E1
7.068966E0,-3.688761E1,1.282546E1,-3.775662E1,-1.890877E1,4.347737E0,9.382150E0,3.001054E1,9.909641E0,-4.678860E0,3.044210E1
7.103448E0,-3.703136E1,1.277164E1,-3.804678E1,-1.895665E1,4.415157E0,9.377981E0,2.952349E1,9.509377E0,-4.722524E0,3.038365E1
7.137931E0,-3.715045E1,1.322839E1,-3.770930E1,-1.882184E1,4.395329E0,9.352292E0,2.978965E1,9.874150E0,-4.597142E0,3.057437E1
7.172414E0,-3.723555E1,1.327490E1,-3.745825E1,-1.877346E1,4.430877E0,9.406752E0,2.968928E1,9.960258E0,-4.789875E0,3.064960E1
7.206897E0,-3.749346E1,1.307136E1,-3.749908E1,-1.900315E1,4.216385E0,9.249260E0,2.973895E1,9.853972E0,-4.659585E0,3.048026E1
7.241379E0,-3.742970E1,1.342444E1,-3.718475E1,-1.900026E1,4.113950E0,9.510599E0,2.996992E1,9.838750E0,-4.616843E0,3.057491E1
7.275862E0,-3.723287E1,1.355998E1,-3.736103E1,-1.896502E1,4.183198E0,9.728814E0,2.993382E1,1.012517E1,-4.671617E0,3.087546E1
7.310345E0,-3.710731E1,1.331659E1,-3.741403E1,-1.878005E1,4.019608E0,9.399704E0,2.950944E1,9.965842E0,-4.699843E0,3.114192E1
7.344828E0,-3.688334E1,1.366292E1,-3.734150E1,-1.858023E1,4.167055E0,9.258007E0,2.987115E1,9.780202E0,-4.772530E0,3.092660E1
7.379310E0,-3.670105E1,1.367033E1,-3.725974E1,-1.860904E1,4.238298E0,9.458305E0,2.963951E1,9.946752E0,-4.764903E0,3.084041E1
7.413793E0,-3.668465E1,1.366915E1,-3.744796E1,-1.849443E1,4.324895E0,9.618751E0,2.956177E1,1.008820E1,-4.786615E0,3.070007E1
7.448276E0,-3.647533E1,1.385157E1,-3.734165E1,-1.845245E1,4.114314E0,9.863126E0,2.911339E1,1.029248E1,-4.925404E0,3.068925E1
7.482759E0,-3.651788E1,1.384266E1,-3.732935E1,-1.850271E1,3.845952E0,9.818908E0,2.920419E1,1.019594E1,-4.767618E0,3.079459E1
7.517241E0,-3.673291E1,1.422746E1,-3.739511E1,-1.851860E1,3.806999E0,9.690682E0,2.919355E1,1.035118E1,-4.714661E0,3.093033E1
7.551724E0,-3.677749E1,1.395709E1,-3.727826E1,-1.870359E1,3.734968E0,9.734821E0,2.920662E1,1.018024E1,-4.543368E0,3.101929E1
7.586207E0,-3.648698E1,1.385908E1,-3.713062E1,-1.861550E1,3.781644E0,9.785945E0,2.876252E1,1.015329E1,-4.541715E0,3.113769E1
7.620690E0,-3.659518E1,1.419975E1,-3.731160E1,-1.839121E1,3.801325E0,9.840531E0,2.870898E1,1.053338E1,-4.799166E0,3.123385E1
7.655172E0,-3.657515E1,1.408957E1,-3.739900E1,-1.842922E1,3.628121E0,9.549363E0,2.872747E1,1.048128E1,-4.645414E0,3.087816E1
7.689655E0,-3.649670E1,1.421135E1,-3.757070E1,-1.869626E1,3.669028E0,9.867333E0,2.880093E1,1.064172E1,-4.678139E0,3.082688E1
7.724138E0,-3.661021E1,1.414429E1,-3.730787E1,-1.856932E1,3.748513E0,9.717232E0,2.897700E1,1.087999E1,-4.662920E0,3.072423E1
7.758621E0,-3.682772E1,1.403660E1,-3.759933E1,-1.841552E1,3.762475E0,9.596285E0,2.881253E1,1.120181E1,-4.514560E0,3.071401E1
7.793103E0,-3.695614E1,1.389190E1,-3.793573E1,-1.850211E1,3.453157E0,9.568516E0,2.881043E1,1.088581E1,-4.687260E0,3.058330E1
7.827586E0,-3.703719E1,1.380833E1,-3.788848E1,-1.854161E1,3.464624E0,9.683220E0,2.859750E1,1.104015E1,-4.642960E0,3.072872E1
7.862069E0,-3.711339E1,1.372450E1,-3.775212E1,-1.844103E1,3.496625E0,9.600031E0,2.888542E1,1.133463E1,-4.381570E0,3.065538E1
7.896552E0,-3.704010E1,1.379148E1,-3.781757E1,-1.844272E1,3.323924E0,9.251736E0,2.887587E1,1.129362E1,-4.433338E0,3.053599E1
7.931034E0,-3.721204E1,1.353825E1,-3.759338E1,-1.849243E1,3.324681E0,9.251754E0,2.881038E1,1.123578E1,-4.389525E0,3.053179E1
7.965517E0,-3.719123E1,1.363840E1,-3.761194E1,-1.843796E1,3.546720E0,9.181448E0,2.883183E1,1.100907E1,-4.193682E0,3.012146E1
8.000000E0,-3.745988E1,1.368504E1,-3.745067E1,-1.842221E1,3.593214E0,8.923786E0,2.886760E1,1.068974E1,-4.491281E0,3.007688E1
8.034483E0,-3.757533E1,1.370228E1,-3.781840E1,-1.848633E1,3.501290E0,9.138379E0,2.916327E1,1.080235E1,-4.444081E0,2.983880E1
8.068966E0,-3.764848E1,1.380398E1,-3.768607E1,-1.848155E1,3.507268E0,9.338443E0,2.929970E1,1.086223E1,-4.497269E0,3.001232E1
8.103448E0,-3.758740E1,1.368989E1,-3.782766E1,-1.842241E1,3.411131E0,9.467031E0,2.890479E1,1.109874E1,-4.933014E0,2.978878E1
8.137931E0,-3.754507E1,1.350309E1,-3.800820E1,-1.823115E1,3.575777E0,9.203171E0,2.867686E1,1.083842E1,-5.260384E0,2.970589E1
8.172414E0,-3.744860E1,1.323695E1,-3.794255E1,-1.832098E1,,,2.881588E1,1.095109E1,-5.118338E0,2.963324E1
8.206897E0,-3.765581E1,1.332596E1,-3.828416E1,-1.822332E1,,,2.848054E1,1.074669E1,-5.207815E0,2.970304E1
8.241379E0,-3.787265E1,1.349321E1,-3.859036E1,-1.839824E1,,,2.862402E1,1.062946E1,-5.164784E0,2.993641E1
