#multi:
,mass A,,mass B,,mass C,,mass D,,
t,x,y,x,y,x,y,x,y,
0.000000E0,-6.698250E0,-1.552620E1,-2.427287E1,-7.346139E-1,-1.928361E0,1.469228E0,4.364831E1,1.744708E1
3.448276E-2,-6.659106E0,-1.548595E1,-2.427779E1,-6.594685E-1,-1.926181E0,1.555200E0,4.362191E1,1.752172E1
6.896552E-2,-6.694997E0,-1.552899E1,-2.429613E1,-6.901101E-1,-1.939958E0,1.519813E0,4.365104E1,1.751762E1
1.034483E-1,-6.699745E0,-1.550569E1,-2.427533E1,-6.810098E-1,-1.945376E0,1.463527E0,4.360029E1,1.749387E1
1.379310E-1,-6.735288E0,-1.548280E1,-2.418834E1,-6.555794E-1,-1.929921E0,1.524247E0,4.359858E1,1.759527E1
1.724138E-1,-6.738788E0,-1.547381E1,-2.420473E1,-7.067864E-1,-1.919540E0,1.479924E0,4.351825E1,1.758857E1
2.068966E-1,-6.785393E0,-1.553838E1,-2.417390E1,-7.222650E-1,-1.898446E0,1.507066E0,4.358153E1,1.768115E1
2.413793E-1,-6.879472E0,-1.549590E1,-2.413045E1,-6.628450E-1,-1.894519E0,1.546459E0,4.369063E1,1.774676E1
2.758621E-1,-6.988722E0,-1.538340E1,-2.414414E1,-6.502850E-1,-1.888906E0,1.522923E0,4.366786E1,1.770942E1
3.103448E-1,-7.054989E0,-1.540378E1,-2.412975E1,-7.024888E-1,-1.859988E0,1.479893E0,4.370435E1,1.774186E1
3.448276E-1,-7.020481E0,-1.538112E1,-2.414059E1,-6.566374E-1,-1.835229E0,1.523521E0,4.376318E1,1.783729E1
3.793103E-1,-7.169694E0,-1.537985E1,-2.417930E1,-5.922750E-1,-1.781284E0,1.580391E0,4.379304E1,1.784978E1
4.137931E-1,,,-2.421175E1,-5.943811E-1,-1.800807E0,1.515363E0,4.381272E1,1.777291E1
4.482759E-1,,,-2.418305E1,-6.299700E-1,-1.825406E0,1.496932E0,4.379253E1,1.773682E1
4.827586E-1,,,-2.419049E1,-5.408213E-1,-1.908049E0,1.484464E0,4.379282E1,1.774370E1
5.172414E-1,-7.247850E0,-1.538880E1,-2.418104E1,-6.121782E-1,,,4.380135E1,1.796743E1
5.517241E-1,-7.303462E0,-1.539877E1,-2.415650E1,-5.851571E-1,-1.867144E0,1.408010E0,,
5.862069E-1,-7.255655E0,-1.537871E1,-2.419201E1,-6.105643E-1,-1.863884E0,1.414282E0,4.401561E1,1.802865E1
6.206897E-1,-7.246637E0,-1.540399E1,-2.424207E1,-5.546085E-1,-1.864999E0,1.420649E0,4.398004E1,1.802840E1
6.551724E-1,-7.249824E0,-1.542313E1,-2.432330E1,-5.651274E-1,-1.890325E0,1.418301E0,4.394143E1,1.803996E1
6.896552E-1,-7.251110E0,-1.545940E1,-2.436820E1,-5.634385E-1,-1.862917E0,1.432436E0,4.395804E1,1.806888E1
7.241379E-1,-7.228071E0,-1.543350E1,-2.431001E1,-5.690703E-1,-1.890794E0,1.424490E0,4.401243E1,1.810596E1
7.586207E-1,-7.232237E0,-1.539102E1,-2.429411E1,-5.888529E-1,-1.898925E0,1.417870E0,4.399655E1,1.817309E1
7.931034E-1,-7.160874E0,-1.544016E1,-2.430510E1,-6.061489E-1,-1.937130E0,1.379842E0,4.408098E1,1.819163E1
8.275862E-1,-7.075790E0,-1.546554E1,-2.427926E1,-5.670275E-1,-1.899766E0,1.460352E0,4.412734E1,1.824459E1
8.620690E-1,-7.101699E0,-1.541984E1,-2.425104E1,-6.080555E-1,-1.899441E0,1.432214E0,4.417033E1,1.823393E1
8.965517E-1,-7.160302E0,-1.547798E1,-2.423808E1,-6.455773E-1,-1.891277E0,1.405872E0,4.427599E1,1.821973E1
9.310345E-1,-7.114806E0,-1.545567E1,-2.421891E1,-5.890850E-1,-1.853581E0,1.439627E0,4.420706E1,1.826393E1
9.655172E-1,-7.197482E0,-1.543732E1,-2.421610E1,-5.817410E-1,-1.855866E0,1.484010E0,4.416375E1,1.829239E1
1.000000E0,-7.259911E0,-1.546147E1,-2.417752E1,-6.283122E-1,-1.859543E0,1.438292E0,4.421737E1,1.816276E1
1.034483E0,-7.244022E0,-1.541897E1,-2.418641E1,-5.917758E-1,-1.848483E0,1.466602E0,4.408993E1,1.817393E1
1.068966E0,-7.258155E0,-1.538136E1,-2.416860E1,-5.402012E-1,-1.852815E0,1.514406E0,4.408339E1,1.825726E1
1.103448E0,-7.232439E0,-1.545681E1,-2.420707E1,-6.021472E-1,-1.837949E0,1.457589E0,4.412798E1,1.825813E1
1.137931E0,-7.338932E0,-1.539385E1,-2.418163E1,-5.388718E-1,-1.838938E0,1.489703E0,4.416808E1,1.820382E1
1.172414E0,-7.263083E0,-1.537865E1,-2.416948E1,-4.883657E-1,-1.805577E0,1.474939E0,4.417242E1,1.823354E1
1.206897E0,,,-2.415026E1,-5.788546E-1,-1.837539E0,1.414999E0,4.409105E1,1.816669E1
1.241379E0,-7.274278E0,-1.556872E1,-2.416716E1,-5.640650E-1,-1.820694E0,1.442360E0,4.407786E1,1.816844E1
1.275862E0,-7.302891E0,-1.558952E1,-2.416212E1,-5.301536E-1,-1.787725E0,1.551408E0,4.406348E1,1.812156E1
1.310345E0,-7.317751E0,-1.569182E1,-2.415834E1,-5.673858E-1,-1.810448E0,1.528351E0,4.404966E1,1.815650E1
1.344828E0,,,-2.416225E1,-5.781855E-1,-1.812242E0,1.541812E0,4.395911E1,1.811850E1
1.379310E0,,,-2.412203E1,-5.943851E-1,-1.829210E0,1.567799E0,4.388480E1,1.818051E1
1.413793E0,-7.226716E0,-1.551636E1,-2.410586E1,-5.902932E-1,-1.881683E0,1.563461E0,4.388731E1,1.815458E1
1.448276E0,-7.225936E0,-1.552376E1,-2.409255E1,-6.228802E-1,-1.920932E0,1.613219E0,4.395079E1,1.815202E1
1.482759E0,-7.234346E0,-1.545457E1,-2.408418E1,-6.324867E-1,-1.904960E0,1.624324E0,4.383366E1,1.817120E1
1.517241E0,-7.251788E0,-1.549602E1,-2.412348E1,-6.115682E-1,-1.907288E0,1.603013E0,4.396205E1,1.813476E1
1.551724E0,-7.181399E0,-1.553596E1,-2.404137E1,-5.586533E-1,-1.915335E0,1.570708E0,4.388655E1,1.822592E1
1.586207E0,-7.171658E0,-1.548932E1,-2.401973E1,-5.822045E-1,-1.858561E0,1.610049E0,4.383861E1,1.825003E1
1.620690E0,-7.238076E0,-1.544852E1,-2.399394E1,-5.021021E-1,-1.845257E0,1.581247E0,4.387317E1,1.834900E1
1.655172E0,-7.350145E0,-1.540438E1,-2.401383E1,-5.568339E-1,-1.851929E0,1.649361E0,4.388291E1,1.829761E1
1.689655E0,-7.268648E0,-1.539099E1,-2.404476E1,-5.630263E-1,-1.835495E0,1.656475E0,4.385796E1,1.840407E1
1.724138E0,-7.447432E0,-1.537820E1,-2.407937E1,-5.143589E-1,-1.869349E0,1.646437E0,4.391536E1,1.838427E1
1.758621E0,-7.512801E0,-1.539411E1,-2.410361E1,-5.508937E-1,-1.889255E0,1.619184E0,4.381633E1,1.825922E1
1.793103E0,-7.504963E0,-1.534801E1,-2.410137E1,-5.495633E-1,-1.895248E0,1.565708E0,4.379171E1,1.832022E1
1.827586E0,-7.514070E0,-1.529382E1,-2.413059E1,-5.704267E-1,-1.878487E0,1.586751E0,4.375052E1,1.832713E1
1.862069E0,-7.550372E0,-1.526273E1,-2.415157E1,-5.855282E-1,-1.903367E0,1.613597E0,4.390374E1,1.838450E1
1.896552E0,-7.563159E0,-1.519397E1,-2.411043E1,-5.982836E-1,-1.856799E0,1.564984E0,4.391184E1,1.843553E1
1.931034E0,-7.611961E0,-1.518536E1,-2.411823E1,-5.783518E-1,-1.886149E0,1.626053E0,4.392241E1,1.844715E1
1.965517E0,-7.617097E0,-1.511113E1,-2.405947E1,-5.692945E-1,-1.895940E0,1.613080E0,4.388300E1,1.855565E1
2.000000E0,-7.640847E0,-1.507995E1,-2.413879E1,-6.245075E-1,-1.819079E0,1.611785E0,4.392230E1,1.852375E1
2.034483E0,-7.720595E0,-1.516705E1,-2.408951E1,-6.655708E-1,-1.886965E0,1.631102E0,4.390302E1,1.849623E1
2.068966E0,-7.727498E0,-1.517072E1,-2.414483E1,-7.046879E-1,-1.858831E0,1.571975E0,4.393901E1,1.842605E1
2.103448E0,-7.791967E0,-1.513468E1,-2.415378E1,-6.637258E-1,-1.875994E0,1.576136E0,4.392237E1,1.833291E1
2.137931E0,-7.892041E0,-1.517986E1,-2.418396E1,-7.427320E-1,-1.903304E0,1.604723E0,4.390496E1,1.843319E1
2.172414E0,-7.863321E0,-1.529362E1,-2.425264E1,-7.614926E-1,-1.862682E0,1.590945E0,4.387511E1,1.844840E1
2.206897E0,-7.778480E0,-1.538146E1,-2.425484E1,-7.429838E-1,-1.853022E0,1.581826E0,4.375418E1,1.851832E1
2.241379E0,-7.764100E0,-1.537388E1,-2.426890E1,-7.324992E-1,-1.845690E0,1.537730E0,4.376954E1,1.851541E1
2.275862E0,-7.841874E0,-1.541691E1,-2.424641E1,-7.768376E-1,-1.803070E0,1.507097E0,4.377935E1,1.852714E1
2.310345E0,-7.865917E0,-1.540696E1,-2.421949E1,-6.985717E-1,-1.776575E0,1.520725E0,4.380853E1,1.843980E1
2.344828E0,-7.839388E0,-1.533864E1,-2.422709E1,-6.723471E-1,-1.790517E0,1.510855E0,4.374719E1,1.843948E1
2.379310E0,-7.898453E0,-1.533090E1,-2.421557E1,-6.897240E-1,-1.803157E0,1.510635E0,4.378699E1,1.838775E1
2.413793E0,-7.860657E0,-1.528415E1,-2.421606E1,-6.545647E-1,-1.840409E0,1.533362E0,4.383353E1,1.834062E1
2.448276E0,-7.881265E0,-1.535618E1,-2.421797E1,-6.709089E-1,-1.848870E0,1.511295E0,4.387937E1,1.836642E1
2.482759E0,-7.843560E0,-1.531748E1,-2.428113E1,-6.803347E-1,-1.787628E0,1.520616E0,4.390403E1,1.837810E1
2.517241E0,-7.840223E0,-1.546516E1,-2.424748E1,-6.439383E-1,-1.855342E0,1.534207E0,4.392827E1,1.837370E1
2.551724E0,-7.917452E0,-1.554797E1,-2.421081E1,-6.566329E-1,-1.824103E0,1.503415E0,4.387466E1,1.843981E1
2.586207E0,,,-2.424099E1,-5.988987E-1,-1.861315E0,1.503400E0,4.383229E1,1.844211E1
2.620690E0,,,-2.421481E1,-5.993256E-1,-1.865756E0,1.505479E0,4.383459E1,1.835472E1
2.655172E0,,,-2.422286E1,-5.520462E-1,-1.853241E0,1.514083E0,4.389715E1,1.835230E1
2.689655E0,-8.050084E0,-1.551817E1,-2.424102E1,-6.029438E-1,-1.891845E0,1.543368E0,4.387401E1,1.835327E1
2.724138E0,-8.006050E0,-1.554388E1,-2.421618E1,-6.031651E-1,-1.853943E0,1.538457E0,4.387212E1,1.830490E1
2.758621E0,-8.043189E0,-1.546801E1,-2.420823E1,-6.137400E-1,-1.833162E0,1.510431E0,4.393826E1,1.832762E1
2.793103E0,-8.058835E0,-1.543630E1,-2.423842E1,-6.549570E-1,-1.797259E0,1.513121E0,4.391926E1,1.825306E1
2.827586E0,,,-2.426556E1,-7.809449E-1,-1.809801E0,1.533960E0,4.384475E1,1.832338E1
2.862069E0,-8.051694E0,-1.539050E1,-2.419578E1,-7.269315E-1,-1.765536E0,1.508175E0,4.377568E1,1.826359E1
2.896552E0,-8.052870E0,-1.545435E1,-2.421124E1,-7.399227E-1,-1.798520E0,1.489675E0,4.371975E1,1.839327E1
2.931034E0,-8.093714E0,-1.540748E1,-2.417819E1,-8.556284E-1,-1.793414E0,1.448838E0,4.367361E1,1.844260E1
2.965517E0,-8.038165E0,-1.540023E1,-2.418074E1,-7.683882E-1,-1.854373E0,1.482785E0,4.365018E1,1.843962E1
3.000000E0,-8.080723E0,-1.538501E1,-2.421218E1,-7.760266E-1,-1.835864E0,1.414280E0,4.361468E1,1.823580E1
3.034483E0,-8.102247E0,-1.532892E1,-2.425671E1,-8.138880E-1,-1.836244E0,1.410448E0,4.371665E1,1.833352E1
3.068966E0,-8.104193E0,-1.526988E1,-2.430959E1,-7.771779E-1,-1.791215E0,1.445016E0,4.372705E1,1.837478E1
3.103448E0,-8.092749E0,-1.528504E1,-2.435548E1,-7.599586E-1,-1.831193E0,1.500540E0,4.367496E1,1.837517E1
3.137931E0,-8.195133E0,-1.530072E1,-2.427216E1,-8.244300E-1,-1.834424E0,1.459822E0,4.371049E1,1.840054E1
3.172414E0,-8.258104E0,-1.525974E1,-2.429886E1,-7.790274E-1,-1.771509E0,1.470369E0,4.364635E1,1.839280E1
3.206897E0,-8.250271E0,-1.526774E1,-2.426701E1,-7.423421E-1,-1.787911E0,1.456105E0,4.359815E1,1.843208E1
3.241379E0,-8.239688E0,-1.538964E1,-2.425564E1,-7.293554E-1,-1.773876E0,1.414892E0,4.347789E1,1.854528E1
3.275862E0,-8.182140E0,-1.541067E1,-2.422948E1,-6.778552E-1,-1.796727E0,1.424815E0,4.345907E1,1.861472E1
3.310345E0,-8.151317E0,-1.549495E1,-2.420031E1,-7.251106E-1,-1.787511E0,1.459168E0,4.342470E1,1.856299E1
3.344828E0,-8.123065E0,-1.554733E1,-2.417704E1,-7.308170E-1,-1.826530E0,1.463653E0,4.338073E1,1.853476E1
3.379310E0,-8.084496E0,-1.553856E1,-2.419887E1,-7.335140E-1,-1.837300E0,1.455087E0,4.325484E1,1.852588E1
3.413793E0,-8.083819E0,-1.548956E1,-2.419850E1,-6.779701E-1,-1.834568E0,1.495900E0,4.337203E1,1.852590E1
3.448276E0,-8.098163E0,-1.555000E1,-2.420965E1,-6.633907E-1,-1.864286E0,1.473027E0,4.331958E1,1.852106E1
3.482759E0,-8.041386E0,-1.558452E1,-2.429358E1,-6.931686E-1,-1.863015E0,1.429843E0,4.336874E1,1.845227E1
3.517241E0,-8.057701E0,-1.564116E1,-2.423706E1,-6.663883E-1,-1.890744E0,1.469713E0,4.331855E1,1.846705E1
3.551724E0,-8.087510E0,-1.558669E1,-2.424312E1,-6.612777E-1,-1.882944E0,1.462529E0,4.327819E1,1.843270E1
3.586207E0,-8.117628E0,-1.555721E1,-2.429903E1,-6.465508E-1,-1.858747E0,1.435531E0,4.323504E1,1.844794E1
3.620690E0,-8.038571E0,-1.546160E1,-2.427224E1,-6.862572E-1,-1.844577E0,1.464000E0,4.319758E1,1.830643E1
3.655172E0,-7.992155E0,-1.544485E1,-2.425149E1,-6.501547E-1,-1.810878E0,1.406225E0,4.314887E1,1.836113E1
3.689655E0,-7.968556E0,-1.551080E1,-2.423194E1,-6.705009E-1,-1.790617E0,1.421129E0,4.313562E1,1.844670E1
3.724138E0,-7.924393E0,-1.542341E1,-2.424751E1,-6.284440E-1,-1.820425E0,1.463096E0,4.309726E1,1.846838E1
3.758621E0,-7.956931E0,-1.540290E1,-2.421841E1,-6.465473E-1,-1.804105E0,1.461180E0,4.311848E1,1.838200E1
3.793103E0,,,-2.420584E1,-6.907346E-1,-1.818349E0,1.466154E0,4.312370E1,1.831699E1
3.827586E0,,,-2.419716E1,-6.789374E-1,-1.855256E0,1.466494E0,4.317353E1,1.837993E1
3.862069E0,,,-2.423275E1,-6.237815E-1,-1.856991E0,1.502311E0,4.319080E1,1.840962E1
3.896552E0,,,-2.429474E1,-6.018627E-1,-1.843881E0,1.500961E0,4.319987E1,1.835327E1
3.931034E0,-8.140950E0,-1.535445E1,-2.427287E1,-6.121782E-1,,,4.306674E1,1.842656E1
3.965517E0,-8.166937E0,-1.540127E1,-2.426613E1,-5.865492E-1,-1.958970E0,1.469228E0,,
4.000000E0,-8.178826E0,-1.545083E1,-2.421066E1,-5.718419E-1,-1.913727E0,1.448466E0,4.297491E1,1.842656E1
4.034483E0,-8.178583E0,-1.548015E1,-2.420879E1,-5.715496E-1,-1.939680E0,1.475279E0,4.294506E1,1.856195E1
4.068966E0,-8.093449E0,-1.545168E1,-2.416731E1,-6.131541E-1,-1.892394E0,1.498924E0,4.298706E1,1.845564E1
4.103448E0,-8.057217E0,-1.545572E1,-2.416590E1,-5.504320E-1,-1.869362E0,1.523415E0,4.298833E1,1.842374E1
4.137931E0,-8.076561E0,-1.556987E1,-2.409902E1,-6.146467E-1,-1.947151E0,1.495795E0,4.303526E1,1.848701E1
4.172414E0,-8.078335E0,-1.562398E1,-2.411172E1,-6.073110E-1,-1.957691E0,1.501017E0,4.300711E1,1.845294E1
4.206897E0,-8.151005E0,-1.554196E1,-2.405347E1,-5.769561E-1,-1.969992E0,1.512118E0,4.302774E1,1.853804E1
4.241379E0,-8.146301E0,-1.555287E1,-2.402987E1,-6.202812E-1,-1.936471E0,1.515450E0,4.295884E1,1.858304E1
4.275862E0,-8.168876E0,-1.550500E1,-2.403615E1,-5.310741E-1,-1.958914E0,1.509043E0,4.285597E1,1.855104E1
4.310345E0,-8.228210E0,-1.553261E1,-2.403928E1,-5.292799E-1,-1.962674E0,1.524434E0,4.280434E1,1.858986E1
4.344828E0,-8.201366E0,-1.557865E1,-2.401595E1,-4.973228E-1,-1.951197E0,1.491934E0,4.284403E1,1.855888E1
4.379310E0,-8.283054E0,-1.563697E1,-2.400723E1,-4.800142E-1,-1.953364E0,1.491208E0,4.285872E1,1.854680E1
4.413793E0,-8.378227E0,-1.564903E1,-2.403248E1,-4.147651E-1,-1.975139E0,1.494338E0,4.286800E1,1.852459E1
4.448276E0,-8.395462E0,-1.562279E1,-2.402570E1,-4.175180E-1,-1.993592E0,1.468453E0,4.288355E1,1.856028E1
4.482759E0,-8.427171E0,-1.564156E1,-2.407348E1,-4.667084E-1,-2.005317E0,1.487510E0,4.288876E1,1.854097E1
4.517241E0,-8.334790E0,-1.563979E1,-2.401723E1,-4.455945E-1,-1.979467E0,1.514451E0,4.285215E1,1.855783E1
4.551724E0,-8.274706E0,-1.568467E1,-2.404469E1,-4.265139E-1,-1.928489E0,1.493949E0,4.297863E1,1.862251E1
4.586207E0,-8.189099E0,-1.564860E1,-2.412979E1,-4.220001E-1,-1.948779E0,1.452188E0,4.302511E1,1.852838E1
4.620690E0,-8.299509E0,-1.566075E1,-2.413100E1,-4.444048E-1,-1.929196E0,1.492222E0,4.309828E1,1.857251E1
4.655172E0,-8.323176E0,-1.563524E1,-2.415130E1,-4.748913E-1,-1.948027E0,1.489997E0,4.309415E1,1.852160E1
4.689655E0,-8.421841E0,-1.560783E1,-2.413954E1,-4.689833E-1,-1.891922E0,1.426668E0,4.298747E1,1.845774E1
4.724138E0,,,-2.417162E1,-4.470227E-1,-1.872999E0,1.392966E0,4.298249E1,1.855655E1
4.758621E0,,,-2.415590E1,-4.939215E-1,-1.841770E0,1.447299E0,4.296696E1,1.854550E1
4.793103E0,-8.393353E0,-1.565799E1,-2.414458E1,-5.235034E-1,-1.793817E0,1.452566E0,4.296056E1,1.853426E1
4.827586E0,-8.323635E0,-1.560929E1,-2.413143E1,-5.163014E-1,-1.856679E0,1.463766E0,4.291493E1,1.852791E1
4.862069E0,,,-2.412545E1,-5.100777E-1,-1.857319E0,1.486589E0,4.290559E1,1.849179E1
4.896552E0,,,-2.411710E1,-6.699875E-1,-1.768053E0,1.465993E0,4.288466E1,1.852264E1
4.931034E0,,,-2.405600E1,-6.557295E-1,-1.792438E0,1.454703E0,4.284727E1,1.851503E1
4.965517E0,,,-2.418963E1,-6.258183E-1,-1.772955E0,1.449221E0,4.289947E1,1.852113E1
5.000000E0,-8.401160E0,-1.556621E1,-2.420168E1,-6.338664E-1,-1.771781E0,1.404002E0,4.284410E1,1.848769E1
5.034483E0,-8.425365E0,-1.556962E1,-2.416522E1,-5.675106E-1,-1.841273E0,1.418487E0,4.279185E1,1.845089E1
5.068966E0,-8.475435E0,-1.554533E1,-2.420884E1,-5.286225E-1,-1.863002E0,1.472143E0,4.281827E1,1.841571E1
5.103448E0,-8.559484E0,-1.551497E1,-2.417901E1,-5.375235E-1,-1.827054E0,1.420819E0,4.271162E1,1.837709E1
5.137931E0,-8.560476E0,-1.551657E1,-2.422645E1,-5.597053E-1,-1.847009E0,1.455176E0,4.275498E1,1.837838E1
5.172414E0,,,-2.420378E1,-5.784055E-1,-1.858227E0,1.439354E0,4.277084E1,1.842716E1
5.206897E0,,,-2.422151E1,-5.723989E-1,-1.881931E0,1.427096E0,4.277507E1,1.845206E1
5.241379E0,-8.521568E0,-1.561622E1,-2.415313E1,-5.172483E-1,-1.867431E0,1.481663E0,4.278694E1,1.831893E1
5.275862E0,-8.516259E0,-1.556902E1,-2.424011E1,-4.422583E-1,-1.871613E0,1.514602E0,4.284678E1,1.824823E1
5.310345E0,-8.548134E0,-1.558214E1,-2.423791E1,-5.664767E-1,-1.887767E0,1.513549E0,4.272622E1,1.821759E1
5.344828E0,-8.597286E0,-1.552750E1,-2.426516E1,-5.331861E-1,-1.870578E0,1.541071E0,4.283393E1,1.828225E1
5.379310E0,-8.553895E0,-1.540906E1,-2.427812E1,-5.479301E-1,-1.838064E0,1.512797E0,4.283880E1,1.831365E1
5.413793E0,-8.616756E0,-1.543442E1,-2.426743E1,-4.494007E-1,-1.883219E0,1.532342E0,4.279271E1,1.837900E1
5.448276E0,-8.684360E0,-1.544430E1,-2.423209E1,-4.242029E-1,-1.871226E0,1.532352E0,4.282416E1,1.831748E1
5.482759E0,-8.705740E0,-1.539389E1,-2.423892E1,-4.668411E-1,-1.833034E0,1.507126E0,4.284659E1,1.837848E1
5.517241E0,-8.720285E0,-1.551455E1,-2.420384E1,-5.421394E-1,-1.849374E0,1.505925E0,4.282995E1,1.837671E1
5.551724E0,-8.783039E0,-1.544741E1,-2.421341E1,-5.323527E-1,-1.840043E0,1.512577E0,4.286520E1,1.843579E1
5.586207E0,-8.845541E0,-1.547679E1,-2.417625E1,-4.826567E-1,-1.808490E0,1.573786E0,4.283050E1,1.847237E1
5.620690E0,-8.927282E0,-1.547605E1,-2.418067E1,-5.132919E-1,-1.850813E0,1.557113E0,4.283259E1,1.837912E1
5.655172E0,-8.947377E0,-1.544760E1,-2.419044E1,-4.878455E-1,-1.825037E0,1.565153E0,4.283077E1,1.838553E1
5.689655E0,-8.863340E0,-1.545511E1,-2.418128E1,-4.996802E-1,-1.826303E0,1.588460E0,4.279812E1,1.845219E1
5.724138E0,-8.807463E0,-1.544254E1,-2.421709E1,-5.134017E-1,-1.825566E0,1.558708E0,4.278173E1,1.845125E1
5.758621E0,-8.862482E0,-1.541966E1,-2.417824E1,-4.601631E-1,-1.818256E0,1.527538E0,4.275832E1,1.845722E1
5.793103E0,-8.851788E0,-1.528756E1,-2.419023E1,-4.916584E-1,-1.826408E0,1.524185E0,4.281098E1,1.857470E1
5.827586E0,-8.830952E0,-1.535875E1,-2.420680E1,-4.721981E-1,-1.845586E0,1.477999E0,4.283871E1,1.859912E1
5.862069E0,-8.849115E0,-1.529839E1,-2.416794E1,-5.338567E-1,-1.846598E0,1.528425E0,4.284978E1,1.866741E1
5.896552E0,-8.746318E0,-1.534988E1,-2.418332E1,-5.683131E-1,-1.851761E0,1.500233E0,4.276174E1,1.861337E1
5.931034E0,-8.785799E0,-1.539215E1,-2.422083E1,-5.990346E-1,-1.894005E0,1.568517E0,4.276701E1,1.853796E1
5.965517E0,-8.686263E0,-1.531521E1,-2.428407E1,-6.467905E-1,-1.889668E0,1.569040E0,4.275211E1,1.856007E1
6.000000E0,-8.700320E0,-1.530648E1,-2.431924E1,-6.091102E-1,-1.942713E0,1.554741E0,4.271869E1,1.867447E1
6.034483E0,-8.668661E0,-1.530215E1,-2.438642E1,-6.096956E-1,-1.942947E0,1.476812E0,4.276234E1,1.860261E1
6.068966E0,-8.687425E0,-1.527917E1,-2.429161E1,-6.280815E-1,-1.930734E0,1.540663E0,4.277335E1,1.860656E1
6.103448E0,-8.723744E0,-1.518226E1,-2.432135E1,-6.468725E-1,-1.918660E0,1.505562E0,4.284151E1,1.856078E1
6.137931E0,-8.721149E0,-1.517574E1,-2.431476E1,-6.720794E-1,-1.894478E0,1.576892E0,4.282018E1,1.858860E1
6.172414E0,-8.702666E0,-1.517722E1,-2.429912E1,-7.004005E-1,-1.908358E0,1.518270E0,4.283369E1,1.852355E1
6.206897E0,-8.657433E0,-1.513333E1,-2.427428E1,-6.849393E-1,-1.858520E0,1.519981E0,4.278081E1,1.857080E1
6.241379E0,-8.752083E0,-1.512089E1,-2.425302E1,-6.897330E-1,-1.819592E0,1.482372E0,4.277949E1,1.851303E1
6.275862E0,-8.659557E0,-1.513844E1,-2.428308E1,-7.275583E-1,-1.823589E0,1.472278E0,4.283842E1,1.850454E1
6.310345E0,-8.656686E0,-1.509093E1,-2.426949E1,-7.015581E-1,-1.807269E0,1.497571E0,4.285182E1,1.849835E1
6.344828E0,-8.670620E0,-1.512437E1,-2.432377E1,-6.281363E-1,-1.851777E0,1.471933E0,4.292332E1,1.848789E1
6.379310E0,-8.707279E0,-1.507475E1,-2.430069E1,-6.720478E-1,-1.855576E0,1.459359E0,4.299961E1,1.847432E1
6.413793E0,-8.639555E0,-1.502457E1,-2.436395E1,-6.294142E-1,-1.774101E0,1.486438E0,4.292022E1,1.843154E1
6.448276E0,-8.671821E0,-1.509287E1,-2.433572E1,-6.005528E-1,-1.762917E0,1.497985E0,4.292721E1,1.838606E1
6.482759E0,-8.724151E0,-1.511905E1,-2.438821E1,-6.028459E-1,-1.766092E0,1.452616E0,4.284615E1,1.837158E1
6.517241E0,-8.699403E0,-1.508336E1,-2.438295E1,-6.180520E-1,-1.809302E0,1.394542E0,4.284350E1,1.840242E1
6.551724E0,-8.637780E0,-1.510759E1,-2.442495E1,-6.384634E-1,-1.826500E0,1.426023E0,4.284875E1,1.845856E1
6.586207E0,-8.691404E0,-1.514945E1,-2.443243E1,-6.356990E-1,-1.803332E0,1.457720E0,4.273872E1,1.853379E1
6.620690E0,,,-2.438729E1,-6.264896E-1,-1.765815E0,1.397185E0,4.276341E1,1.861367E1
6.655172E0,-8.743470E0,-1.510200E1,-2.440693E1,-6.732550E-1,-1.791065E0,1.386575E0,4.274856E1,1.865705E1
6.689655E0,-8.709654E0,-1.503855E1,-2.440949E1,-6.223352E-1,-1.746543E0,1.403156E0,4.269740E1,1.867741E1
6.724138E0,-8.665422E0,-1.497861E1,-2.438063E1,-6.479212E-1,-1.802122E0,1.370132E0,4.268839E1,1.860730E1
6.758621E0,-8.692645E0,-1.506120E1,-2.437751E1,-6.531206E-1,-1.801327E0,1.429014E0,4.264590E1,1.865574E1
6.793103E0,,,-2.442331E1,-6.460614E-1,-1.815217E0,1.443527E0,4.261927E1,1.862328E1
6.827586E0,,,-2.438554E1,-6.736587E-1,-1.882801E0,1.376811E0,4.269642E1,1.864556E1
6.862069E0,,,-2.433267E1,-7.095714E-1,-1.877714E0,1.396213E0,4.272568E1,1.865295E1
6.896552E0,-8.793600E0,-1.521705E1,-2.436469E1,-7.652228E-1,,,4.269943E1,1.867144E1
6.931034E0,-8.816469E0,-1.522168E1,-2.433820E1,-7.499505E-1,-1.867144E0,1.377401E0,,
6.965517E0,-8.754729E0,-1.530927E1,-2.435676E1,-7.737744E-1,-1.846515E0,1.410696E0,4.282187E1,1.882448E1
7.000000E0,-8.721055E0,-1.526894E1,-2.438614E1,-7.974654E-1,-1.850884E0,1.410852E0,4.284285E1,1.894463E1
7.034483E0,-8.766178E0,-1.536941E1,-2.439496E1,-7.788796E-1,-1.843514E0,1.398539E0,4.287793E1,1.889480E1
7.068966E0,-8.732603E0,-1.529853E1,-2.436026E1,-7.913455E-1,-1.801171E0,1.394652E0,4.282801E1,1.899321E1
7.103448E0,-8.675983E0,-1.523626E1,-2.440081E1,-7.559371E-1,-1.771153E0,1.400904E0,4.272366E1,1.899346E1
7.137931E0,-8.662166E0,-1.527084E1,-2.439219E1,-7.622153E-1,-1.767096E0,1.406017E0,4.273645E1,1.899732E1
7.172414E0,,,-2.433616E1,-7.510580E-1,-1.759522E0,1.471881E0,4.271852E1,1.896203E1
7.206897E0,-8.738064E0,-1.521783E1,-2.434703E1,-7.410599E-1,-1.771022E0,1.506136E0,4.276003E1,1.891891E1
7.241379E0,-8.727521E0,-1.515987E1,-2.426779E1,-7.333445E-1,-1.797899E0,1.499414E0,4.265717E1,1.884192E1
7.275862E0,,,-2.429711E1,-7.430512E-1,-1.840727E0,1.489751E0,4.266913E1,1.884639E1
7.310345E0,-8.727936E0,-1.519035E1,-2.426756E1,-7.347259E-1,-1.806789E0,1.465221E0,4.269414E1,1.884842E1
7.344828E0,,,-2.425285E1,-6.749807E-1,-1.827065E0,1.499642E0,4.278098E1,1.893604E1
7.379310E0,,,-2.423623E1,-6.906208E-1,-1.783580E0,1.484832E0,4.274218E1,1.890239E1
7.413793E0,,,-2.426430E1,-6.820888E-1,-1.775454E0,1.478725E0,4.265769E1,1.891070E1
7.448276E0,,,-2.419913E1,-6.876181E-1,-1.803292E0,1.479378E0,4.263446E1,1.893512E1
7.482759E0,,,-2.422172E1,-7.634415E-1,-1.815634E0,1.448005E0,4.264527E1,1.892148E1
7.517241E0,,,-2.418119E1,-7.659910E-1,-1.785915E0,1.410482E0,4.268016E1,1.891833E1
7.551724E0,,,-2.418447E1,-7.598611E-1,-1.787613E0,1.450660E0,4.265818E1,1.884328E1
7.586207E0,,,-2.421991E1,-6.674574E-1,-1.850173E0,1.454339E0,4.262665E1,1.881186E1
7.620690E0,,,-2.424052E1,-7.592021E-1,-1.843786E0,1.426391E0,4.265293E1,1.882378E1
7.655172E0,,,-2.420490E1,-6.808350E-1,-1.846447E0,1.512089E0,4.257519E1,1.882903E1
7.689655E0,,,-2.430103E1,-7.271305E-1,-1.840377E0,1.501810E0,4.269581E1,1.884624E1
7.724138E0,,,-2.428100E1,-7.309837E-1,-1.847905E0,1.496538E0,4.271419E1,1.881153E1
7.758621E0,-8.862300E0,-1.511400E1,,,-1.744708E0,1.469228E0,,
7.793103E0,-8.837232E0,-1.505555E1,-2.424226E1,-5.509604E-1,,,4.273004E1,1.888570E1
7.827586E0,-8.853933E0,-1.506074E1,-2.426926E1,-5.958863E-1,-1.744708E0,1.530446E0,,
7.862069E0,-8.846068E0,-1.509026E1,-2.423144E1,-6.412836E-1,-1.750854E0,1.537109E0,4.276065E1,1.906935E1
7.896552E0,-8.863177E0,-1.506452E1,-2.419902E1,-6.698578E-1,-1.779918E0,1.541663E0,4.273040E1,1.910105E1
7.931034E0,-8.912811E0,-1.498587E1,-2.423253E1,-6.675919E-1,-1.756323E0,1.511512E0,4.278950E1,1.909406E1
7.965517E0,-8.913090E0,-1.499318E1,-2.427064E1,-7.822714E-1,-1.739554E0,1.483397E0,4.273709E1,1.916148E1
8.000000E0,-8.854649E0,-1.499817E1,-2.427618E1,-7.399599E-1,-1.719489E0,1.478610E0,4.277474E1,1.920940E1
8.034483E0,-8.735617E0,-1.500212E1,-2.425048E1,-7.343439E-1,-1.689236E0,1.458329E0,4.277352E1,1.923644E1
8.068966E0,-8.781829E0,-1.494807E1,-2.426123E1,-7.321244E-1,-1.646065E0,1.420475E0,4.276450E1,1.925689E1
8.103448E0,-8.764969E0,-1.489966E1,-2.425578E1,-7.721392E-1,-1.673162E0,1.450988E0,4.274928E1,1.938661E1
8.137931E0,-8.797782E0,-1.493874E1,-2.425100E1,-7.849862E-1,-1.719296E0,1.384219E0,4.270430E1,1.939464E1
8.172414E0,-8.910797E0,-1.489898E1,-2.427128E1,-8.328137E-1,-1.755782E0,1.358643E0,4.260365E1,1.938265E1
8.206897E0,-8.804622E0,-1.499760E1,-2.428265E1,-8.027494E-1,-1.741814E0,1.359900E0,4.261872E1,1.946533E1
8.241379E0,-8.768021E0,-1.498993E1,-2.436469E1,-8.570495E-1,-1.714099E0,1.316183E0,4.257700E1,1.931422E1
