#multi:
,mass A,,mass B,,mass C,,mass D,,mass E,,
t,x,y,x,y,x,y,x,y,x,y,
0.000000E0,-1.393404E1,-1.299900E1,-3.519875E1,-1.235957E1,8.235583E0,-9.588340E0,1.378821E1,6.093811E0,-2.420893E1,2.194712E1
3.448276E-2,-1.391379E1,-1.294799E1,-3.519556E1,-1.228053E1,8.316489E0,-9.539895E0,1.383565E1,6.075555E0,-2.421803E1,2.201092E1
6.896552E-2,-1.395419E1,-1.298491E1,-3.523138E1,-1.234379E1,8.331143E0,-9.459940E0,1.384583E1,6.062571E0,-2.418486E1,2.193573E1
1.034483E-1,-1.394473E1,-1.304227E1,-3.515386E1,-1.234672E1,8.262388E0,-9.499031E0,1.390046E1,6.080787E0,-2.420525E1,2.193577E1
1.379310E-1,-1.396490E1,-1.300791E1,-3.509988E1,-1.232088E1,8.236786E0,-9.465392E0,1.387748E1,6.115645E0,-2.419672E1,2.196270E1
1.724138E-1,-1.391984E1,-1.299555E1,-3.512240E1,-1.232380E1,8.253318E0,-9.469110E0,1.380851E1,6.057934E0,-2.418894E1,2.193249E1
2.068966E-1,-1.397794E1,-1.308850E1,-3.514529E1,-1.230000E1,8.242224E0,-9.461714E0,1.375343E1,5.942672E0,-2.421954E1,2.185291E1
2.413793E-1,-1.400836E1,-1.307501E1,-3.511514E1,-1.227429E1,8.267107E0,-9.514125E0,1.371627E1,6.033115E0,-2.424395E1,2.190308E1
2.758621E-1,-1.400662E1,-1.302726E1,-3.513698E1,-1.230009E1,8.144480E0,-9.490702E0,1.370837E1,6.037434E0,-2.423744E1,2.182807E1
3.103448E-1,-1.399117E1,-1.305186E1,-3.516178E1,-1.225246E1,8.220785E0,-9.511603E0,1.372492E1,6.075997E0,-2.421620E1,2.183079E1
3.448276E-1,-1.399191E1,-1.301595E1,-3.509736E1,-1.224028E1,8.233876E0,-9.515746E0,1.373169E1,6.099819E0,-2.419966E1,2.179852E1
3.793103E-1,-1.404864E1,-1.301049E1,-3.507630E1,-1.221220E1,8.253380E0,-9.499505E0,1.370875E1,6.074217E0,-2.425413E1,2.176752E1
4.137931E-1,-1.406595E1,-1.299116E1,-3.508696E1,-1.226617E1,8.266417E0,-9.512083E0,1.372742E1,6.076167E0,-2.429946E1,2.174822E1
4.482759E-1,-1.407093E1,-1.300628E1,-3.506246E1,-1.231975E1,8.201649E0,-9.559076E0,1.368257E1,6.077275E0,-2.427997E1,2.178379E1
4.827586E-1,-1.411328E1,-1.302695E1,-3.505775E1,-1.231658E1,8.220390E0,-9.597665E0,1.368407E1,6.092153E0,-2.427598E1,2.173875E1
5.172414E-1,-1.409384E1,-1.296042E1,-3.506998E1,-1.229939E1,8.187601E0,-9.562680E0,1.363700E1,6.084236E0,-2.423672E1,2.176697E1
5.517241E-1,-1.403710E1,-1.290959E1,-3.507571E1,-1.241590E1,8.124693E0,-9.608256E0,1.365522E1,6.195001E0,-2.414696E1,2.174953E1
5.862069E-1,-1.409773E1,-1.301279E1,-3.508818E1,-1.249103E1,8.109765E0,-9.681028E0,1.357772E1,6.117450E0,-2.414480E1,2.168998E1
6.206897E-1,-1.411549E1,-1.292583E1,-3.508031E1,-1.249427E1,8.083316E0,-9.650983E0,1.359322E1,6.090191E0,-2.412773E1,2.170637E1
6.551724E-1,-1.416427E1,-1.293331E1,-3.502447E1,-1.243359E1,8.108564E0,-9.636789E0,1.358958E1,6.091744E0,-2.410950E1,2.171570E1
6.896552E-1,-1.412719E1,-1.297157E1,-3.507985E1,-1.243018E1,8.053104E0,-9.682196E0,1.357367E1,6.053207E0,-2.408886E1,2.163525E1
7.241379E-1,-1.409450E1,-1.300904E1,-3.508044E1,-1.237533E1,8.052928E0,-9.665928E0,1.363539E1,6.066656E0,-2.401591E1,2.160168E1
7.586207E-1,-1.410004E1,-1.299615E1,-3.513178E1,-1.232904E1,8.019845E0,-9.658633E0,1.364265E1,6.035933E0,-2.399113E1,2.160791E1
7.931034E-1,-1.403031E1,-1.297604E1,-3.511198E1,-1.234477E1,7.936986E0,-9.685103E0,1.364494E1,6.059127E0,-2.401578E1,2.161393E1
8.275862E-1,-1.399518E1,-1.298462E1,-3.514253E1,-1.231619E1,7.951547E0,-9.650114E0,1.365617E1,6.013020E0,-2.400246E1,2.162827E1
8.620690E-1,-1.399849E1,-1.306884E1,-3.517978E1,-1.230478E1,7.998098E0,-9.688679E0,1.366904E1,6.006174E0,-2.396856E1,2.156232E1
8.965517E-1,-1.399645E1,-1.301969E1,-3.520403E1,-1.220472E1,8.031722E0,-9.670464E0,1.365079E1,6.090447E0,-2.397509E1,2.160808E1
9.310345E-1,-1.403518E1,-1.301575E1,-3.523126E1,-1.223482E1,8.099626E0,-9.664149E0,1.360877E1,6.053675E0,-2.400723E1,2.162385E1
9.655172E-1,-1.395487E1,-1.300979E1,-3.521233E1,-1.221870E1,8.128349E0,-9.620419E0,1.352036E1,5.960605E0,-2.406049E1,2.159516E1
1.000000E0,-1.394819E1,-1.299030E1,-3.520817E1,-1.225402E1,8.031452E0,-9.559977E0,1.348768E1,5.958177E0,-2.410086E1,2.163258E1
1.034483E0,-1.392194E1,-1.300238E1,-3.519999E1,-1.219341E1,8.069148E0,-9.587594E0,1.353032E1,5.959860E0,-2.411240E1,2.164818E1
1.068966E0,-1.391959E1,-1.298685E1,-3.524864E1,-1.226424E1,8.074927E0,-9.603365E0,1.343660E1,5.960090E0,-2.415314E1,2.167426E1
1.103448E0,-1.396036E1,-1.299181E1,-3.527624E1,-1.229437E1,8.071361E0,-9.560918E0,1.345803E1,5.958028E0,-2.416562E1,2.169822E1
1.137931E0,-1.394260E1,-1.297934E1,-3.527235E1,-1.226563E1,8.025135E0,-9.620015E0,1.345100E1,5.985368E0,-2.409595E1,2.168703E1
1.172414E0,-1.391989E1,-1.305620E1,-3.524048E1,-1.234781E1,8.037170E0,-9.540680E0,1.345378E1,5.942466E0,-2.409560E1,2.163930E1
1.206897E0,-1.392517E1,-1.303903E1,-3.525281E1,-1.228408E1,8.022155E0,-9.497116E0,1.348474E1,5.954885E0,-2.409828E1,2.172241E1
1.241379E0,-1.394170E1,-1.304765E1,-3.525236E1,-1.226869E1,8.043346E0,-9.498489E0,1.349073E1,6.082348E0,-2.409181E1,2.176205E1
1.275862E0,-1.395975E1,-1.308759E1,-3.520645E1,-1.231353E1,7.963810E0,-9.496374E0,1.351328E1,6.084511E0,-2.408308E1,2.166908E1
1.310345E0,-1.396071E1,-1.311815E1,-3.519139E1,-1.237920E1,7.975524E0,-9.506208E0,1.354926E1,6.060916E0,-2.407813E1,2.165019E1
1.344828E0,-1.393890E1,-1.308040E1,-3.521128E1,-1.231036E1,7.986685E0,-9.508642E0,1.364746E1,6.133033E0,-2.411923E1,2.171568E1
1.379310E0,-1.392708E1,-1.308331E1,-3.521743E1,-1.227524E1,7.959113E0,-9.441386E0,1.367788E1,6.101857E0,-2.412721E1,2.170026E1
1.413793E0,-1.395755E1,-1.313036E1,-3.525266E1,-1.232197E1,7.870208E0,-9.452104E0,1.363889E1,6.046641E0,-2.416727E1,2.166628E1
1.448276E0,-1.396667E1,-1.317580E1,-3.523026E1,-1.227357E1,7.923276E0,-9.464874E0,1.368201E1,6.042999E0,-2.411195E1,2.174221E1
1.482759E0,-1.391764E1,-1.321681E1,-3.517616E1,-1.231369E1,7.920384E0,-9.441756E0,1.361402E1,6.002287E0,-2.411664E1,2.175801E1
1.517241E0,-1.395814E1,-1.319084E1,-3.523013E1,-1.230108E1,7.926550E0,-9.449714E0,1.361012E1,6.032057E0,-2.419646E1,2.172372E1
1.551724E0,-1.394051E1,-1.317317E1,-3.517033E1,-1.231093E1,7.950567E0,-9.472820E0,1.357571E1,6.083118E0,-2.422261E1,2.172321E1
1.586207E0,-1.387877E1,-1.318795E1,-3.518670E1,-1.232811E1,7.966968E0,-9.433932E0,1.358624E1,6.113280E0,-2.420377E1,2.175874E1
1.620690E0,-1.384117E1,-1.314239E1,-3.520330E1,-1.239010E1,7.986197E0,-9.409736E0,1.357832E1,6.067961E0,-2.420957E1,2.174681E1
1.655172E0,-1.386781E1,-1.323808E1,-3.522007E1,-1.233427E1,7.894038E0,-9.399860E0,1.354857E1,6.124775E0,-2.419409E1,2.172405E1
1.689655E0,-1.382569E1,-1.320199E1,-3.519357E1,-1.232174E1,7.890660E0,-9.391945E0,1.361624E1,6.072826E0,-2.418098E1,2.171896E1
1.724138E0,-1.380155E1,-1.316724E1,-3.519504E1,-1.226960E1,7.894549E0,-9.411520E0,1.356340E1,6.116628E0,-2.420698E1,2.174378E1
1.758621E0,-1.384611E1,-1.318074E1,-3.519899E1,-1.231746E1,7.895052E0,-9.454079E0,1.362593E1,6.086460E0,-2.421467E1,2.172869E1
1.793103E0,-1.387120E1,-1.325750E1,-3.520442E1,-1.226796E1,7.899432E0,-9.476975E0,1.369367E1,6.149078E0,-2.421534E1,2.176284E1
1.827586E0,-1.387478E1,-1.326287E1,-3.518175E1,-1.227416E1,7.858553E0,-9.405087E0,1.372973E1,6.121556E0,-2.417346E1,2.174062E1
1.862069E0,-1.391437E1,-1.322402E1,-3.522596E1,-1.223780E1,7.855981E0,-9.398182E0,1.376329E1,6.137537E0,-2.413104E1,2.180191E1
1.896552E0,-1.391643E1,-1.323386E1,-3.523604E1,-1.221423E1,7.796939E0,-9.437293E0,1.378006E1,6.207310E0,-2.415410E1,2.184145E1
1.931034E0,-1.391478E1,-1.322729E1,-3.527709E1,-1.224635E1,7.808417E0,-9.452538E0,1.375984E1,6.224812E0,-2.411829E1,2.182529E1
1.965517E0,-1.394514E1,-1.319449E1,-3.526898E1,-1.222993E1,7.775327E0,-9.438294E0,1.380444E1,6.226251E0,-2.415891E1,2.183696E1
2.000000E0,-1.392412E1,-1.323595E1,-3.528598E1,-1.231512E1,7.819872E0,-9.448296E0,1.382029E1,6.303279E0,-2.417836E1,2.173263E1
2.034483E0,-1.395570E1,-1.319116E1,-3.525693E1,-1.222381E1,7.742844E0,-9.442469E0,1.383599E1,6.321092E0,-2.419602E1,2.175484E1
2.068966E0,-1.387197E1,-1.321682E1,-3.528617E1,-1.218361E1,7.752258E0,-9.409892E0,1.387593E1,6.263862E0,-2.423401E1,2.172928E1
2.103448E0,-1.388236E1,-1.321673E1,-3.527372E1,-1.224311E1,7.794757E0,-9.351464E0,1.387392E1,6.241995E0,-2.422334E1,2.168211E1
2.137931E0,-1.385268E1,-1.322757E1,-3.522108E1,-1.228067E1,7.777735E0,-9.420268E0,1.382137E1,6.231935E0,-2.423479E1,2.165685E1
2.172414E0,-1.386820E1,-1.318930E1,-3.514884E1,-1.226701E1,7.787125E0,-9.437332E0,1.381434E1,6.239981E0,-2.419732E1,2.167033E1
2.206897E0,-1.388315E1,-1.320077E1,-3.516193E1,-1.231366E1,7.791470E0,-9.449338E0,1.378558E1,6.219362E0,-2.420675E1,2.167058E1
2.241379E0,-1.392791E1,-1.319072E1,-3.516387E1,-1.228983E1,7.844595E0,-9.476147E0,1.375391E1,6.218300E0,-2.426591E1,2.166730E1
2.275862E0,-1.390841E1,-1.322873E1,-3.513376E1,-1.230608E1,7.807814E0,-9.452688E0,1.378522E1,6.242983E0,-2.428033E1,2.166426E1
2.310345E0,-1.391682E1,-1.320220E1,-3.516376E1,-1.232056E1,7.787775E0,-9.477135E0,1.375490E1,6.225127E0,-2.425838E1,2.165900E1
2.344828E0,-1.393813E1,-1.319369E1,-3.513959E1,-1.229063E1,7.713494E0,-9.405195E0,1.383784E1,6.274931E0,-2.424370E1,2.169635E1
2.379310E0,-1.394721E1,-1.319462E1,-3.513207E1,-1.228461E1,7.725410E0,-9.335155E0,1.382200E1,6.310188E0,-2.431866E1,2.173129E1
2.413793E0,-1.394853E1,-1.324753E1,-3.515942E1,-1.228865E1,7.775057E0,-9.368844E0,1.381722E1,6.312973E0,-2.434499E1,2.170074E1
2.448276E0,-1.390494E1,-1.325285E1,-3.510644E1,-1.230486E1,7.739030E0,-9.351413E0,1.384618E1,6.287640E0,-2.436428E1,2.172692E1
2.482759E0,-1.389526E1,-1.324243E1,-3.515871E1,-1.227106E1,7.697320E0,-9.320743E0,1.386536E1,6.283136E0,-2.432690E1,2.174639E1
2.517241E0,-1.385669E1,-1.324179E1,-3.515539E1,-1.233966E1,7.730756E0,-9.365652E0,1.383694E1,6.346114E0,-2.434772E1,2.173987E1
2.551724E0,-1.380378E1,-1.325655E1,-3.506873E1,-1.237047E1,7.727776E0,-9.342857E0,1.387543E1,6.367309E0,-2.427868E1,2.171228E1
2.586207E0,-1.376149E1,-1.324053E1,-3.507415E1,-1.232362E1,7.748144E0,-9.284952E0,1.390340E1,6.364616E0,-2.426643E1,2.173189E1
2.620690E0,-1.373297E1,-1.318937E1,-3.508030E1,-1.228590E1,7.786012E0,-9.315112E0,1.390506E1,6.361856E0,-2.426833E1,2.173885E1
2.655172E0,-1.375159E1,-1.322214E1,-3.505960E1,-1.231005E1,7.747033E0,-9.297459E0,1.392045E1,6.427052E0,-2.427387E1,2.174889E1
2.689655E0,-1.371229E1,-1.324002E1,-3.500603E1,-1.233498E1,7.701324E0,-9.355256E0,1.386512E1,6.470735E0,-2.426691E1,2.171651E1
2.724138E0,-1.372170E1,-1.323978E1,-3.506613E1,-1.237897E1,7.695235E0,-9.410673E0,1.388698E1,6.441370E0,-2.430107E1,2.174526E1
2.758621E0,-1.373689E1,-1.323715E1,-3.497720E1,-1.238741E1,7.691774E0,-9.371111E0,1.387475E1,6.446234E0,-2.433604E1,2.174513E1
2.793103E0,-1.377056E1,-1.319535E1,-3.503187E1,-1.232762E1,7.676609E0,-9.392616E0,1.389976E1,6.370895E0,-2.431733E1,2.170104E1
2.827586E0,-1.384195E1,-1.321361E1,-3.508032E1,-1.234695E1,7.719489E0,-9.355112E0,1.388204E1,6.372053E0,-2.433436E1,2.169158E1
2.862069E0,-1.388205E1,-1.326062E1,-3.509674E1,-1.233392E1,7.670385E0,-9.401836E0,1.381459E1,6.346400E0,-2.431557E1,2.168558E1
2.896552E0,-1.379817E1,-1.328485E1,-3.510621E1,-1.233703E1,7.619342E0,-9.378275E0,1.376434E1,6.416456E0,-2.431077E1,2.167485E1
2.931034E0,-1.382536E1,-1.325060E1,-3.516665E1,-1.233844E1,7.568138E0,-9.332880E0,1.378224E1,6.495414E0,-2.428829E1,2.164709E1
2.965517E0,-1.383333E1,-1.330960E1,-3.519797E1,-1.239946E1,7.570627E0,-9.299371E0,1.377698E1,6.478910E0,-2.421795E1,2.167763E1
3.000000E0,-1.385855E1,-1.339841E1,-3.521158E1,-1.244067E1,7.540222E0,-9.324377E0,1.382981E1,6.508687E0,-2.418626E1,2.162269E1
3.034483E0,-1.383276E1,-1.339852E1,-3.520663E1,-1.244494E1,7.541394E0,-9.316088E0,1.386147E1,6.522838E0,-2.416127E1,2.160118E1
3.068966E0,-1.378197E1,-1.343661E1,-3.518783E1,-1.238020E1,7.520211E0,-9.250509E0,1.388004E1,6.497442E0,-2.414376E1,2.161219E1
3.103448E0,-1.382968E1,-1.346573E1,-3.520965E1,-1.239093E1,7.525124E0,-9.293477E0,1.382174E1,6.463124E0,-2.420272E1,2.164889E1
3.137931E0,-1.379604E1,-1.344629E1,-3.523557E1,-1.232174E1,7.503351E0,-9.300278E0,1.379175E1,6.419622E0,-2.420944E1,2.164204E1
3.172414E0,-1.385339E1,-1.344279E1,-3.527314E1,-1.229614E1,7.519917E0,-9.324910E0,1.380974E1,6.403194E0,-2.420053E1,2.168234E1
3.206897E0,-1.386459E1,-1.342451E1,-3.525696E1,-1.228471E1,7.556893E0,-9.330657E0,1.373850E1,6.455252E0,-2.422382E1,2.165681E1
3.241379E0,-1.388375E1,-1.343164E1,-3.526502E1,-1.230110E1,7.505246E0,-9.295475E0,1.370346E1,6.433801E0,-2.424126E1,2.168858E1
3.275862E0,-1.386296E1,-1.336361E1,-3.529164E1,-1.229117E1,7.538134E0,-9.302220E0,1.368850E1,6.459617E0,-2.420352E1,2.166341E1
3.310345E0,-1.388546E1,-1.338735E1,-3.525787E1,-1.229024E1,7.576778E0,-9.278204E0,1.374627E1,6.442920E0,-2.421842E1,2.167133E1
3.344828E0,-1.383552E1,-1.339088E1,-3.527721E1,-1.229594E1,7.654365E0,-9.216742E0,1.372235E1,6.440222E0,-2.414817E1,2.167507E1
3.379310E0,-1.386786E1,-1.342484E1,-3.527441E1,-1.230822E1,7.694938E0,-9.223907E0,1.373290E1,6.507928E0,-2.415264E1,2.166604E1
3.413793E0,-1.382101E1,-1.339656E1,-3.521657E1,-1.231180E1,7.723932E0,-9.206840E0,1.372657E1,6.464954E0,-2.413977E1,2.167305E1
3.448276E0,-1.379368E1,-1.343479E1,-3.518223E1,-1.230254E1,7.788145E0,-9.193845E0,1.372149E1,6.377164E0,-2.416953E1,2.165636E1
3.482759E0,-1.384946E1,-1.338826E1,-3.519145E1,-1.229426E1,7.828296E0,-9.126878E0,1.365683E1,6.375341E0,-2.414682E1,2.177295E1
3.517241E0,-1.384710E1,-1.342011E1,-3.524812E1,-1.223196E1,7.827083E0,-9.075318E0,1.362806E1,6.361510E0,-2.414076E1,2.177142E1
3.551724E0,-1.385951E1,-1.341195E1,-3.528812E1,-1.216703E1,7.772786E0,-9.103358E0,1.365651E1,6.335128E0,-2.415257E1,2.169566E1
3.586207E0,-1.385435E1,-1.342928E1,-3.527177E1,-1.215158E1,7.753719E0,-9.118453E0,1.365685E1,6.384951E0,-2.415674E1,2.163637E1
3.620690E0,-1.384379E1,-1.339254E1,-3.521149E1,-1.212353E1,7.739236E0,-9.128100E0,1.369406E1,6.375564E0,-2.412725E1,2.159805E1
3.655172E0,-1.384712E1,-1.342624E1,-3.511837E1,-1.216445E1,7.747770E0,-9.095336E0,1.374985E1,6.369220E0,-2.413285E1,2.164385E1
3.689655E0,-1.386270E1,-1.343805E1,-3.515247E1,-1.214506E1,7.831665E0,-9.113595E0,1.379183E1,6.331776E0,-2.416115E1,2.167723E1
3.724138E0,-1.384624E1,-1.345650E1,-3.514230E1,-1.213915E1,7.825892E0,-9.079738E0,1.372504E1,6.310696E0,-2.414669E1,2.168611E1
3.758621E0,-1.386209E1,-1.346716E1,-3.511815E1,-1.213289E1,7.862101E0,-9.165837E0,1.372262E1,6.349877E0,-2.413053E1,2.168562E1
3.793103E0,-1.380550E1,-1.343246E1,-3.511778E1,-1.211751E1,7.809780E0,-9.184430E0,1.369405E1,6.338737E0,-2.414258E1,2.171283E1
3.827586E0,-1.380115E1,-1.342828E1,-3.517185E1,-1.211090E1,7.831649E0,-9.173944E0,1.370807E1,6.367707E0,-2.415172E1,2.172371E1
3.862069E0,-1.378456E1,-1.348576E1,-3.519653E1,-1.206890E1,7.837570E0,-9.189272E0,1.369956E1,6.421072E0,-2.412943E1,2.175799E1
3.896552E0,-1.379371E1,-1.344901E1,-3.518436E1,-1.208888E1,7.914167E0,-9.168839E0,1.373219E1,6.445608E0,-2.413327E1,2.175388E1
3.931034E0,-1.384645E1,-1.347088E1,-3.522099E1,-1.206378E1,7.892068E0,-9.202633E0,1.367740E1,6.407643E0,-2.414358E1,2.177139E1
3.965517E0,-1.386329E1,-1.348153E1,-3.522610E1,-1.207844E1,7.879349E0,-9.089840E0,1.366367E1,6.435412E0,-2.412680E1,2.168497E1
4.000000E0,-1.387806E1,-1.347913E1,-3.517519E1,-1.209587E1,7.869620E0,-9.103477E0,1.368760E1,6.491055E0,-2.426888E1,2.167770E1
4.034483E0,-1.386168E1,-1.343997E1,-3.522616E1,-1.207793E1,7.944139E0,-9.212978E0,1.372585E1,6.497104E0,-2.423985E1,2.169089E1
4.068966E0,-1.385487E1,-1.343563E1,-3.518282E1,-1.217891E1,8.008941E0,-9.288575E0,1.371409E1,6.505564E0,-2.429477E1,2.168758E1
4.103448E0,-1.385724E1,-1.342863E1,-3.520007E1,-1.210593E1,7.988615E0,-9.303981E0,1.372140E1,6.509120E0,-2.430838E1,2.169300E1
4.137931E0,-1.389438E1,-1.335699E1,-3.518942E1,-1.208092E1,7.932527E0,-9.281221E0,1.361441E1,6.521005E0,-2.425715E1,2.175186E1
4.172414E0,-1.390585E1,-1.333004E1,-3.520885E1,-1.207638E1,7.888402E0,-9.300249E0,1.355904E1,6.416802E0,-2.427339E1,2.174676E1
4.206897E0,-1.392855E1,-1.334627E1,-3.520133E1,-1.210942E1,7.884537E0,-9.376298E0,1.355541E1,6.419830E0,-2.425614E1,2.167969E1
4.241379E0,-1.395507E1,-1.337742E1,-3.519121E1,-1.211425E1,7.896804E0,-9.380407E0,1.358708E1,6.449503E0,-2.425738E1,2.169318E1
4.275862E0,-1.391730E1,-1.338531E1,-3.521657E1,-1.209947E1,7.834346E0,-9.392327E0,1.358224E1,6.455956E0,-2.425394E1,2.167349E1
4.310345E0,-1.395118E1,-1.345974E1,-3.519411E1,-1.208619E1,7.805822E0,-9.365177E0,1.358839E1,6.388109E0,-2.427523E1,2.166970E1
4.344828E0,-1.394255E1,-1.342866E1,-3.523498E1,-1.207299E1,7.768675E0,-9.335690E0,1.362465E1,6.433420E0,-2.426854E1,2.170124E1
4.379310E0,-1.397803E1,-1.345751E1,-3.530339E1,-1.208912E1,7.708010E0,-9.359666E0,1.359142E1,6.374525E0,-2.425695E1,2.163862E1
4.413793E0,-1.396394E1,-1.349888E1,-3.534746E1,-1.211858E1,7.661747E0,-9.369439E0,1.357018E1,6.346917E0,-2.426036E1,2.167881E1
4.448276E0,-1.393182E1,-1.346113E1,-3.537613E1,-1.202709E1,7.634314E0,-9.367195E0,1.355577E1,6.429323E0,-2.427478E1,2.169740E1
4.482759E0,-1.391579E1,-1.348711E1,-3.541676E1,-1.200202E1,7.674161E0,-9.419719E0,1.354033E1,6.465763E0,-2.425692E1,2.172187E1
4.517241E0,-1.390533E1,-1.354111E1,-3.545712E1,-1.205022E1,7.687349E0,-9.491977E0,1.354600E1,6.519351E0,-2.436476E1,2.173856E1
4.551724E0,-1.389842E1,-1.349954E1,-3.548658E1,-1.199980E1,7.693018E0,-9.511073E0,1.358229E1,6.506983E0,-2.433428E1,2.175742E1
4.586207E0,-1.388116E1,-1.344663E1,-3.545137E1,-1.202984E1,7.673469E0,-9.463786E0,1.360179E1,6.554473E0,-2.428144E1,2.171451E1
4.620690E0,-1.388258E1,-1.351160E1,-3.548571E1,-1.204026E1,7.632883E0,-9.435506E0,1.354586E1,6.517884E0,-2.427687E1,2.173302E1
4.655172E0,-1.387544E1,-1.347594E1,-3.546872E1,-1.203134E1,7.609008E0,-9.402184E0,1.350038E1,6.471236E0,-2.426715E1,2.170495E1
4.689655E0,-1.383631E1,-1.336454E1,-3.547011E1,-1.196620E1,7.550641E0,-9.311351E0,1.355028E1,6.547010E0,-2.434023E1,2.164823E1
4.724138E0,-1.385724E1,-1.335872E1,-3.548771E1,-1.195152E1,7.553529E0,-9.308015E0,1.359534E1,6.653926E0,-2.433459E1,2.165870E1
4.758621E0,-1.384250E1,-1.341076E1,-3.541241E1,-1.197215E1,7.550491E0,-9.358915E0,1.357530E1,6.592905E0,-2.433714E1,2.162069E1
4.793103E0,-1.385451E1,-1.339621E1,-3.539167E1,-1.187585E1,7.608848E0,-9.367487E0,1.367002E1,6.636875E0,-2.434468E1,2.165231E1
4.827586E0,-1.384724E1,-1.337870E1,-3.544572E1,-1.184798E1,7.640864E0,-9.360879E0,1.371166E1,6.707772E0,-2.438318E1,2.171167E1
4.862069E0,-1.385939E1,-1.347265E1,-3.548409E1,-1.192684E1,7.640774E0,-9.416669E0,1.372207E1,6.671092E0,-2.444990E1,2.161429E1
4.896552E0,-1.386316E1,-1.347492E1,-3.548709E1,-1.192048E1,7.605614E0,-9.469554E0,1.372065E1,6.682935E0,-2.449232E1,2.169372E1
4.931034E0,-1.381843E1,-1.343922E1,-3.544281E1,-1.191734E1,7.677204E0,-9.358496E0,1.374881E1,6.735790E0,-2.446057E1,2.177659E1
4.965517E0,-1.379907E1,-1.348785E1,-3.547804E1,-1.199390E1,7.701193E0,-9.474982E0,1.376969E1,6.709140E0,-2.444955E1,2.174955E1
5.000000E0,-1.380061E1,-1.343159E1,-3.545952E1,-1.205423E1,7.683274E0,-9.459422E0,1.378031E1,6.723789E0,-2.447390E1,2.174181E1
5.034483E0,-1.373526E1,-1.335903E1,-3.546868E1,-1.199994E1,7.653727E0,-9.378487E0,1.379706E1,6.773960E0,-2.451094E1,2.176098E1
5.068966E0,-1.376939E1,-1.341881E1,-3.546621E1,-1.205258E1,7.711496E0,-9.332902E0,1.381365E1,6.807004E0,-2.450078E1,2.172529E1
5.103448E0,-1.376070E1,-1.338977E1,-3.544425E1,-1.211234E1,7.636033E0,-9.362721E0,1.383354E1,6.779516E0,-2.445139E1,2.172825E1
5.137931E0,-1.374901E1,-1.336955E1,-3.547172E1,-1.203060E1,7.607056E0,-9.370620E0,1.382434E1,6.831258E0,-2.444555E1,2.174520E1
5.172414E0,-1.373210E1,-1.336309E1,-3.548589E1,-1.200875E1,7.600642E0,-9.410540E0,1.381770E1,6.923799E0,-2.442944E1,2.170671E1
5.206897E0,-1.370915E1,-1.337499E1,-3.546299E1,-1.205137E1,7.666127E0,-9.384355E0,1.381593E1,6.870587E0,-2.442292E1,2.170883E1
5.241379E0,-1.370797E1,-1.326583E1,-3.549880E1,-1.210310E1,7.807926E0,-9.334717E0,1.383747E1,6.900694E0,-2.434623E1,2.180128E1
5.275862E0,-1.377100E1,-1.325667E1,-3.547254E1,-1.205615E1,7.794491E0,-9.304787E0,1.387477E1,6.904955E0,-2.431777E1,2.178763E1
5.310345E0,-1.383615E1,-1.333529E1,-3.546058E1,-1.210805E1,7.774416E0,-9.343988E0,1.384954E1,6.862648E0,-2.437266E1,2.180311E1
5.344828E0,-1.391065E1,-1.334955E1,-3.548488E1,-1.208295E1,7.743702E0,-9.289545E0,1.381284E1,6.849708E0,-2.435306E1,2.182441E1
5.379310E0,-1.394412E1,-1.335873E1,-3.550915E1,-1.211552E1,7.746865E0,-9.218891E0,1.382082E1,6.902301E0,-2.439102E1,2.189119E1
5.413793E0,-1.390865E1,-1.336022E1,-3.550128E1,-1.205029E1,7.746235E0,-9.259800E0,1.379663E1,6.940654E0,-2.441141E1,2.189049E1
5.448276E0,-1.389728E1,-1.333759E1,-3.546414E1,-1.203175E1,7.718354E0,-9.232548E0,1.382053E1,6.903320E0,-2.438177E1,2.190547E1
5.482759E0,-1.385158E1,-1.338391E1,-3.545023E1,-1.199593E1,7.644364E0,-9.140473E0,1.378770E1,6.937436E0,-2.439967E1,2.190288E1
5.517241E0,-1.389588E1,-1.337180E1,-3.549722E1,-1.199771E1,7.506957E0,-9.088102E0,1.381434E1,6.951448E0,-2.440640E1,2.188654E1
5.551724E0,-1.387340E1,-1.337014E1,-3.549741E1,-1.201131E1,7.418290E0,-9.110007E0,1.381857E1,6.975745E0,-2.440138E1,2.186828E1
5.586207E0,-1.387761E1,-1.334858E1,-3.545508E1,-1.203391E1,7.421545E0,-9.044837E0,1.379763E1,6.958159E0,-2.447229E1,2.184623E1
5.620690E0,-1.387786E1,-1.328464E1,-3.545255E1,-1.202930E1,7.434657E0,-8.954024E0,1.378013E1,6.959476E0,-2.445451E1,2.194616E1
5.655172E0,-1.386796E1,-1.326663E1,-3.548729E1,-1.197466E1,7.510492E0,-8.990011E0,1.381701E1,6.971590E0,-2.446242E1,2.194273E1
5.689655E0,-1.387058E1,-1.331779E1,-3.549768E1,-1.196371E1,7.540783E0,-9.041880E0,1.384778E1,7.025880E0,-2.448637E1,2.192500E1
5.724138E0,-1.384323E1,-1.334409E1,-3.547698E1,-1.194225E1,7.548765E0,-9.020949E0,1.383384E1,7.033034E0,-2.453474E1,2.202774E1
5.758621E0,-1.385708E1,-1.332497E1,-3.543923E1,-1.191099E1,7.499327E0,-9.048851E0,1.386870E1,7.019465E0,-2.452721E1,2.202203E1
5.793103E0,-1.385266E1,-1.337390E1,-3.546726E1,-1.190966E1,7.458496E0,-9.037839E0,1.383435E1,6.901294E0,-2.455206E1,2.198555E1
5.827586E0,-1.390800E1,-1.333768E1,-3.542199E1,-1.186236E1,7.503244E0,-8.949365E0,1.379171E1,7.044097E0,-2.456122E1,2.201557E1
5.862069E0,-1.392382E1,-1.328759E1,-3.543635E1,-1.185954E1,7.486951E0,-8.950477E0,1.376917E1,7.128051E0,-2.457214E1,2.195916E1
5.896552E0,-1.395014E1,-1.329734E1,-3.545452E1,-1.189920E1,7.482235E0,-9.002326E0,1.379851E1,7.134790E0,-2.455774E1,2.194245E1
5.931034E0,-1.394655E1,-1.328204E1,-3.546715E1,-1.189145E1,7.482902E0,-9.001085E0,1.379264E1,7.125649E0,-2.455438E1,2.190651E1
5.965517E0,-1.393346E1,-1.325008E1,-3.541184E1,-1.187084E1,7.550382E0,-8.914448E0,1.384047E1,7.192856E0,-2.454783E1,2.193556E1
6.000000E0,-1.390819E1,-1.333535E1,-3.542155E1,-1.184498E1,7.519397E0,-8.880364E0,1.389417E1,7.199036E0,-2.456504E1,2.193055E1
6.034483E0,-1.394999E1,-1.335704E1,-3.540383E1,-1.186477E1,7.503372E0,-8.855715E0,1.389174E1,7.172827E0,-2.452183E1,2.191787E1
6.068966E0,-1.389437E1,-1.332741E1,-3.543424E1,-1.186574E1,7.451289E0,-8.822356E0,1.387862E1,7.229401E0,-2.452133E1,2.198519E1
6.103448E0,-1.391659E1,-1.331021E1,-3.541320E1,-1.186744E1,7.435122E0,-8.851303E0,1.380622E1,7.187231E0,-2.460530E1,2.199010E1
6.137931E0,-1.392210E1,-1.336226E1,-3.545346E1,-1.190162E1,7.333185E0,-8.795484E0,1.382755E1,7.201500E0,-2.463885E1,2.199033E1
6.172414E0,-1.392898E1,-1.334279E1,-3.546918E1,-1.186066E1,7.383088E0,-8.780121E0,1.384644E1,7.234960E0,-2.459707E1,2.205349E1
6.206897E0,-1.395700E1,-1.335696E1,-3.549558E1,-1.189473E1,7.397602E0,-8.735324E0,1.390862E1,7.209546E0,-2.464017E1,2.214815E1
6.241379E0,-1.391294E1,-1.338614E1,-3.550187E1,-1.192102E1,7.403507E0,-8.761439E0,1.391499E1,7.113893E0,-2.464964E1,2.211966E1
6.275862E0,-1.390312E1,-1.343367E1,-3.546855E1,-1.194944E1,7.404410E0,-8.778366E0,1.394092E1,7.091706E0,-2.460798E1,2.215958E1
6.310345E0,-1.396837E1,-1.339369E1,-3.547851E1,-1.194015E1,7.383702E0,-8.687939E0,1.390754E1,7.113740E0,-2.459175E1,2.213862E1
6.344828E0,-1.391655E1,-1.343010E1,-3.550299E1,-1.195505E1,7.345090E0,-8.734834E0,1.395252E1,7.076381E0,-2.463192E1,2.215702E1
6.379310E0,-1.398593E1,-1.345014E1,-3.544247E1,-1.195266E1,7.364998E0,-8.787034E0,1.396782E1,7.076956E0,-2.463314E1,2.214808E1
6.413793E0,-1.393802E1,-1.342441E1,-3.548611E1,-1.193817E1,7.353337E0,-8.651053E0,1.401791E1,7.025496E0,-2.459641E1,2.218095E1
6.448276E0,-1.394601E1,-1.343590E1,-3.546310E1,-1.197259E1,7.281170E0,-8.590309E0,1.391864E1,7.097765E0,-2.456471E1,2.209560E1
6.482759E0,-1.399733E1,-1.341608E1,-3.547498E1,-1.196439E1,7.250812E0,-8.572185E0,1.391833E1,7.147121E0,-2.451212E1,2.202378E1
6.517241E0,-1.400557E1,-1.341256E1,-3.549717E1,-1.195729E1,7.227092E0,-8.561771E0,1.393023E1,7.218024E0,-2.449284E1,2.198785E1
6.551724E0,-1.406661E1,-1.339399E1,-3.547709E1,-1.192783E1,7.215463E0,-8.468858E0,1.392527E1,7.165140E0,-2.447814E1,2.203999E1
6.586207E0,-1.402505E1,-1.340428E1,-3.547240E1,-1.194400E1,7.269060E0,-8.474850E0,1.396652E1,7.245907E0,-2.447920E1,2.201144E1
6.620690E0,-1.394097E1,-1.336243E1,-3.541745E1,-1.195929E1,7.209238E0,-8.497778E0,1.409962E1,7.329687E0,-2.447943E1,2.204261E1
6.655172E0,-1.394446E1,-1.334852E1,-3.542168E1,-1.192404E1,7.250072E0,-8.497830E0,1.420083E1,7.288517E0,-2.450354E1,2.199938E1
6.689655E0,-1.399111E1,-1.337133E1,-3.542049E1,-1.195956E1,7.269748E0,-8.459437E0,1.416532E1,7.231525E0,-2.446127E1,2.200061E1
6.724138E0,-1.399963E1,-1.332449E1,-3.541311E1,-1.195494E1,7.264669E0,-8.505504E0,1.421223E1,7.230875E0,-2.446713E1,2.204077E1
6.758621E0,-1.399377E1,-1.330081E1,-3.542296E1,-1.196801E1,7.268238E0,-8.464590E0,1.421461E1,7.267685E0,-2.450322E1,2.199985E1
6.793103E0,-1.401425E1,-1.331152E1,-3.533279E1,-1.198630E1,7.263104E0,-8.475743E0,1.419532E1,7.230271E0,-2.447159E1,2.198656E1
6.827586E0,-1.397859E1,-1.336009E1,-3.532184E1,-1.199566E1,7.284267E0,-8.489167E0,1.413027E1,7.306502E0,-2.449864E1,2.208225E1
6.862069E0,-1.402178E1,-1.330898E1,-3.530942E1,-1.199584E1,7.292198E0,-8.467843E0,1.414741E1,7.291468E0,-2.447839E1,2.210267E1
6.896552E0,-1.401447E1,-1.333891E1,-3.542087E1,-1.208119E1,7.228204E0,-8.504572E0,1.416331E1,7.196396E0,-2.453458E1,2.207534E1
6.931034E0,-1.400733E1,-1.337244E1,-3.540415E1,-1.204233E1,7.226797E0,-8.457849E0,1.413365E1,7.185802E0,-2.454940E1,2.208258E1
6.965517E0,-1.406238E1,-1.335565E1,-3.544631E1,-1.202088E1,7.190874E0,-8.462560E0,1.416643E1,7.261113E0,-2.451000E1,2.209461E1
7.000000E0,-1.405818E1,-1.332218E1,-3.552731E1,-1.197531E1,7.244785E0,-8.491244E0,1.416979E1,7.313706E0,-2.443281E1,2.204452E1
7.034483E0,-1.406070E1,-1.335736E1,-3.555208E1,-1.194719E1,7.240639E0,-8.490987E0,1.424486E1,7.221681E0,-2.441861E1,2.203092E1
7.068966E0,-1.407752E1,-1.328517E1,-3.546778E1,-1.194307E1,7.254590E0,-8.524745E0,1.423926E1,7.164229E0,-2.439612E1,2.199992E1
7.103448E0,-1.409878E1,-1.330965E1,-3.549894E1,-1.195971E1,7.278483E0,-8.505627E0,1.426967E1,7.234724E0,-2.441720E1,2.204065E1
7.137931E0,-1.408577E1,-1.328291E1,-3.541823E1,-1.197741E1,7.283537E0,-8.438439E0,1.432582E1,7.265821E0,-2.442563E1,2.196929E1
7.172414E0,-1.409379E1,-1.325434E1,-3.538274E1,-1.194297E1,7.287721E0,-8.429680E0,1.434982E1,7.231467E0,-2.438710E1,2.191547E1
7.206897E0,-1.403906E1,-1.326925E1,-3.541698E1,-1.192618E1,7.259225E0,-8.384622E0,1.439028E1,7.249095E0,-2.442572E1,2.195796E1
7.241379E0,-1.410930E1,-1.328243E1,-3.540514E1,-1.191340E1,7.216732E0,-8.338133E0,1.441123E1,7.197493E0,-2.443346E1,2.197689E1
7.275862E0,-1.413751E1,-1.328828E1,-3.540374E1,-1.198849E1,7.206761E0,-8.297230E0,1.444182E1,7.143047E0,-2.441022E1,2.193406E1
7.310345E0,-1.413432E1,-1.328073E1,-3.539933E1,-1.201905E1,7.158882E0,-8.235962E0,1.446736E1,7.137179E0,-2.438672E1,2.192653E1
7.344828E0,-1.407673E1,-1.322769E1,-3.543139E1,-1.199785E1,7.090612E0,-8.236075E0,1.445638E1,7.123300E0,-2.435319E1,2.196211E1
7.379310E0,-1.411785E1,-1.319926E1,-3.540346E1,-1.212222E1,7.092374E0,-8.200352E0,1.443165E1,7.146358E0,-2.435069E1,2.193150E1
7.413793E0,-1.415008E1,-1.321665E1,-3.540658E1,-1.213323E1,7.077302E0,-8.102890E0,1.436500E1,7.132914E0,-2.432111E1,2.194305E1
7.448276E0,-1.413219E1,-1.316823E1,-3.539287E1,-1.213324E1,7.076771E0,-8.098120E0,1.436501E1,7.149608E0,-2.434274E1,2.198022E1
7.482759E0,-1.415345E1,-1.315900E1,-3.537287E1,-1.213681E1,7.134846E0,-8.108346E0,1.430693E1,7.111557E0,-2.432996E1,2.195343E1
7.517241E0,-1.412968E1,-1.314086E1,-3.539686E1,-1.211431E1,7.162440E0,-8.092438E0,1.432976E1,7.155800E0,-2.434485E1,2.194631E1
7.551724E0,-1.413781E1,-1.313236E1,-3.540906E1,-1.208798E1,7.100198E0,-8.114473E0,1.430597E1,7.103820E0,-2.432034E1,2.198512E1
7.586207E0,-1.412999E1,-1.317753E1,-3.544470E1,-1.203778E1,7.026442E0,-8.190710E0,1.431544E1,7.175173E0,-2.434199E1,2.202017E1
7.620690E0,-1.410091E1,-1.318757E1,-3.547886E1,-1.201563E1,7.001515E0,-8.217510E0,1.436131E1,7.200893E0,-2.436320E1,2.203951E1
7.655172E0,-1.404475E1,-1.320958E1,-3.548839E1,-1.198973E1,6.949280E0,-8.187910E0,1.436568E1,7.169106E0,-2.436384E1,2.201060E1
7.689655E0,-1.408343E1,-1.320209E1,-3.546331E1,-1.202317E1,6.912838E0,-8.233191E0,1.432727E1,7.223285E0,-2.432068E1,2.199692E1
7.724138E0,-1.405345E1,-1.315879E1,-3.548187E1,-1.197552E1,6.897340E0,-8.264356E0,1.436938E1,7.222021E0,-2.438072E1,2.203338E1
7.758621E0,-1.405795E1,-1.315750E1,-3.547131E1,-1.195114E1,6.934718E0,-8.279454E0,1.430903E1,7.136276E0,-2.439487E1,2.198582E1
7.793103E0,-1.408206E1,-1.312813E1,-3.545321E1,-1.195714E1,6.952929E0,-8.235309E0,1.441054E1,7.190583E0,-2.442166E1,2.204839E1
7.827586E0,-1.409714E1,-1.312600E1,-3.545182E1,-1.196513E1,6.968829E0,-8.253152E0,1.438568E1,7.223255E0,-2.441901E1,2.198597E1
7.862069E0,-1.406290E1,-1.320130E1,-3.547432E1,-1.193378E1,6.973176E0,-8.195865E0,1.436582E1,7.139630E0,-2.441815E1,2.201211E1
7.896552E0,-1.405764E1,-1.316846E1,-3.547002E1,-1.193701E1,7.038707E0,-8.229488E0,1.428250E1,7.124891E0,-2.443266E1,2.202608E1
7.931034E0,-1.406239E1,-1.317194E1,-3.547107E1,-1.196938E1,6.987348E0,-8.215625E0,1.424415E1,7.185470E0,-2.442361E1,2.203146E1
7.965517E0,-1.408868E1,-1.318413E1,-3.548939E1,-1.194727E1,7.026407E0,-8.194454E0,1.422643E1,7.193231E0,-2.438649E1,2.191249E1
8.000000E0,-1.403168E1,-1.312782E1,-3.545729E1,-1.197073E1,7.007904E0,-8.181630E0,1.418594E1,7.219699E0,-2.436164E1,2.192185E1
8.034483E0,-1.398220E1,-1.312434E1,-3.547842E1,-1.190657E1,6.951233E0,-8.180348E0,1.415386E1,7.152075E0,-2.436099E1,2.197410E1
8.068966E0,-1.399546E1,-1.317151E1,-3.544011E1,-1.189224E1,6.939375E0,-8.164293E0,1.407647E1,7.180850E0,-2.433774E1,2.191523E1
8.103448E0,-1.399214E1,-1.320471E1,-3.545460E1,-1.188760E1,6.925445E0,-8.241921E0,1.408442E1,7.205013E0,-2.435114E1,2.196656E1
8.137931E0,-1.408192E1,-1.319398E1,-3.548699E1,-1.180205E1,6.925340E0,-8.232575E0,1.410750E1,7.189578E0,-2.430687E1,2.199473E1
8.172414E0,-1.405225E1,-1.321194E1,-3.546031E1,-1.184328E1,6.889114E0,-8.189696E0,1.419382E1,7.149869E0,-2.424742E1,2.201253E1
8.206897E0,-1.402626E1,-1.324388E1,-3.546503E1,-1.181474E1,6.883185E0,-8.204906E0,1.426972E1,7.139112E0,-2.428870E1,2.197859E1
8.241379E0,-1.399609E1,-1.326550E1,-3.539157E1,-1.183897E1,6.893648E0,-8.159828E0,,,,
