#multi:
,mass A,,mass B,,mass C,,
t,x,y,x,y,x,y,
0.000000E0,9.858450E0,2.370150E1,-3.641621E1,-2.181726E1,3.988341E1,7.591010E0
3.448276E-2,9.834304E0,2.371145E1,-3.640456E1,-2.185293E1,3.988729E1,7.589415E0
6.896552E-2,9.853848E0,2.369961E1,-3.640265E1,-2.186397E1,3.988201E1,7.589370E0
1.034483E-1,9.888089E0,2.366722E1,-3.642066E1,-2.190456E1,3.987392E1,7.592069E0
1.379310E-1,9.830202E0,2.364896E1,-3.642548E1,-2.186930E1,3.989433E1,7.592387E0
1.724138E-1,9.863587E0,2.363198E1,-3.644310E1,-2.187624E1,3.987711E1,7.590430E0
2.068966E-1,9.880529E0,2.366637E1,-3.641937E1,-2.186012E1,3.988281E1,7.598080E0
2.413793E-1,9.870690E0,2.362351E1,-3.643535E1,-2.189243E1,3.989265E1,7.578619E0
2.758621E-1,9.839000E0,2.362401E1,-3.639448E1,-2.185712E1,3.988023E1,7.596961E0
3.103448E-1,9.869758E0,2.359363E1,-3.645125E1,-2.187844E1,3.988544E1,7.588585E0
3.448276E-1,9.906963E0,2.352120E1,-3.646384E1,-2.188334E1,3.988357E1,7.573121E0
3.793103E-1,9.943207E0,2.355880E1,-3.645081E1,-2.189373E1,3.989001E1,7.603457E0
4.137931E-1,9.895275E0,2.358047E1,-3.649927E1,-2.188991E1,3.987835E1,7.590051E0
4.482759E-1,9.932620E0,2.353434E1,-3.646838E1,-2.188237E1,3.988756E1,7.587107E0
4.827586E-1,9.923789E0,2.356546E1,-3.647961E1,-2.188655E1,3.987921E1,7.590870E0
5.172414E-1,9.937810E0,2.362992E1,-3.654660E1,-2.187449E1,3.989545E1,7.595865E0
5.517241E-1,9.905261E0,2.363794E1,-3.654211E1,-2.183907E1,3.988779E1,7.595227E0
5.862069E-1,9.908568E0,2.363188E1,-3.653204E1,-2.182347E1,3.987944E1,7.569139E0
6.206897E-1,9.943367E0,2.364748E1,-3.657704E1,-2.180690E1,3.988591E1,7.597906E0
6.551724E-1,9.921154E0,2.364700E1,-3.654180E1,-2.176803E1,3.987154E1,7.583820E0
6.896552E-1,9.936333E0,2.364604E1,-3.652871E1,-2.173955E1,3.988588E1,7.607561E0
7.241379E-1,9.914449E0,2.363358E1,-3.654409E1,-2.184447E1,3.988873E1,7.548171E0
7.586207E-1,9.955798E0,2.367443E1,-3.655377E1,-2.178726E1,3.989272E1,7.550277E0
7.931034E-1,9.904082E0,2.369039E1,-3.659619E1,-2.179989E1,3.988311E1,7.537442E0
8.275862E-1,9.898215E0,2.368197E1,-3.661823E1,-2.186544E1,3.987677E1,7.494717E0
8.620690E-1,9.921439E0,2.367491E1,-3.662956E1,-2.189310E1,3.988577E1,7.523877E0
8.965517E-1,9.907816E0,2.374729E1,-3.659524E1,-2.186190E1,3.987927E1,7.563739E0
9.310345E-1,9.978933E0,2.371673E1,-3.662153E1,-2.187529E1,3.988692E1,7.557318E0
9.655172E-1,1.001678E1,2.367605E1,-3.661641E1,-2.188619E1,3.988685E1,7.589531E0
1.000000E0,9.964144E0,2.369711E1,-3.668786E1,-2.183619E1,3.988365E1,7.612244E0
1.034483E0,1.003549E1,2.366760E1,-3.671769E1,-2.181944E1,3.988396E1,7.579705E0
1.068966E0,1.007705E1,2.366727E1,-3.669799E1,-2.186149E1,3.988144E1,7.568890E0
1.103448E0,1.006501E1,2.370392E1,-3.666107E1,-2.188626E1,3.989794E1,7.623280E0
1.137931E0,1.008238E1,2.372844E1,-3.670893E1,-2.186204E1,3.988069E1,7.578549E0
1.172414E0,1.006972E1,2.371333E1,-3.670095E1,-2.191203E1,3.987963E1,7.577660E0
1.206897E0,1.008682E1,2.374425E1,-3.664253E1,-2.184545E1,3.989152E1,7.608405E0
1.241379E0,1.004936E1,2.378124E1,-3.659305E1,-2.182165E1,3.988061E1,7.591484E0
1.275862E0,1.004304E1,2.376516E1,-3.662033E1,-2.180485E1,3.988241E1,7.577761E0
1.310345E0,1.002528E1,2.376611E1,-3.658781E1,-2.180759E1,3.989217E1,7.597129E0
1.344828E0,1.000163E1,2.379734E1,-3.654803E1,-2.176718E1,3.988568E1,7.610078E0
1.379310E0,9.976474E0,2.376607E1,-3.654888E1,-2.177474E1,3.987570E1,7.568158E0
1.413793E0,9.999723E0,2.378779E1,-3.651881E1,-2.177997E1,3.987927E1,7.581304E0
1.448276E0,9.999243E0,2.380721E1,-3.647242E1,-2.172457E1,3.989305E1,7.600514E0
1.482759E0,9.986502E0,2.382762E1,-3.650941E1,-2.176534E1,3.988269E1,7.587492E0
1.517241E0,9.985372E0,2.382760E1,-3.650716E1,-2.176465E1,3.987934E1,7.581282E0
1.551724E0,1.000737E1,2.385504E1,-3.649794E1,-2.174838E1,3.989194E1,7.599014E0
1.586207E0,9.984869E0,2.383724E1,-3.650422E1,-2.172177E1,3.987712E1,7.587782E0
1.620690E0,9.979404E0,2.382421E1,-3.649561E1,-2.173502E1,3.988123E1,7.587895E0
1.655172E0,1.002178E1,2.383139E1,-3.648402E1,-2.178283E1,3.988411E1,7.593207E0
1.689655E0,1.005381E1,2.383482E1,-3.649029E1,-2.170179E1,3.989554E1,7.588789E0
1.724138E0,1.007310E1,2.386021E1,-3.650946E1,-2.165075E1,3.987657E1,7.596389E0
1.758621E0,1.004641E1,2.383543E1,-3.651239E1,-2.169936E1,3.988480E1,7.578010E0
1.793103E0,1.007371E1,2.382141E1,-3.649932E1,-2.165316E1,3.988325E1,7.592620E0
1.827586E0,1.005562E1,2.384793E1,-3.651464E1,-2.168891E1,3.988780E1,7.597489E0
1.862069E0,1.005970E1,2.383697E1,-3.651509E1,-2.171588E1,3.987839E1,7.590515E0
1.896552E0,1.008001E1,2.387200E1,-3.646906E1,-2.172966E1,3.988420E1,7.580515E0
1.931034E0,1.004635E1,2.384546E1,-3.651939E1,-2.171847E1,3.988527E1,7.592029E0
1.965517E0,1.006782E1,2.384072E1,-3.653525E1,-2.173096E1,3.988724E1,7.592269E0
2.000000E0,1.003587E1,2.380614E1,-3.656785E1,-2.175637E1,3.987590E1,7.591516E0
2.034483E0,1.010843E1,2.380978E1,-3.658194E1,-2.172624E1,3.989241E1,7.593011E0
2.068966E0,1.011743E1,2.382327E1,-3.656442E1,-2.174867E1,3.988006E1,7.591538E0
2.103448E0,1.015674E1,2.385689E1,-3.656663E1,-2.176101E1,3.988643E1,7.578487E0
2.137931E0,1.013922E1,2.383650E1,-3.662082E1,-2.173643E1,3.988151E1,7.599507E0
2.172414E0,1.016354E1,2.387532E1,-3.664137E1,-2.176137E1,3.989191E1,7.594730E0
2.206897E0,1.011041E1,2.391927E1,-3.662642E1,-2.172270E1,3.988592E1,7.581340E0
2.241379E0,1.013221E1,2.391061E1,-3.660475E1,-2.176067E1,3.987293E1,7.589574E0
2.275862E0,1.014504E1,2.393324E1,-3.663402E1,-2.173817E1,3.989008E1,7.591504E0
2.310345E0,1.011307E1,2.394869E1,-3.661987E1,-2.168428E1,3.988578E1,7.605996E0
2.344828E0,1.013968E1,2.396201E1,-3.661122E1,-2.168520E1,3.987697E1,7.570584E0
2.379310E0,1.013794E1,2.400215E1,-3.660781E1,-2.170175E1,3.989104E1,7.592048E0
2.413793E0,1.012102E1,2.399388E1,-3.662389E1,-2.166285E1,3.988607E1,7.592342E0
2.448276E0,1.012895E1,2.395870E1,-3.665196E1,-2.164840E1,3.988482E1,7.590021E0
2.482759E0,1.018406E1,2.402110E1,-3.660841E1,-2.165490E1,3.987667E1,7.589477E0
2.517241E0,1.022053E1,2.404436E1,-3.665748E1,-2.164915E1,3.988024E1,7.592877E0
2.551724E0,1.027073E1,2.404528E1,-3.669699E1,-2.172095E1,3.988793E1,7.584801E0
2.586207E0,1.027404E1,2.402350E1,-3.669801E1,-2.175376E1,3.987861E1,7.585692E0
2.620690E0,1.027961E1,2.406724E1,-3.668756E1,-2.171755E1,3.989006E1,7.598694E0
2.655172E0,1.032525E1,2.401581E1,-3.668816E1,-2.175700E1,3.988668E1,7.585498E0
2.689655E0,1.036197E1,2.404668E1,-3.668902E1,-2.171072E1,3.988264E1,7.589766E0
2.724138E0,1.032294E1,2.405351E1,-3.667572E1,-2.164842E1,3.988329E1,7.578518E0
2.758621E0,1.038084E1,2.403280E1,-3.666714E1,-2.164100E1,3.988281E1,7.594061E0
2.793103E0,1.040187E1,2.404067E1,-3.671503E1,-2.160516E1,3.987867E1,7.589786E0
2.827586E0,1.041474E1,2.405551E1,-3.672006E1,-2.164835E1,3.988414E1,7.591678E0
2.862069E0,1.041962E1,2.403064E1,-3.669285E1,-2.167470E1,3.988657E1,7.594155E0
2.896552E0,1.040472E1,2.404952E1,-3.670164E1,-2.164413E1,3.988605E1,7.589558E0
2.931034E0,1.041709E1,2.403654E1,-3.662913E1,-2.164446E1,3.988836E1,7.590713E0
2.965517E0,1.043626E1,2.405433E1,-3.660743E1,-2.159540E1,3.988007E1,7.591584E0
3.000000E0,1.035223E1,2.407146E1,-3.661078E1,-2.161246E1,3.988634E1,7.589095E0
3.034483E0,1.030952E1,2.406830E1,-3.662732E1,-2.161035E1,3.988783E1,7.588111E0
3.068966E0,1.031899E1,2.402095E1,-3.665809E1,-2.159850E1,3.987902E1,7.587733E0
3.103448E0,1.033336E1,2.404197E1,-3.669385E1,-2.158244E1,3.988429E1,7.601279E0
3.137931E0,1.031955E1,2.402826E1,-3.672963E1,-2.163441E1,3.988211E1,7.577878E0
3.172414E0,1.032960E1,2.400742E1,-3.680119E1,-2.158131E1,3.988731E1,7.586844E0
3.206897E0,1.037018E1,2.395512E1,-3.683694E1,-2.158839E1,3.988349E1,7.600328E0
3.241379E0,1.034834E1,2.396945E1,-3.684466E1,-2.159598E1,3.988490E1,7.575824E0
3.275862E0,1.029638E1,2.398448E1,-3.677240E1,-2.159859E1,3.987686E1,7.587151E0
3.310345E0,1.028902E1,2.396957E1,-3.673975E1,-2.159679E1,3.988630E1,7.585428E0
3.344828E0,1.023993E1,2.395605E1,-3.674620E1,-2.157853E1,3.987520E1,7.599832E0
3.379310E0,1.028198E1,2.395817E1,-3.673717E1,-2.155567E1,3.989062E1,7.569481E0
3.413793E0,1.024483E1,2.395558E1,-3.674105E1,-2.154764E1,3.988534E1,7.609533E0
3.448276E0,1.029250E1,2.395086E1,-3.677043E1,-2.155611E1,3.988687E1,7.597144E0
3.482759E0,1.027205E1,2.395661E1,-3.681855E1,-2.152949E1,3.988833E1,7.576319E0
3.517241E0,1.028589E1,2.396207E1,-3.679616E1,-2.150221E1,3.988172E1,7.586275E0
3.551724E0,1.029200E1,2.400383E1,-3.684822E1,-2.148254E1,3.988312E1,7.594264E0
3.586207E0,1.030467E1,2.399946E1,-3.685420E1,-2.148892E1,3.988431E1,7.587664E0
3.620690E0,1.026190E1,2.394064E1,-3.684803E1,-2.146980E1,3.988247E1,7.587557E0
3.655172E0,1.026202E1,2.392448E1,-3.680959E1,-2.145231E1,3.989398E1,7.601296E0
3.689655E0,1.027801E1,2.389464E1,-3.680974E1,-2.145258E1,3.987398E1,7.587072E0
3.724138E0,1.025847E1,2.388012E1,-3.683574E1,-2.146042E1,3.989296E1,7.577818E0
3.758621E0,1.025258E1,2.390408E1,-3.685164E1,-2.144712E1,3.987376E1,7.591680E0
3.793103E0,1.024268E1,2.389623E1,-3.685104E1,-2.146618E1,3.989253E1,7.595424E0
3.827586E0,1.024704E1,2.390748E1,-3.685569E1,-2.147554E1,3.987943E1,7.575464E0
3.862069E0,1.020841E1,2.384579E1,-3.684155E1,-2.149096E1,3.988135E1,7.603144E0
3.896552E0,1.020905E1,2.384418E1,-3.683485E1,-2.149668E1,3.988369E1,7.594645E0
3.931034E0,1.019720E1,2.384464E1,-3.681093E1,-2.143227E1,3.988696E1,7.578820E0
3.965517E0,1.021630E1,2.384531E1,-3.679540E1,-2.142122E1,3.988778E1,7.593030E0
4.000000E0,1.017941E1,2.386907E1,-3.688468E1,-2.140731E1,3.988164E1,7.582528E0
4.034483E0,1.019754E1,2.383935E1,-3.689962E1,-2.140187E1,3.988116E1,7.590872E0
4.068966E0,1.019376E1,2.383880E1,-3.691074E1,-2.139538E1,3.988482E1,7.590478E0
4.103448E0,1.019126E1,2.384240E1,-3.692729E1,-2.142155E1,3.989318E1,7.604480E0
4.137931E0,1.020126E1,2.384221E1,-3.692848E1,-2.134734E1,3.987408E1,7.581063E0
4.172414E0,1.020068E1,2.383291E1,-3.695616E1,-2.132043E1,3.988526E1,7.582361E0
4.206897E0,1.023385E1,2.381932E1,-3.698626E1,-2.134101E1,3.989022E1,7.590788E0
4.241379E0,1.014783E1,2.384176E1,-3.698879E1,-2.131895E1,3.986921E1,7.593869E0
4.275862E0,1.010809E1,2.382300E1,-3.695879E1,-2.135951E1,3.989434E1,7.592540E0
4.310345E0,1.012005E1,2.382488E1,-3.695938E1,-2.135686E1,3.988215E1,7.592424E0
4.344828E0,1.013331E1,2.381345E1,-3.705119E1,-2.134303E1,3.988610E1,7.596011E0
4.379310E0,1.014527E1,2.382076E1,-3.704422E1,-2.132776E1,3.988903E1,7.586119E0
4.413793E0,1.011220E1,2.385462E1,-3.703845E1,-2.134803E1,3.988371E1,7.583377E0
4.448276E0,1.012231E1,2.383182E1,-3.702126E1,-2.138163E1,3.987357E1,7.583172E0
4.482759E0,1.009222E1,2.385969E1,-3.703933E1,-2.139327E1,3.988816E1,7.598543E0
4.517241E0,1.005963E1,2.390558E1,-3.703617E1,-2.139373E1,3.988415E1,7.594074E0
4.551724E0,1.005024E1,2.395168E1,-3.704463E1,-2.143165E1,3.988599E1,7.580967E0
4.586207E0,1.003872E1,2.402562E1,-3.708527E1,-2.137455E1,3.988488E1,7.594540E0
4.620690E0,1.006688E1,2.402447E1,-3.711041E1,-2.139270E1,3.987980E1,7.601140E0
4.655172E0,1.008658E1,2.399938E1,-3.709366E1,-2.140281E1,3.987938E1,7.569660E0
4.689655E0,1.009555E1,2.398421E1,-3.710025E1,-2.138261E1,3.989870E1,7.604573E0
4.724138E0,1.008452E1,2.399029E1,-3.705806E1,-2.141819E1,3.987430E1,7.597429E0
4.758621E0,1.007257E1,2.389248E1,-3.709684E1,-2.142675E1,3.988503E1,7.559889E0
4.793103E0,1.008349E1,2.392303E1,-3.711204E1,-2.137064E1,3.988757E1,7.612171E0
4.827586E0,1.008061E1,2.394201E1,-3.711662E1,-2.138007E1,3.988065E1,7.588154E0
4.862069E0,1.006472E1,2.393596E1,-3.715432E1,-2.144598E1,3.988250E1,7.577844E0
4.896552E0,1.008285E1,2.387872E1,-3.715923E1,-2.141763E1,3.988798E1,7.593224E0
4.931034E0,1.006142E1,2.394524E1,-3.720533E1,-2.139068E1,3.988795E1,7.601950E0
4.965517E0,1.005072E1,2.396596E1,-3.723021E1,-2.142872E1,3.988031E1,7.579233E0
5.000000E0,1.007056E1,2.396831E1,-3.720935E1,-2.140622E1,3.989019E1,7.575566E0
5.034483E0,1.006302E1,2.398360E1,-3.723082E1,-2.142609E1,3.989123E1,7.603971E0
5.068966E0,1.005107E1,2.394558E1,-3.725365E1,-2.137352E1,3.987877E1,7.603816E0
5.103448E0,1.003672E1,2.393761E1,-3.721285E1,-2.142582E1,3.988152E1,7.575890E0
5.137931E0,1.004888E1,2.389626E1,-3.721508E1,-2.138529E1,3.988400E1,7.586343E0
5.172414E0,1.011715E1,2.395198E1,-3.725205E1,-2.136814E1,3.989156E1,7.611176E0
5.206897E0,1.012276E1,2.393313E1,-3.722187E1,-2.134782E1,3.988545E1,7.582213E0
5.241379E0,1.013647E1,2.389018E1,-3.727473E1,-2.135957E1,3.987242E1,7.557896E0
5.275862E0,1.010437E1,2.399165E1,-3.723573E1,-2.129166E1,3.988696E1,7.616622E0
5.310345E0,1.011023E1,2.395888E1,-3.722020E1,-2.123715E1,3.989163E1,7.595554E0
5.344828E0,1.013824E1,2.393762E1,-3.725545E1,-2.125481E1,3.987050E1,7.567637E0
5.379310E0,1.008658E1,2.395289E1,-3.728629E1,-2.125450E1,3.988381E1,7.592135E0
5.413793E0,1.009351E1,2.396001E1,-3.729929E1,-2.122061E1,3.988956E1,7.604357E0
5.448276E0,1.005108E1,2.398728E1,-3.733449E1,-2.119218E1,3.987383E1,7.582621E0
5.482759E0,1.008723E1,2.397321E1,-3.731137E1,-2.119378E1,3.989453E1,7.583700E0
5.517241E0,1.010303E1,2.401618E1,-3.728949E1,-2.115209E1,3.987989E1,7.607449E0
5.551724E0,1.011587E1,2.405253E1,-3.731298E1,-2.110934E1,3.988326E1,7.579200E0
5.586207E0,1.010482E1,2.399692E1,-3.728871E1,-2.110371E1,3.988268E1,7.583035E0
5.620690E0,1.011812E1,2.400328E1,-3.730599E1,-2.110239E1,3.987862E1,7.600725E0
5.655172E0,1.009483E1,2.398537E1,-3.731962E1,-2.111042E1,3.989373E1,7.603273E0
5.689655E0,1.005104E1,2.397343E1,-3.730555E1,-2.114501E1,3.987629E1,7.569688E0
5.724138E0,1.007188E1,2.402891E1,-3.733087E1,-2.118205E1,3.988489E1,7.588538E0
5.758621E0,1.005351E1,2.406456E1,-3.731512E1,-2.117952E1,3.988869E1,7.606709E0
5.793103E0,1.006084E1,2.396006E1,-3.730522E1,-2.127262E1,3.988470E1,7.559891E0
5.827586E0,1.007469E1,2.399570E1,-3.728237E1,-2.132103E1,3.987810E1,7.596039E0
5.862069E0,1.003184E1,2.396829E1,-3.727316E1,-2.129914E1,3.988281E1,7.633408E0
5.896552E0,1.002781E1,2.392526E1,-3.720883E1,-2.130246E1,3.988450E1,7.628066E0
5.931034E0,9.992256E0,2.384013E1,-3.719072E1,-2.135625E1,3.987252E1,7.643289E0
5.965517E0,1.000109E1,2.388252E1,-3.714626E1,-2.131850E1,3.989745E1,7.679197E0
6.000000E0,9.986736E0,2.387303E1,-3.721906E1,-2.133304E1,3.988558E1,7.646450E0
6.034483E0,9.995904E0,2.382099E1,-3.719934E1,-2.136055E1,3.987740E1,7.649434E0
6.068966E0,1.000248E1,2.386518E1,-3.717482E1,-2.130742E1,3.988604E1,7.663047E0
6.103448E0,9.976648E0,2.385615E1,-3.718998E1,-2.130659E1,3.987634E1,7.650122E0
6.137931E0,1.003085E1,2.379085E1,-3.717235E1,-2.130461E1,3.989786E1,7.658096E0
6.172414E0,1.003362E1,2.376082E1,-3.718460E1,-2.131856E1,3.987352E1,7.656104E0
6.206897E0,1.006532E1,2.374828E1,-3.720210E1,-2.129678E1,3.988567E1,7.651573E0
6.241379E0,1.002009E1,2.384495E1,-3.720810E1,-2.128721E1,3.988550E1,7.669657E0
6.275862E0,1.001320E1,2.384149E1,-3.726058E1,-2.123514E1,3.988219E1,7.645799E0
6.310345E0,9.968698E0,2.385085E1,-3.724416E1,-2.127464E1,3.988123E1,7.647675E0
6.344828E0,9.947650E0,2.387476E1,-3.724877E1,-2.127437E1,3.989928E1,7.678108E0
6.379310E0,9.960469E0,2.393499E1,-3.723712E1,-2.125607E1,3.987517E1,7.646886E0
6.413793E0,9.967199E0,2.391534E1,-3.723003E1,-2.125858E1,3.988443E1,7.649032E0
6.448276E0,9.973710E0,2.396820E1,-3.724617E1,-2.120895E1,3.988112E1,7.670950E0
6.482759E0,9.986131E0,2.397359E1,-3.725663E1,-2.123886E1,3.988549E1,7.642463E0
6.517241E0,9.937760E0,2.394310E1,-3.724963E1,-2.120705E1,3.987612E1,7.661060E0
6.551724E0,9.924645E0,2.395158E1,-3.724266E1,-2.122316E1,3.988529E1,7.648039E0
6.586207E0,9.927016E0,2.400327E1,-3.723230E1,-2.115537E1,3.987918E1,7.663837E0
6.620690E0,9.929503E0,2.401448E1,-3.725648E1,-2.113171E1,3.988620E1,7.656963E0
6.655172E0,9.897346E0,2.400640E1,-3.722160E1,-2.115486E1,3.989486E1,7.658441E0
6.689655E0,9.965504E0,2.394715E1,-3.728590E1,-2.113160E1,3.987185E1,7.640253E0
6.724138E0,9.968201E0,2.400270E1,-3.732378E1,-2.109353E1,3.988783E1,7.683826E0
6.758621E0,1.001197E1,2.397928E1,-3.727958E1,-2.103014E1,3.987752E1,7.658986E0
6.793103E0,9.991725E0,2.396569E1,-3.732107E1,-2.110857E1,3.988760E1,7.616249E0
6.827586E0,1.001132E1,2.400390E1,-3.729945E1,-2.109611E1,3.989124E1,7.620401E0
6.862069E0,9.966097E0,2.400752E1,-3.733779E1,-2.112125E1,3.988624E1,7.600866E0
6.896552E0,9.944396E0,2.398096E1,-3.728823E1,-2.110832E1,3.987536E1,7.569017E0
6.931034E0,9.913710E0,2.397392E1,-3.734655E1,-2.116325E1,3.988877E1,7.586592E0
6.965517E0,9.920675E0,2.404475E1,-3.740546E1,-2.110286E1,3.988689E1,7.620630E0
7.000000E0,9.911414E0,2.402154E1,-3.739012E1,-2.111541E1,3.988346E1,7.587001E0
7.034483E0,9.861458E0,2.407244E1,-3.740465E1,-2.117466E1,3.988437E1,7.554744E0
7.068966E0,9.865271E0,2.406552E1,-3.740512E1,-2.120462E1,3.989108E1,7.544730E0
7.103448E0,9.850664E0,2.407738E1,-3.736516E1,-2.120475E1,3.987371E1,7.528428E0
7.137931E0,9.848049E0,2.404634E1,-3.738709E1,-2.125698E1,3.987912E1,7.505510E0
7.172414E0,9.881624E0,2.407162E1,-3.738172E1,-2.123631E1,3.988529E1,7.522838E0
7.206897E0,9.886283E0,2.403749E1,-3.734674E1,-2.126926E1,3.988639E1,7.539306E0
7.241379E0,9.816188E0,2.403341E1,-3.739062E1,-2.126059E1,3.988337E1,7.515118E0
7.275862E0,9.767473E0,2.406269E1,-3.735430E1,-2.126476E1,3.988410E1,7.533644E0
7.310345E0,9.814291E0,2.403886E1,-3.738265E1,-2.123809E1,3.988958E1,7.521544E0
7.344828E0,9.777154E0,2.401828E1,-3.736511E1,-2.128730E1,3.987754E1,7.497253E0
7.379310E0,9.793853E0,2.408258E1,-3.739777E1,-2.121282E1,3.989111E1,7.545561E0
7.413793E0,9.820189E0,2.411038E1,-3.739526E1,-2.115378E1,3.987730E1,7.559307E0
7.448276E0,9.823161E0,2.405601E1,-3.738468E1,-2.119441E1,3.987775E1,7.524950E0
7.482759E0,9.744124E0,2.400138E1,-3.740810E1,-2.121023E1,3.988219E1,7.536491E0
7.517241E0,9.782891E0,2.399460E1,-3.738126E1,-2.115594E1,3.990512E1,7.566558E0
7.551724E0,9.761464E0,2.395412E1,-3.739714E1,-2.118216E1,3.986836E1,7.546211E0
7.586207E0,9.739336E0,2.397284E1,-3.736940E1,-2.121414E1,3.987234E1,7.508926E0
7.620690E0,9.719582E0,2.404466E1,-3.741066E1,-2.114833E1,3.990498E1,7.573403E0
7.655172E0,9.727207E0,2.405141E1,-3.738415E1,-2.110748E1,3.987507E1,7.585083E0
7.689655E0,9.710820E0,2.399157E1,-3.736524E1,-2.115774E1,3.988269E1,7.549661E0
7.724138E0,9.762809E0,2.402398E1,-3.736064E1,-2.109632E1,3.989159E1,7.555248E0
7.758621E0,9.790376E0,2.406303E1,-3.741480E1,-2.111810E1,3.988367E1,7.537052E0
7.793103E0,9.780533E0,2.401026E1,-3.744601E1,-2.115146E1,3.987759E1,7.495293E0
7.827586E0,9.751963E0,2.402444E1,-3.743354E1,-2.113519E1,3.989247E1,7.524069E0
7.862069E0,9.763201E0,2.412715E1,-3.743384E1,-2.107293E1,3.988004E1,7.554398E0
7.896552E0,9.732411E0,2.406875E1,-3.741364E1,-2.115689E1,3.987326E1,7.460985E0
7.931034E0,9.659620E0,2.406507E1,-3.745660E1,-2.111416E1,3.989626E1,7.489070E0
7.965517E0,9.608849E0,2.410698E1,-3.744622E1,-2.104613E1,,
