#multi:
,mass A,,mass B,,mass C,,mass D,,mass E,,
t,x,y,x,y,x,y,x,y,x,y,
0.000000E0,-5.654122E0,-5.822445E0,-1.113518E1,9.795106E0,2.631116E1,1.457682E0,5.065015E0,1.619714E1,2.008317E1,-5.787501E0
3.448276E-2,-5.667140E0,-5.783098E0,-1.111051E1,9.526661E0,2.638243E1,1.565789E0,4.828823E0,1.612293E1,2.006406E1,-5.682964E0
6.896552E-2,-5.827393E0,-5.843671E0,-1.135834E1,9.946446E0,2.631912E1,1.662459E0,4.913608E0,1.624657E1,2.023558E1,-5.559616E0
1.034483E-1,-5.734206E0,-5.861267E0,-1.174208E1,1.008140E1,2.636519E1,1.803963E0,5.036357E0,1.634646E1,1.991463E1,-5.812502E0
1.379310E-1,-5.620006E0,-5.909472E0,-1.184943E1,9.806158E0,2.631695E1,1.767451E0,4.853502E0,1.627173E1,1.999485E1,-5.741306E0
1.724138E-1,-5.503390E0,-5.566112E0,-1.193037E1,9.919095E0,2.640076E1,1.911754E0,4.868766E0,1.664435E1,2.024313E1,-5.650409E0
2.068966E-1,-5.291737E0,-5.707283E0,-1.183651E1,1.012088E1,2.683696E1,2.002583E0,4.812528E0,1.666215E1,2.018342E1,-5.684888E0
2.413793E-1,-5.197977E0,-5.822731E0,-1.174348E1,1.023373E1,2.681379E1,2.009682E0,4.896574E0,1.643362E1,1.987430E1,-5.753225E0
2.758621E-1,-4.934064E0,-5.578205E0,-1.182669E1,1.022721E1,2.650833E1,2.078423E0,4.875352E0,1.644683E1,1.983131E1,-5.650402E0
3.103448E-1,-5.030251E0,-5.515292E0,-1.204247E1,1.036451E1,2.654633E1,2.069941E0,5.016590E0,1.633513E1,1.977376E1,-5.556761E0
3.448276E-1,-4.960732E0,-5.635892E0,-1.207963E1,1.008334E1,2.654491E1,2.068849E0,4.947034E0,1.633976E1,1.958237E1,-5.644957E0
3.793103E-1,-4.672807E0,-5.672657E0,-1.196632E1,1.016870E1,2.645934E1,1.935646E0,5.206890E0,1.634513E1,1.965668E1,-5.737161E0
4.137931E-1,-4.455587E0,-5.474720E0,-1.213644E1,1.029626E1,2.659824E1,1.868302E0,5.197404E0,1.644844E1,1.959159E1,-5.839337E0
4.482759E-1,-4.340811E0,-5.635553E0,-1.191676E1,1.021810E1,2.651465E1,1.819050E0,5.437365E0,1.643987E1,1.943092E1,-5.774395E0
4.827586E-1,-4.328426E0,-5.482401E0,-1.207701E1,1.010918E1,2.650700E1,2.035698E0,5.571537E0,1.633053E1,1.943171E1,-5.751109E0
5.172414E-1,-4.254513E0,-5.245102E0,-1.222284E1,1.014634E1,2.629012E1,2.048763E0,5.211713E0,1.638312E1,1.921303E1,-5.919050E0
5.517241E-1,-4.445371E0,-5.515689E0,-1.222351E1,1.009904E1,2.654642E1,2.132814E0,5.338631E0,1.654732E1,1.905763E1,-6.012041E0
5.862069E-1,-4.548069E0,-5.537082E0,-1.189540E1,9.919555E0,2.650457E1,2.022243E0,5.248946E0,1.639392E1,1.911937E1,-5.969647E0
6.206897E-1,-4.296374E0,-5.474761E0,-1.176680E1,1.007198E1,2.647365E1,2.065107E0,5.275375E0,1.664809E1,1.920213E1,-6.018981E0
6.551724E-1,-4.281322E0,-5.632830E0,-1.198198E1,1.017629E1,2.661821E1,2.426609E0,5.164968E0,1.671281E1,1.912938E1,-6.016263E0
6.896552E-1,-4.282619E0,-5.820363E0,-1.193857E1,9.960401E0,2.626288E1,2.423397E0,5.230613E0,1.681947E1,1.932534E1,-5.996267E0
7.241379E-1,-4.211602E0,-5.769804E0,-1.190854E1,9.734001E0,2.655722E1,2.678114E0,4.964640E0,1.689427E1,1.951781E1,-6.141788E0
7.586207E-1,-4.309053E0,-5.841749E0,-1.202629E1,9.843980E0,2.629615E1,2.788730E0,4.903726E0,1.698487E1,1.930978E1,-6.168343E0
7.931034E-1,-3.780299E0,-5.768253E0,-1.214996E1,9.798617E0,2.614960E1,2.659377E0,4.804602E0,1.678603E1,1.937608E1,-6.134987E0
8.275862E-1,-3.722526E0,-5.716873E0,-1.190779E1,9.464695E0,2.617593E1,2.549712E0,4.629256E0,1.644985E1,1.931211E1,-5.993050E0
8.620690E-1,-3.657053E0,-5.910563E0,-1.185058E1,9.373610E0,2.619300E1,2.625178E0,4.751284E0,1.657252E1,1.921002E1,-5.898449E0
8.965517E-1,-3.461900E0,-6.003129E0,-1.183653E1,9.292159E0,2.633462E1,2.449861E0,4.554073E0,1.654875E1,1.907367E1,-6.040938E0
9.310345E-1,-3.521177E0,-6.002537E0,-1.161908E1,9.286714E0,2.633268E1,2.374147E0,4.583949E0,1.637746E1,1.902080E1,-5.994809E0
9.655172E-1,-3.816093E0,-6.312483E0,-1.148220E1,9.068881E0,,,,,,
1.000000E0,-3.882111E0,-6.168829E0,-1.151101E1,9.162278E0,2.662699E1,2.793890E0,4.669631E0,1.666070E1,1.894146E1,-6.018272E0
1.034483E0,-3.608450E0,-6.071454E0,-1.142069E1,9.210520E0,2.644157E1,2.733469E0,4.732628E0,1.651100E1,1.911019E1,-5.966899E0
1.068966E0,-3.490099E0,-6.153591E0,-1.147745E1,9.120321E0,2.627292E1,2.425109E0,4.704234E0,1.637140E1,1.917943E1,-6.020220E0
1.103448E0,-3.514653E0,-5.876204E0,-1.159402E1,8.930289E0,2.630642E1,2.255452E0,4.527705E0,1.651938E1,1.903958E1,-6.310083E0
1.137931E0,-3.459344E0,-5.963716E0,-1.155536E1,8.831391E0,2.609728E1,2.104645E0,4.412924E0,1.652847E1,1.891869E1,-6.199541E0
1.172414E0,-3.356316E0,-5.951066E0,-1.167189E1,8.743135E0,2.584713E1,1.985150E0,4.380037E0,1.656774E1,1.894874E1,-6.122395E0
1.206897E0,-3.436375E0,-6.398008E0,-1.169593E1,8.715984E0,2.599699E1,1.983915E0,4.594016E0,1.665865E1,1.879718E1,-6.164710E0
1.241379E0,-3.384322E0,-6.212099E0,-1.174014E1,8.636307E0,2.571075E1,1.943693E0,4.942402E0,1.680311E1,1.905168E1,-6.296392E0
1.275862E0,-3.307518E0,-5.996856E0,-1.176677E1,8.755307E0,2.574367E1,1.925854E0,4.930817E0,1.659547E1,1.907456E1,-6.242431E0
1.310345E0,-3.567739E0,-5.948092E0,-1.191344E1,8.780199E0,2.592424E1,1.915608E0,5.302709E0,1.652089E1,1.904207E1,-6.274910E0
1.344828E0,-3.512266E0,-5.784338E0,-1.168466E1,8.731317E0,2.574278E1,2.154407E0,5.266442E0,1.658346E1,1.895606E1,-6.140957E0
1.379310E0,-3.417730E0,-5.780708E0,-1.127298E1,8.537543E0,2.569365E1,1.917541E0,5.407786E0,1.627751E1,1.875059E1,-6.504768E0
1.413793E0,-3.290258E0,-5.823028E0,-1.114219E1,8.374420E0,2.568736E1,1.831533E0,5.323128E0,1.614584E1,1.893691E1,-6.756529E0
1.448276E0,-3.574629E0,-5.929099E0,-1.115564E1,8.389815E0,2.564742E1,1.904076E0,5.333110E0,1.616070E1,1.885503E1,-6.486004E0
1.482759E0,-3.578751E0,-6.101098E0,-1.116016E1,8.204452E0,2.571263E1,1.841550E0,5.419130E0,1.620106E1,1.858073E1,-6.454469E0
1.517241E0,-3.696679E0,-6.216535E0,-1.108351E1,7.893144E0,2.537012E1,1.710009E0,5.270808E0,1.614933E1,1.855874E1,-6.493704E0
1.551724E0,-3.577005E0,-6.041075E0,-1.127270E1,7.723344E0,2.545860E1,1.843185E0,5.267874E0,1.623905E1,1.849325E1,-6.206438E0
1.586207E0,-3.723052E0,-6.186085E0,-1.139353E1,7.844593E0,2.532926E1,1.543106E0,5.473979E0,1.633029E1,1.847462E1,-6.213861E0
1.620690E0,-3.571236E0,-6.219417E0,-1.119300E1,7.747057E0,2.542964E1,1.449767E0,5.428603E0,1.625341E1,1.847716E1,-6.171374E0
1.655172E0,-3.478059E0,-6.278932E0,-1.126007E1,7.794571E0,2.519685E1,1.452077E0,5.312685E0,1.622443E1,1.821735E1,-6.323536E0
1.689655E0,-3.369471E0,-6.343293E0,-1.122144E1,7.687588E0,2.556850E1,1.477749E0,5.362612E0,1.606959E1,1.821400E1,-6.307412E0
1.724138E0,-3.281459E0,-6.663953E0,-1.138747E1,7.571415E0,2.535839E1,1.625596E0,5.403515E0,1.574480E1,1.816525E1,-6.045738E0
1.758621E0,-3.334160E0,-6.676437E0,-1.130502E1,7.602059E0,2.546391E1,1.711409E0,5.442711E0,1.556948E1,1.815232E1,-6.128787E0
1.793103E0,-3.160742E0,-6.516487E0,-1.123781E1,7.359743E0,2.543730E1,1.745867E0,5.405131E0,1.561837E1,1.799245E1,-6.214738E0
1.827586E0,-2.893466E0,-6.447488E0,-1.120694E1,7.267054E0,2.568409E1,2.061597E0,5.619373E0,1.541215E1,1.789737E1,-6.295987E0
1.862069E0,-2.730561E0,-6.610764E0,-1.107254E1,7.194224E0,2.558619E1,1.887480E0,5.359879E0,1.524128E1,1.801425E1,-6.128992E0
1.896552E0,-2.504639E0,-6.518691E0,-1.102078E1,7.054531E0,2.542361E1,1.878697E0,5.313400E0,1.502657E1,1.831331E1,-5.889622E0
1.931034E0,-2.332477E0,-6.769628E0,-1.109029E1,7.145984E0,2.540403E1,1.633108E0,5.261806E0,1.512560E1,1.795425E1,-5.756996E0
1.965517E0,-2.319657E0,-7.087914E0,-1.088518E1,7.265913E0,2.551945E1,1.567119E0,5.365703E0,1.536796E1,1.774508E1,-5.673930E0
2.000000E0,-2.306721E0,-7.037378E0,-1.088386E1,7.309423E0,2.521620E1,1.485271E0,5.443911E0,1.527332E1,1.776492E1,-5.556840E0
2.034483E0,-2.415450E0,-6.974181E0,-1.082872E1,7.251991E0,2.515609E1,1.486347E0,5.350835E0,1.511917E1,1.775624E1,-5.662669E0
2.068966E0,-2.360334E0,-6.849716E0,-1.074029E1,7.345438E0,2.508034E1,1.497483E0,5.436099E0,1.510066E1,1.791847E1,-6.167436E0
2.103448E0,-2.392218E0,-6.795074E0,-1.073526E1,7.218785E0,2.487864E1,1.687987E0,5.409346E0,1.482116E1,1.759296E1,-6.117947E0
2.137931E0,-2.503317E0,-6.790451E0,-1.063288E1,7.354968E0,2.477575E1,1.790253E0,5.373989E0,1.474901E1,1.753233E1,-5.960486E0
2.172414E0,-2.248134E0,-7.199002E0,-1.069423E1,7.395542E0,2.501148E1,1.856254E0,5.432277E0,1.473104E1,1.781477E1,-6.099710E0
2.206897E0,-2.284635E0,-7.391624E0,-1.068088E1,7.391716E0,2.476536E1,2.007662E0,5.551203E0,1.456051E1,1.762622E1,-6.219804E0
2.241379E0,-2.404666E0,-7.567746E0,-1.061132E1,7.373446E0,2.487702E1,2.008767E0,5.546841E0,1.450230E1,1.774104E1,-6.512234E0
2.275862E0,-2.327912E0,-7.586208E0,-1.065333E1,7.252752E0,2.467884E1,1.759711E0,5.279409E0,1.440992E1,1.762666E1,-6.887195E0
2.310345E0,-2.647254E0,-7.932394E0,-1.042091E1,7.082326E0,2.485889E1,1.786027E0,5.186180E0,1.428839E1,1.758693E1,-6.872922E0
2.344828E0,-2.455383E0,-7.828461E0,-1.034760E1,6.972190E0,2.470369E1,1.771060E0,5.420780E0,1.413984E1,1.762128E1,-6.932102E0
2.379310E0,-2.053946E0,-8.088844E0,-1.043211E1,7.122464E0,2.453348E1,2.052726E0,5.161711E0,1.405015E1,1.742305E1,-6.584288E0
2.413793E0,-1.968686E0,-7.947529E0,-1.035387E1,7.070017E0,2.434867E1,1.675724E0,5.052776E0,1.371496E1,1.766544E1,-6.497103E0
2.448276E0,-1.980491E0,-8.007411E0,-1.037005E1,7.035020E0,2.426137E1,1.391656E0,4.947234E0,1.367268E1,1.773809E1,-6.487814E0
2.482759E0,-2.060808E0,-8.038141E0,-1.015309E1,7.123119E0,2.433074E1,1.580846E0,4.833246E0,1.382532E1,1.786478E1,-6.395544E0
2.517241E0,-1.980315E0,-7.914550E0,-1.019804E1,7.049208E0,2.423979E1,1.604676E0,5.106066E0,1.377169E1,1.766600E1,-6.631286E0
2.551724E0,-2.088449E0,-7.893952E0,-9.971978E0,7.015158E0,2.437157E1,1.529952E0,5.269274E0,1.371519E1,1.766973E1,-6.415059E0
2.586207E0,-2.192004E0,-7.950459E0,-1.009710E1,7.219174E0,2.441979E1,1.724296E0,5.125533E0,1.351490E1,1.781867E1,-6.423990E0
2.620690E0,-2.285771E0,-7.933184E0,-1.002747E1,7.342951E0,2.430113E1,1.619017E0,5.098335E0,1.340205E1,1.807770E1,-6.455206E0
2.655172E0,-2.199382E0,-8.161016E0,-1.017245E1,7.337238E0,2.458219E1,1.718545E0,4.941974E0,1.334329E1,1.813833E1,-6.327779E0
2.689655E0,-2.222463E0,-8.113817E0,-1.003319E1,7.331884E0,2.470081E1,1.647043E0,5.023461E0,1.340969E1,1.819348E1,-6.202471E0
2.724138E0,-2.207712E0,-8.142716E0,-1.011156E1,7.334996E0,2.475476E1,1.718285E0,5.134786E0,1.356073E1,1.806136E1,-6.191362E0
2.758621E0,-2.173672E0,-8.309032E0,-1.022214E1,7.261252E0,2.475510E1,1.667780E0,5.371595E0,1.339618E1,1.814264E1,-6.392244E0
2.793103E0,-2.081653E0,-8.388795E0,-9.967605E0,7.253567E0,2.467407E1,1.636038E0,5.363494E0,1.325034E1,1.779648E1,-6.589043E0
2.827586E0,-1.995681E0,-8.435971E0,-1.016935E1,7.122974E0,,,5.255054E0,1.313559E1,1.763889E1,-6.718119E0
2.862069E0,-1.998423E0,-8.591623E0,-1.007384E1,7.026346E0,2.471992E1,1.352459E0,5.406220E0,1.303098E1,1.762339E1,-6.742423E0
2.896552E0,-1.999055E0,-8.496247E0,-1.015314E1,6.987975E0,2.477071E1,1.156482E0,5.306703E0,1.286529E1,1.770707E1,-6.798063E0
2.931034E0,-1.936649E0,-8.599174E0,-1.030143E1,7.173772E0,2.469117E1,1.298557E0,5.319094E0,1.294979E1,1.785890E1,-6.921789E0
2.965517E0,-1.808417E0,-8.764229E0,-1.021345E1,7.349863E0,2.465165E1,1.347686E0,5.266879E0,1.282613E1,1.794839E1,-7.029156E0
3.000000E0,-1.743430E0,-8.934870E0,-1.027093E1,7.185753E0,2.458651E1,1.260303E0,5.348769E0,1.317092E1,1.790977E1,-7.159529E0
3.034483E0,-1.757525E0,-9.350430E0,-1.043378E1,7.281958E0,2.478079E1,1.209623E0,5.573663E0,1.300288E1,1.811837E1,-7.451699E0
3.068966E0,-1.731287E0,-9.240296E0,-1.019867E1,7.376213E0,2.459605E1,1.645555E0,5.536443E0,1.293892E1,1.789825E1,-7.487018E0
3.103448E0,-1.714391E0,-9.350186E0,-1.037009E1,7.472215E0,2.453146E1,1.625632E0,5.286913E0,1.284145E1,1.775628E1,-7.409408E0
3.137931E0,-1.742892E0,-9.306935E0,-1.031488E1,7.344654E0,2.456601E1,1.617583E0,5.016987E0,1.284529E1,1.767027E1,-7.360181E0
3.172414E0,-1.769893E0,-9.094065E0,-1.025394E1,7.351469E0,2.459177E1,1.869697E0,5.186850E0,1.288125E1,,
3.206897E0,-1.499776E0,-9.146341E0,-1.009758E1,7.562976E0,2.457241E1,1.836198E0,5.296941E0,1.284034E1,1.806696E1,-7.050670E0
3.241379E0,-1.465060E0,-9.313420E0,-1.010373E1,7.388767E0,2.451793E1,1.592742E0,5.313447E0,1.277338E1,1.818608E1,-7.044282E0
3.275862E0,-1.715340E0,-9.384144E0,-1.020657E1,7.432267E0,,,5.172118E0,1.269401E1,1.818572E1,-7.048969E0
3.310345E0,-1.779848E0,-9.661808E0,-1.010800E1,7.487676E0,2.470771E1,1.579155E0,,,,
3.344828E0,-2.005043E0,-9.662630E0,-1.019569E1,7.465132E0,2.471024E1,1.666471E0,5.186597E0,1.274385E1,1.794550E1,-6.977794E0
3.379310E0,-1.946263E0,-9.643107E0,-1.025935E1,7.446838E0,2.463396E1,1.521913E0,5.496000E0,1.276103E1,,
3.413793E0,-2.203602E0,-9.674125E0,-9.943940E0,7.347341E0,2.452309E1,1.579884E0,5.328781E0,1.296699E1,,
3.448276E0,-2.102443E0,-9.600665E0,-9.907975E0,7.171983E0,2.450651E1,1.516770E0,5.238685E0,1.294879E1,,
3.482759E0,-2.173709E0,-9.756058E0,-9.709461E0,7.256468E0,2.444481E1,1.392893E0,5.242225E0,1.274707E1,1.828559E1,-7.220712E0
3.517241E0,-2.275821E0,-9.749708E0,-9.640372E0,7.520503E0,2.439742E1,1.405539E0,5.091958E0,1.271764E1,1.825176E1,-7.144501E0
3.551724E0,-2.408246E0,-1.001360E1,-9.653270E0,7.482735E0,2.427538E1,1.241104E0,4.981526E0,1.227559E1,1.819698E1,-7.172263E0
3.586207E0,-2.503389E0,-9.963281E0,-9.715878E0,7.389445E0,2.427970E1,1.234909E0,5.021947E0,1.225202E1,1.824128E1,-6.948857E0
3.620690E0,,,-9.474965E0,7.557155E0,2.435898E1,9.570656E-1,4.834369E0,1.227749E1,1.835150E1,-7.054319E0
3.655172E0,,,-9.342405E0,7.544879E0,2.424206E1,6.084142E-1,4.933011E0,1.238462E1,1.831797E1,-6.913028E0
3.689655E0,,,-9.186315E0,7.406676E0,2.390451E1,4.217798E-1,5.069767E0,1.221877E1,1.842497E1,-6.867081E0
3.724138E0,-2.507550E0,-1.057980E1,-9.122991E0,7.337352E0,,,,,,
3.758621E0,-2.284514E0,-1.048823E1,-9.245903E0,7.309305E0,2.397886E1,4.858939E-1,5.015100E0,1.221142E1,1.855280E1,-6.807752E0
3.793103E0,-2.566750E0,-1.071293E1,-9.383470E0,7.599246E0,2.387422E1,4.936237E-1,4.934626E0,1.228298E1,1.858860E1,-6.738155E0
3.827586E0,-2.301450E0,-1.068285E1,,,,,,,,
3.862069E0,-2.525490E0,-1.056673E1,,,2.405175E1,1.700629E-1,5.015100E0,1.258928E1,1.877142E1,-7.038524E0
3.896552E0,-2.436252E0,-1.022697E1,-9.058059E0,7.402285E0,,,,,,
3.931034E0,-2.377035E0,-1.036413E1,-9.182357E0,7.573078E0,2.393028E1,7.288409E-2,4.723125E0,1.246905E1,1.867425E1,-6.892773E0
3.965517E0,-2.533664E0,-1.047481E1,-9.232679E0,7.401843E0,2.385832E1,2.607730E-1,4.749562E0,1.238944E1,1.872569E1,-6.843015E0
4.000000E0,-2.540771E0,-1.024699E1,-9.257873E0,7.536814E0,2.372518E1,4.956554E-1,5.043383E0,1.233206E1,1.891253E1,-6.730525E0
4.034483E0,-2.082813E0,-1.034167E1,-9.426737E0,7.418445E0,2.352156E1,4.883117E-1,5.162879E0,1.236365E1,1.896986E1,-6.853782E0
4.068966E0,-2.126080E0,-1.034029E1,-9.459832E0,7.454094E0,2.356613E1,4.990296E-1,5.381669E0,1.237439E1,1.891768E1,-6.940794E0
4.103448E0,-2.078231E0,-1.040699E1,-9.644272E0,7.594215E0,2.373572E1,4.043931E-1,5.500638E0,1.214741E1,1.877057E1,-6.913417E0
4.137931E0,-2.137723E0,-1.026908E1,-9.746675E0,7.579961E0,2.373640E1,2.245651E-1,5.386794E0,1.187879E1,1.887950E1,-7.030988E0
4.172414E0,-2.007175E0,-1.040371E1,-9.943695E0,7.586435E0,2.390380E1,3.141867E-1,5.609363E0,1.180318E1,1.923844E1,-7.013459E0
4.206897E0,-1.864241E0,-1.042747E1,-9.856874E0,7.658061E0,2.377608E1,3.265961E-1,5.892307E0,1.149258E1,1.929514E1,-7.140864E0
4.241379E0,-1.895392E0,-1.035686E1,-9.732266E0,7.774282E0,2.353761E1,5.280935E-1,5.984617E0,1.155272E1,1.924681E1,-7.454665E0
4.275862E0,-2.163650E0,-1.033384E1,-9.903158E0,7.841300E0,2.331773E1,6.804104E-1,6.033980E0,1.183654E1,1.937985E1,-7.414245E0
4.310345E0,-2.054555E0,-1.041253E1,-9.705790E0,7.788941E0,2.323426E1,8.047475E-1,6.009706E0,1.159683E1,1.935030E1,-7.236513E0
4.344828E0,-1.946325E0,-1.040378E1,-9.399115E0,7.727833E0,2.337689E1,8.367052E-1,6.104141E0,1.128125E1,1.937374E1,-7.150749E0
4.379310E0,-1.581005E0,-1.048472E1,-9.399203E0,7.808557E0,2.293417E1,9.602488E-1,6.088864E0,1.126223E1,1.943050E1,-7.267594E0
4.413793E0,-1.392174E0,-1.057612E1,-9.549395E0,7.723767E0,2.287439E1,8.979891E-1,6.271505E0,1.120476E1,1.921749E1,-7.207720E0
4.448276E0,-1.561319E0,-1.084246E1,-9.306509E0,7.831500E0,2.300201E1,6.362363E-1,6.607237E0,1.115094E1,1.911211E1,-7.053445E0
4.482759E0,-1.738326E0,-1.100839E1,-9.296413E0,7.723343E0,2.308262E1,8.524313E-1,6.601969E0,1.119713E1,1.900832E1,-7.242570E0
4.517241E0,-2.041799E0,-1.092634E1,-9.143184E0,7.645523E0,2.294321E1,7.405627E-1,6.710191E0,1.113899E1,1.919492E1,-7.228408E0
4.551724E0,-1.958187E0,-1.115747E1,-8.994114E0,7.679316E0,2.297895E1,9.013150E-1,6.701842E0,1.125945E1,1.926993E1,-7.083810E0
4.586207E0,-1.665718E0,-1.091778E1,-8.829242E0,7.495315E0,2.299619E1,9.689191E-1,6.761529E0,1.127413E1,1.943005E1,-7.135890E0
4.620690E0,-1.681827E0,-1.108447E1,-8.488084E0,7.324071E0,2.271699E1,8.409701E-1,6.919009E0,1.137789E1,1.935967E1,-7.354134E0
4.655172E0,-1.582430E0,-1.097452E1,-8.150541E0,7.271010E0,2.268931E1,7.020466E-1,7.044282E0,1.132618E1,1.923732E1,-7.077863E0
4.689655E0,-1.779381E0,-1.107318E1,-8.191460E0,7.194422E0,2.240774E1,7.524490E-1,6.904841E0,1.134226E1,1.914584E1,-6.931447E0
4.724138E0,-1.791794E0,-1.154932E1,-7.948314E0,6.964743E0,2.228319E1,6.448847E-1,6.779111E0,1.147354E1,1.902942E1,-6.937173E0
4.758621E0,-1.785368E0,-1.148458E1,-8.134067E0,7.224086E0,2.235824E1,7.011319E-1,6.411662E0,1.140177E1,1.881402E1,-6.704627E0
4.793103E0,-1.624618E0,-1.143622E1,-8.166798E0,7.271285E0,2.240246E1,7.223209E-1,6.361879E0,1.187174E1,1.853957E1,-6.438472E0
4.827586E0,-1.833291E0,-1.152152E1,-8.218268E0,7.206692E0,2.221015E1,8.513757E-1,6.406835E0,1.200167E1,1.860225E1,-6.388925E0
4.862069E0,-1.788488E0,-1.146745E1,-8.351682E0,7.336514E0,2.242929E1,7.236754E-1,6.358054E0,1.221106E1,1.843467E1,-6.463202E0
4.896552E0,-1.711843E0,-1.127891E1,-8.926612E0,7.070908E0,2.237511E1,5.828198E-1,6.421245E0,1.223444E1,1.879222E1,-6.586951E0
4.931034E0,-1.745507E0,-1.134979E1,-9.013742E0,6.960619E0,2.230842E1,7.494573E-1,6.326229E0,1.230494E1,1.890066E1,-6.572881E0
4.965517E0,-1.610764E0,-1.154366E1,-9.220729E0,7.185112E0,2.201213E1,9.307289E-1,6.482998E0,1.254427E1,1.904778E1,-6.623911E0
5.000000E0,-1.616021E0,-1.167093E1,-9.312569E0,7.404666E0,,,6.594260E0,1.268149E1,1.893566E1,-6.564185E0
5.034483E0,-1.507957E0,-1.150183E1,-9.482618E0,7.514655E0,2.186255E1,6.608272E-1,6.581422E0,1.255871E1,1.878901E1,-6.644439E0
5.068966E0,-1.426465E0,-1.152385E1,-9.480420E0,7.602572E0,2.182709E1,6.542823E-1,6.506278E0,1.278410E1,1.884791E1,-6.644570E0
5.103448E0,-1.246254E0,-1.173977E1,-9.574911E0,7.987480E0,2.184009E1,5.723367E-1,6.319519E0,1.280972E1,1.888743E1,-6.364433E0
5.137931E0,-1.221911E0,-1.199745E1,-9.621202E0,7.744460E0,2.180962E1,4.856025E-1,6.109691E0,1.269558E1,1.874332E1,-6.422414E0
5.172414E0,-1.172261E0,-1.215998E1,-9.299216E0,7.730934E0,2.189240E1,6.081623E-1,6.103868E0,1.285445E1,1.868919E1,-6.431781E0
5.206897E0,-1.068113E0,-1.212077E1,-9.384254E0,7.771013E0,2.166837E1,8.461140E-1,5.960598E0,1.283824E1,1.862239E1,-6.416411E0
5.241379E0,-8.578501E-1,-1.238396E1,-9.251614E0,7.631738E0,2.153077E1,5.847755E-1,6.147023E0,1.255251E1,1.857747E1,-6.513349E0
5.275862E0,-6.335679E-1,-1.245797E1,-9.203306E0,7.894619E0,2.193757E1,6.131346E-1,6.163656E0,1.265646E1,1.869278E1,-6.665954E0
5.310345E0,-4.734115E-1,-1.239345E1,-9.150131E0,7.787112E0,2.176910E1,3.955980E-1,6.075718E0,1.256213E1,1.866999E1,-6.662236E0
5.344828E0,-5.674848E-1,-1.234113E1,-9.025337E0,7.644693E0,2.181336E1,3.685738E-1,6.143483E0,1.263552E1,1.865199E1,-6.676972E0
5.379310E0,-6.823965E-1,-1.246025E1,-8.911752E0,7.620026E0,2.193592E1,3.357520E-1,6.213674E0,1.270878E1,1.893419E1,-6.886470E0
5.413793E0,-7.756457E-1,-1.254787E1,-8.873718E0,7.583197E0,2.201508E1,-6.965882E-2,6.159732E0,1.256047E1,1.890726E1,-6.849112E0
5.448276E0,-1.144662E0,-1.241606E1,-8.640988E0,7.625484E0,2.183015E1,-1.205186E-2,6.365832E0,1.243330E1,1.905718E1,-6.788302E0
5.482759E0,-1.357968E0,-1.192475E1,-8.412927E0,7.477559E0,2.175695E1,2.056460E-1,6.399475E0,1.252856E1,1.903771E1,-6.868324E0
5.517241E0,-1.036555E0,-1.229391E1,-8.515886E0,7.857368E0,,,6.403907E0,1.247588E1,1.915974E1,-6.921182E0
5.551724E0,-1.244800E0,-1.215653E1,-8.477646E0,8.171992E0,2.174544E1,-2.465042E-1,6.138394E0,1.255534E1,1.917376E1,-6.848431E0
5.586207E0,-1.332446E0,-1.209601E1,-8.735352E0,8.510315E0,2.155273E1,-4.637844E-1,6.088601E0,1.257863E1,1.955721E1,-6.738509E0
5.620690E0,-1.191559E0,-1.220438E1,-8.521402E0,8.595275E0,2.137746E1,-5.926618E-1,6.244184E0,1.248691E1,1.967987E1,-6.700785E0
5.655172E0,-1.197223E0,-1.218713E1,-8.412197E0,8.625481E0,2.126698E1,-7.601494E-1,6.228850E0,1.257233E1,1.955641E1,-6.855045E0
5.689655E0,-1.370728E0,-1.237943E1,-8.510427E0,8.714668E0,,,6.419096E0,1.272211E1,1.971522E1,-6.711344E0
5.724138E0,-1.632470E0,-1.265964E1,-8.493652E0,8.969902E0,2.123301E1,-7.440454E-1,6.777543E0,1.290752E1,1.975944E1,-6.420733E0
5.758621E0,-1.754050E0,-1.259076E1,-8.640734E0,8.705771E0,2.125987E1,-8.024661E-1,6.806992E0,1.286398E1,1.962334E1,-6.462238E0
5.793103E0,-1.746607E0,-1.269345E1,-8.817208E0,8.621188E0,2.108771E1,-9.426185E-1,7.036556E0,1.288277E1,1.940733E1,-6.635697E0
5.827586E0,-1.658412E0,-1.266886E1,-8.795648E0,8.740171E0,2.100379E1,-7.890871E-1,7.258516E0,1.311132E1,1.954860E1,-6.480753E0
5.862069E0,-1.698148E0,-1.245071E1,-8.938601E0,8.909987E0,2.096357E1,-6.732038E-1,7.333989E0,1.285180E1,1.959219E1,-6.595319E0
5.896552E0,-1.810057E0,-1.260460E1,-8.943847E0,8.785453E0,2.090628E1,-1.089961E0,7.339943E0,1.284881E1,1.958450E1,-6.756325E0
5.931034E0,-1.817308E0,-1.263945E1,-9.065883E0,8.344753E0,2.091983E1,-9.459825E-1,7.119090E0,1.292725E1,1.957774E1,-6.779928E0
5.965517E0,-2.035199E0,-1.216570E1,-9.039949E0,8.160345E0,,,7.280224E0,1.315498E1,1.947861E1,-6.479027E0
6.000000E0,-1.884887E0,-1.206854E1,-9.225409E0,8.140855E0,2.116068E1,-7.045462E-1,,,,
6.034483E0,-1.857726E0,-1.208481E1,-9.268165E0,8.217327E0,2.108563E1,-7.557436E-1,7.247850E0,1.303582E1,1.958519E1,-6.686294E0
6.068966E0,-1.811022E0,-1.219710E1,-9.243144E0,8.210368E0,2.100295E1,-9.381073E-1,7.608077E0,1.299593E1,1.984455E1,-6.776197E0
6.103448E0,-1.940462E0,-1.208041E1,-9.131414E0,8.340661E0,2.109511E1,-8.232489E-1,7.595021E0,1.288426E1,2.004544E1,-6.828009E0
6.137931E0,-1.979756E0,-1.203432E1,-9.070923E0,7.941998E0,2.127955E1,-6.899106E-1,7.717521E0,1.262483E1,2.005790E1,-6.765306E0
6.172414E0,-1.904977E0,-1.209533E1,-8.954358E0,8.093784E0,2.147420E1,-7.545222E-1,7.831830E0,1.272483E1,1.988705E1,-6.674048E0
6.206897E0,-1.870340E0,-1.179997E1,-9.023973E0,7.940357E0,2.145855E1,-6.896422E-1,7.705995E0,1.255192E1,1.974040E1,-6.550114E0
6.241379E0,-1.872871E0,-1.165111E1,-9.129187E0,8.052198E0,2.179995E1,-4.705403E-1,7.682380E0,1.264011E1,1.993105E1,-6.498916E0
6.275862E0,-1.649790E0,-1.160311E1,-9.075150E0,7.980919E0,2.187773E1,-4.922814E-1,7.795027E0,1.253079E1,2.004607E1,-6.233304E0
6.310345E0,-1.706362E0,-1.157351E1,-8.761877E0,7.947385E0,2.161917E1,-4.835139E-1,7.737952E0,1.255090E1,2.005155E1,-6.026207E0
6.344828E0,-1.518028E0,-1.124969E1,-8.761726E0,8.279591E0,2.154528E1,-4.250422E-1,7.680884E0,1.278481E1,1.981730E1,-5.896577E0
6.379310E0,-1.614259E0,-1.125110E1,-8.950574E0,8.683166E0,2.164289E1,-4.677055E-1,7.484986E0,1.282510E1,1.950844E1,-6.146638E0
6.413793E0,-1.857120E0,-1.140326E1,-9.029433E0,8.670221E0,2.179067E1,-5.394283E-1,7.605001E0,1.251482E1,1.953423E1,-6.493788E0
6.448276E0,-2.022042E0,-1.153225E1,-8.834864E0,8.689898E0,2.180613E1,-2.352184E-1,7.639571E0,1.258399E1,1.967314E1,-6.293685E0
6.482759E0,-1.790510E0,-1.185133E1,-8.565104E0,8.529079E0,2.177867E1,-1.505407E-1,7.937026E0,1.271634E1,1.977194E1,-5.980094E0
6.517241E0,-2.106740E0,-1.183121E1,-8.620631E0,8.476792E0,2.179137E1,-7.082737E-2,7.888492E0,1.277065E1,1.986307E1,-6.080267E0
6.551724E0,-2.215078E0,-1.186707E1,-8.622276E0,8.747336E0,2.174979E1,-2.707594E-1,7.686542E0,1.266187E1,2.000753E1,-6.283729E0
6.586207E0,-2.405583E0,-1.157813E1,-8.648395E0,8.880003E0,2.169285E1,7.833074E-3,7.493654E0,1.243355E1,2.000304E1,-6.015133E0
6.620690E0,-2.380130E0,-1.177386E1,-8.631059E0,8.923359E0,2.190600E1,-3.920252E-4,7.547506E0,1.228792E1,1.972649E1,-6.056735E0
6.655172E0,-2.212432E0,-1.174871E1,-8.663750E0,8.580747E0,2.169698E1,2.390099E-2,7.651744E0,1.212815E1,1.966086E1,-6.391158E0
6.689655E0,-2.185419E0,-1.187823E1,-8.845783E0,8.695849E0,2.164122E1,1.557274E-2,7.585265E0,1.219571E1,1.961554E1,-6.129439E0
6.724138E0,-2.002841E0,-1.179829E1,-9.092768E0,9.001248E0,2.176683E1,2.527714E-1,7.900419E0,1.208617E1,1.973064E1,-6.142072E0
6.758621E0,-2.138397E0,-1.164128E1,-9.039569E0,9.278177E0,2.186939E1,4.191070E-1,8.105004E0,1.203167E1,1.986097E1,-6.513305E0
6.793103E0,-2.290925E0,-1.187621E1,-9.178758E0,9.089026E0,2.163142E1,5.208845E-1,8.111919E0,1.183891E1,1.995270E1,-6.877885E0
6.827586E0,-2.188896E0,-1.187763E1,-9.144575E0,9.461150E0,2.162177E1,3.933338E-1,8.058882E0,1.164132E1,1.983006E1,-6.878160E0
6.862069E0,-2.062020E0,-1.171273E1,-9.048036E0,9.377797E0,2.156336E1,2.077284E-1,8.217366E0,1.179858E1,2.010844E1,-6.481283E0
6.896552E0,-2.216924E0,-1.190196E1,-9.155029E0,9.096185E0,2.166671E1,3.773365E-1,8.085021E0,1.160266E1,2.005325E1,-6.568049E0
6.931034E0,-2.083048E0,-1.236758E1,-9.245315E0,8.971739E0,2.171013E1,1.168564E-1,8.077526E0,1.147869E1,2.024096E1,-6.760214E0
6.965517E0,-2.189293E0,-1.230201E1,-8.976650E0,8.952447E0,2.166147E1,7.149336E-1,8.044198E0,1.155846E1,2.008122E1,-6.643935E0
7.000000E0,-2.170870E0,-1.203082E1,-8.959608E0,8.954845E0,2.150791E1,8.984450E-1,8.252102E0,1.129709E1,2.012203E1,-6.667559E0
7.034483E0,-2.076513E0,-1.227501E1,-8.859824E0,8.676793E0,2.155620E1,6.796592E-1,8.443843E0,1.105901E1,2.004136E1,-6.683266E0
7.068966E0,-1.948841E0,-1.213804E1,-8.789637E0,8.890543E0,2.165303E1,5.914995E-1,8.223663E0,1.087122E1,1.999597E1,-6.778109E0
7.103448E0,-1.914575E0,-1.186997E1,-8.962944E0,9.177061E0,2.190731E1,6.740041E-1,8.504842E0,1.096367E1,2.024269E1,-6.713724E0
7.137931E0,-1.950337E0,-1.222890E1,-9.113937E0,9.025763E0,2.198638E1,6.813753E-1,8.579565E0,1.084393E1,2.024093E1,-6.665716E0
7.172414E0,-2.043414E0,-1.228136E1,-9.168459E0,9.161546E0,2.204056E1,9.220708E-1,8.516296E0,1.092638E1,2.032433E1,-6.641251E0
7.206897E0,-1.783927E0,-1.216909E1,-9.060866E0,9.782125E0,2.209873E1,1.258971E0,8.544430E0,1.109771E1,1.995972E1,-6.459341E0
7.241379E0,-1.911246E0,-1.196481E1,-9.187719E0,9.596426E0,2.202798E1,1.290711E0,8.810430E0,1.092890E1,2.004464E1,-6.736507E0
7.275862E0,-1.794021E0,-1.222572E1,-9.605611E0,9.487652E0,2.218672E1,1.051647E0,8.864441E0,1.086064E1,2.006663E1,-6.741325E0
7.310345E0,-2.199029E0,-1.180235E1,-9.735239E0,9.591635E0,2.225710E1,1.103261E0,9.127862E0,1.086093E1,2.029298E1,-6.690767E0
7.344828E0,-2.163724E0,-1.192226E1,-9.750753E0,9.719797E0,2.225182E1,1.191726E0,9.078314E0,1.078629E1,2.021639E1,-6.677177E0
7.379310E0,-2.515308E0,-1.198731E1,-9.786367E0,9.596160E0,2.223788E1,1.337593E0,9.401715E0,1.036092E1,2.025981E1,-6.954532E0
7.413793E0,-2.352639E0,-1.175919E1,-9.704405E0,9.890050E0,2.239888E1,1.820603E0,9.531211E0,1.053841E1,2.065179E1,-6.821460E0
7.448276E0,-2.530514E0,-1.198307E1,-9.594784E0,9.744502E0,2.226871E1,1.346301E0,9.449318E0,1.052399E1,2.051233E1,-6.783228E0
7.482759E0,-2.795757E0,-1.210153E1,-9.601311E0,9.842233E0,2.223687E1,1.230176E0,9.348426E0,1.008814E1,2.063397E1,-6.772654E0
7.517241E0,-2.818339E0,-1.187124E1,-9.256956E0,1.016869E1,2.228560E1,1.196969E0,9.192508E0,1.026987E1,2.062544E1,-6.453780E0
7.551724E0,-3.052200E0,-1.212969E1,-9.251259E0,1.021214E1,2.230276E1,1.047594E0,9.097362E0,1.029167E1,2.069271E1,-6.444097E0
7.586207E0,-2.692029E0,-1.232579E1,-9.339827E0,9.859941E0,2.221048E1,1.092497E0,9.346093E0,1.023371E1,2.062855E1,-6.522076E0
7.620690E0,-2.748570E0,-1.233681E1,-9.509510E0,1.015571E1,2.201083E1,1.028972E0,9.248891E0,9.927703E0,2.061787E1,-6.703740E0
7.655172E0,-2.663035E0,-1.226016E1,-9.290633E0,1.013083E1,2.205868E1,7.114925E-1,9.283816E0,9.879529E0,2.035175E1,-6.968860E0
7.689655E0,-2.732629E0,-1.245040E1,-9.216218E0,1.002303E1,2.190932E1,5.026601E-1,9.188123E0,9.467424E0,2.021698E1,-7.165607E0
7.724138E0,-2.710577E0,-1.239126E1,-9.024427E0,1.013607E1,2.202538E1,6.131047E-1,9.090539E0,9.678586E0,1.999786E1,-7.096385E0
7.758621E0,-2.573120E0,-1.260572E1,-8.690205E0,1.006149E1,2.217130E1,5.434379E-1,8.878579E0,9.835388E0,2.004546E1,-7.071867E0
7.793103E0,-2.765530E0,-1.270111E1,-8.812119E0,1.018289E1,2.216557E1,5.059247E-1,8.800582E0,9.835100E0,1.988995E1,-7.226162E0
7.827586E0,-3.109045E0,-1.286863E1,-8.508352E0,1.026594E1,2.236419E1,6.818336E-1,8.899633E0,9.797243E0,1.999910E1,-7.349873E0
7.862069E0,-3.300105E0,-1.294335E1,-8.355737E0,1.011610E1,2.215411E1,6.134407E-1,8.812033E0,9.681502E0,2.004674E1,-7.364931E0
7.896552E0,-3.234397E0,-1.307867E1,-8.304529E0,9.951514E0,2.202038E1,3.875797E-1,8.552083E0,9.561324E0,2.000554E1,-7.739841E0
7.931034E0,-3.183355E0,-1.327402E1,-8.352335E0,9.853900E0,2.211630E1,4.501065E-1,8.537873E0,9.767307E0,1.982587E1,-7.861307E0
7.965517E0,-3.342004E0,-1.345223E1,-8.456797E0,9.951224E0,2.229756E1,3.662166E-1,8.709995E0,1.002504E1,1.986765E1,-7.546037E0
8.000000E0,-3.354104E0,-1.350200E1,-8.457862E0,9.812094E0,2.234822E1,3.566337E-1,8.735262E0,9.736398E0,1.995160E1,-7.568074E0
8.034483E0,-2.978618E0,-1.333205E1,-8.400575E0,9.717396E0,2.241924E1,6.592188E-1,8.578203E0,1.009639E1,1.973210E1,-7.377363E0
8.068966E0,-2.882412E0,-1.359596E1,-8.556637E0,9.655614E0,2.261806E1,8.304427E-1,8.567042E0,1.021909E1,1.973394E1,-7.673052E0
8.103448E0,-2.851953E0,-1.353557E1,-8.608909E0,9.718159E0,2.263750E1,5.257965E-1,8.280950E0,1.017385E1,1.971798E1,-7.956718E0
8.137931E0,-2.655460E0,-1.328125E1,-8.823598E0,9.558294E0,2.270784E1,8.318285E-1,8.339725E0,1.024999E1,1.993780E1,-7.642512E0
8.172414E0,-2.585417E0,-1.327546E1,-9.062718E0,9.589936E0,2.278179E1,9.297318E-1,8.131715E0,9.991450E0,1.991590E1,-7.675347E0
8.206897E0,-2.579408E0,-1.340401E1,-8.809519E0,9.657119E0,2.297122E1,9.885790E-1,8.253664E0,9.951505E0,1.992454E1,-7.840633E0
8.241379E0,-2.273114E0,-1.344670E1,-8.720481E0,9.793162E0,2.255128E1,1.116204E0,8.469771E0,9.658850E0,,
