#multi:
,mass A,,mass B,,mass C,,mass D,,mass E,,
t,x,y,x,y,x,y,x,y,x,y,
0.000000E0,-1.438619E0,-1.080495E1,-3.233624E1,6.559568E0,-1.088452E1,2.387075E1,4.293750E1,-3.101805E1,3.862627E1,-1.454029E1
3.448276E-2,-1.187024E0,-1.093256E1,-3.244350E1,6.452689E0,-1.099999E1,2.411105E1,4.297784E1,-3.115984E1,3.862345E1,-1.458705E1
6.896552E-2,-1.197054E0,-1.093017E1,-3.251565E1,6.313632E0,-1.108209E1,2.417526E1,4.290891E1,-3.137698E1,3.858650E1,-1.453137E1
1.034483E-1,-1.226500E0,-1.104197E1,-3.256425E1,6.303884E0,-1.093208E1,2.414399E1,4.303275E1,-3.109931E1,3.854566E1,-1.471939E1
1.379310E-1,-1.258482E0,-1.094149E1,-3.243002E1,6.512939E0,-1.111949E1,2.405566E1,4.312917E1,-3.079922E1,3.863222E1,-1.445422E1
1.724138E-1,-1.263989E0,-1.085329E1,-3.246867E1,6.558453E0,-1.096808E1,2.414605E1,4.295412E1,-3.094814E1,3.880679E1,-1.449232E1
2.068966E-1,-1.459464E0,-1.086625E1,-3.262566E1,6.685760E0,-1.105692E1,2.402806E1,4.298995E1,-3.111676E1,3.892551E1,-1.442257E1
2.413793E-1,-1.342917E0,-1.077877E1,-3.272306E1,6.565130E0,-1.114534E1,2.390981E1,4.295248E1,-3.093117E1,3.892576E1,-1.411504E1
2.758621E-1,-1.238083E0,-1.082437E1,-3.274562E1,6.523281E0,-1.108836E1,2.410781E1,4.299928E1,-3.079114E1,3.898553E1,-1.421560E1
3.103448E-1,-1.356963E0,-1.086242E1,-3.270969E1,6.483498E0,-1.116117E1,2.414564E1,4.310862E1,-3.096718E1,3.880163E1,-1.415239E1
3.448276E-1,-1.616817E0,-1.095402E1,-3.282051E1,6.708485E0,-1.136439E1,2.441057E1,4.298422E1,-3.086022E1,3.876192E1,-1.434113E1
3.793103E-1,-1.503125E0,-1.112852E1,-3.276595E1,6.701739E0,-1.113554E1,2.421590E1,4.308402E1,-3.098703E1,3.868551E1,-1.450615E1
4.137931E-1,-1.395903E0,-1.134271E1,-3.272600E1,6.637346E0,-1.111322E1,2.418937E1,4.309414E1,-3.091562E1,3.870994E1,-1.446014E1
4.482759E-1,-1.463918E0,-1.127606E1,-3.254241E1,6.563030E0,-1.110677E1,2.419897E1,4.314371E1,-3.091582E1,3.873879E1,-1.427466E1
4.827586E-1,-1.613631E0,-1.134350E1,-3.229800E1,6.477509E0,-1.101057E1,2.417581E1,4.316158E1,-3.094878E1,3.864157E1,-1.416017E1
5.172414E-1,-1.697849E0,-1.138432E1,-3.231901E1,6.445742E0,-1.090554E1,2.429020E1,4.327728E1,-3.102099E1,3.855055E1,-1.404338E1
5.517241E-1,-1.923679E0,-1.125397E1,-3.243542E1,6.644137E0,-1.104173E1,2.459237E1,4.332876E1,-3.078876E1,3.843228E1,-1.398598E1
5.862069E-1,-1.990011E0,-1.128881E1,-3.245534E1,6.923327E0,-1.128583E1,2.452926E1,4.324696E1,-3.084087E1,3.830823E1,-1.390053E1
6.206897E-1,-1.878721E0,-1.133968E1,-3.241393E1,6.824816E0,-1.128194E1,2.459763E1,4.309235E1,-3.095352E1,3.812561E1,-1.394244E1
6.551724E-1,-1.824157E0,-1.136441E1,-3.221701E1,6.978414E0,-1.119701E1,2.441706E1,4.324157E1,-3.097252E1,3.803426E1,-1.391838E1
6.896552E-1,-1.862503E0,-1.134836E1,-3.229034E1,6.951107E0,-1.120780E1,2.466194E1,4.339430E1,-3.097913E1,3.794626E1,-1.375251E1
7.241379E-1,-1.832116E0,-1.133646E1,-3.216649E1,6.924214E0,-1.117893E1,2.445269E1,4.336033E1,-3.095676E1,3.803204E1,-1.377296E1
7.586207E-1,-1.730170E0,-1.134448E1,-3.230743E1,6.885477E0,-1.116085E1,2.453393E1,4.336022E1,-3.081211E1,3.810407E1,-1.370036E1
7.931034E-1,-1.625121E0,-1.123059E1,-3.236177E1,6.813351E0,-1.112156E1,2.454421E1,4.320882E1,-3.064232E1,3.801403E1,-1.376246E1
8.275862E-1,-1.557776E0,-1.129680E1,-3.253914E1,6.745235E0,-1.109614E1,2.451825E1,4.309940E1,-3.077100E1,3.794279E1,-1.373442E1
8.620690E-1,-1.667258E0,-1.140453E1,-3.268881E1,6.678646E0,-1.121888E1,2.426504E1,4.318145E1,-3.097487E1,3.801051E1,-1.386645E1
8.965517E-1,-1.745451E0,-1.098852E1,-3.263821E1,6.640851E0,-1.124612E1,2.425190E1,4.312824E1,-3.090075E1,3.799191E1,-1.374099E1
9.310345E-1,-1.689968E0,-1.086732E1,-3.250932E1,6.722964E0,-1.123707E1,2.413518E1,4.319458E1,-3.099245E1,3.813735E1,-1.391370E1
9.655172E-1,-1.604539E0,-1.113710E1,-3.262110E1,6.822539E0,-1.116761E1,2.415539E1,4.328650E1,-3.097031E1,3.814343E1,-1.393863E1
1.000000E0,-1.481965E0,-1.110810E1,-3.237578E1,6.921234E0,-1.116503E1,2.428686E1,4.338879E1,-3.116986E1,3.835794E1,-1.396288E1
1.034483E0,-1.577816E0,-1.087228E1,-3.233933E1,6.904157E0,-1.120844E1,2.425839E1,4.330389E1,-3.107892E1,3.855448E1,-1.383438E1
1.068966E0,-1.556874E0,-1.082536E1,-3.235426E1,6.744345E0,-1.122008E1,2.418783E1,4.319161E1,-3.112487E1,3.872979E1,-1.376623E1
1.103448E0,-1.624302E0,-1.081111E1,-3.239333E1,6.824635E0,-1.110216E1,2.416438E1,4.312557E1,-3.084390E1,3.880640E1,-1.395722E1
1.137931E0,-1.563092E0,-1.062156E1,-3.220162E1,6.783921E0,-1.111806E1,2.416441E1,4.313728E1,-3.087713E1,3.864444E1,-1.382799E1
1.172414E0,-1.660923E0,-1.071696E1,-3.219511E1,6.669808E0,-1.135967E1,2.418529E1,4.305910E1,-3.095239E1,3.872371E1,-1.364530E1
1.206897E0,-1.476085E0,-1.076203E1,-3.228040E1,6.522287E0,-1.133219E1,2.402199E1,4.304804E1,-3.112740E1,3.886778E1,-1.349452E1
1.241379E0,-1.487838E0,-1.084860E1,-3.231125E1,6.485010E0,-1.145628E1,2.388997E1,4.311668E1,-3.110564E1,3.876029E1,-1.355421E1
1.275862E0,-1.445807E0,-1.096692E1,-3.249316E1,6.345881E0,-1.133913E1,2.389078E1,4.309276E1,-3.105265E1,3.885894E1,-1.354432E1
1.310345E0,-1.319618E0,-1.088392E1,-3.250016E1,6.320395E0,-1.135907E1,2.390152E1,4.312646E1,-3.095527E1,3.886954E1,-1.358853E1
1.344828E0,-1.121764E0,-1.080229E1,-3.254336E1,6.368902E0,-1.141692E1,2.385662E1,4.336522E1,-3.105228E1,3.894810E1,-1.348428E1
1.379310E0,-9.577655E-1,-1.081263E1,-3.266824E1,6.372495E0,-1.141701E1,2.383674E1,4.356899E1,-3.077150E1,3.883963E1,-1.338653E1
1.413793E0,-9.588014E-1,-1.096996E1,-3.262233E1,6.393100E0,-1.144182E1,2.402775E1,4.361055E1,-3.090301E1,3.892984E1,-1.340010E1
1.448276E0,-9.662699E-1,-1.087803E1,-3.272215E1,6.533388E0,-1.153883E1,2.406868E1,4.361915E1,-3.083588E1,3.880318E1,-1.344327E1
1.482759E0,-1.050313E0,-1.095813E1,-3.294443E1,6.645116E0,-1.154047E1,2.391776E1,4.355996E1,-3.068876E1,3.869328E1,-1.341133E1
1.517241E0,-1.132827E0,-1.101966E1,-3.293989E1,6.555424E0,-1.160602E1,2.398970E1,4.352819E1,-3.072521E1,3.864172E1,-1.354148E1
1.551724E0,-1.258968E0,-1.115240E1,-3.292723E1,6.477138E0,-1.172517E1,2.397895E1,4.354517E1,-3.070168E1,3.868565E1,-1.349919E1
1.586207E0,-1.278735E0,-1.143292E1,-3.282953E1,6.375002E0,-1.175799E1,2.407579E1,4.339284E1,-3.066314E1,3.870713E1,-1.337296E1
1.620690E0,-1.156035E0,-1.146276E1,-3.285739E1,6.160441E0,-1.152205E1,2.398665E1,4.348443E1,-3.064345E1,3.870069E1,-1.348313E1
1.655172E0,-1.203608E0,-1.152489E1,-3.261592E1,6.386261E0,-1.136877E1,2.413314E1,4.361317E1,-3.072575E1,3.875680E1,-1.336542E1
1.689655E0,-1.133202E0,-1.153585E1,-3.271866E1,6.491951E0,-1.145710E1,2.414250E1,4.352707E1,-3.086116E1,3.849366E1,-1.322396E1
1.724138E0,-1.128400E0,-1.146627E1,-3.268797E1,6.526719E0,-1.131517E1,2.406924E1,4.351414E1,-3.099430E1,3.843103E1,-1.326447E1
1.758621E0,-1.231484E0,-1.147087E1,-3.259635E1,6.558926E0,-1.131590E1,2.407264E1,4.340483E1,-3.112343E1,3.849744E1,-1.306187E1
1.793103E0,-1.177804E0,-1.151160E1,-3.242394E1,6.733827E0,-1.129218E1,2.404187E1,4.350094E1,-3.092314E1,3.847767E1,-1.317407E1
1.827586E0,-1.297480E0,-1.135713E1,-3.229759E1,6.934046E0,-1.120415E1,2.397795E1,4.346853E1,-3.089103E1,3.855475E1,-1.313197E1
1.862069E0,-1.201619E0,-1.128440E1,-3.241184E1,7.069051E0,-1.121313E1,2.398183E1,4.357469E1,-3.070233E1,3.848221E1,-1.315846E1
1.896552E0,-1.263509E0,-1.122193E1,-3.241224E1,7.033680E0,-1.137600E1,2.411100E1,4.359738E1,-3.074098E1,3.858114E1,-1.328140E1
1.931034E0,-1.350133E0,-1.101598E1,-3.238710E1,7.047900E0,-1.139074E1,2.420520E1,4.352736E1,-3.076966E1,3.862279E1,-1.332587E1
1.965517E0,-1.306601E0,-1.104454E1,-3.234958E1,6.843436E0,-1.133009E1,2.423204E1,4.356850E1,-3.071460E1,3.842847E1,-1.349334E1
2.000000E0,-1.183410E0,-1.100249E1,-3.247724E1,6.775052E0,-1.130778E1,2.418984E1,4.350955E1,-3.072857E1,3.835325E1,-1.327553E1
2.034483E0,-1.181348E0,-1.114014E1,-3.260717E1,6.751262E0,-1.144280E1,2.422018E1,4.342443E1,-3.073716E1,3.851913E1,-1.303177E1
2.068966E0,-1.268976E0,-1.100061E1,-3.257494E1,6.847130E0,-1.127782E1,2.421146E1,4.360999E1,-3.078285E1,3.872112E1,-1.293104E1
2.103448E0,-1.173221E0,-1.095694E1,-3.233271E1,6.787225E0,-1.102825E1,2.418125E1,4.354402E1,-3.071481E1,3.880895E1,-1.289991E1
2.137931E0,-1.235305E0,-1.098915E1,-3.238710E1,6.849572E0,-1.081205E1,2.423718E1,4.348443E1,-3.046568E1,3.879274E1,-1.281043E1
2.172414E0,-1.349032E0,-1.087890E1,-3.233157E1,6.718556E0,-1.095946E1,2.453316E1,4.348567E1,-3.049705E1,3.902188E1,-1.282415E1
2.206897E0,-1.427846E0,-1.088100E1,-3.237942E1,6.737224E0,-1.084108E1,2.440141E1,4.330791E1,-3.063840E1,3.897967E1,-1.294926E1
2.241379E0,-1.520601E0,-1.088979E1,-3.238650E1,6.734190E0,-1.066491E1,2.435557E1,4.325094E1,-3.068719E1,3.895824E1,-1.282866E1
2.275862E0,-1.521139E0,-1.087295E1,-3.232793E1,6.743840E0,-1.057553E1,2.452876E1,4.299368E1,-3.068428E1,3.887986E1,-1.274185E1
2.310345E0,-1.345498E0,-1.096435E1,-3.232764E1,6.688282E0,-1.024642E1,2.427880E1,4.298396E1,-3.079066E1,3.903402E1,-1.283936E1
2.344828E0,-1.328756E0,-1.086017E1,-3.232887E1,6.768025E0,-1.032855E1,2.406511E1,4.298122E1,-3.081345E1,3.900085E1,-1.293397E1
2.379310E0,-1.419766E0,-1.078730E1,-3.249378E1,6.858486E0,-1.018123E1,2.385822E1,4.317650E1,-3.085354E1,3.878568E1,-1.293955E1
2.413793E0,-1.451021E0,-1.080219E1,-3.247173E1,6.878808E0,-1.004556E1,2.388186E1,4.333264E1,-3.106436E1,3.882497E1,-1.301718E1
2.448276E0,-1.591663E0,-1.092738E1,-3.209329E1,7.021167E0,-9.927094E0,2.381999E1,4.346923E1,-3.099819E1,3.888349E1,-1.324017E1
2.482759E0,-1.675624E0,-1.097588E1,-3.215393E1,7.014254E0,-9.879308E0,2.387777E1,4.355856E1,-3.109133E1,3.869724E1,-1.343112E1
2.517241E0,-1.659082E0,-1.088257E1,-3.228889E1,6.974289E0,-9.861033E0,2.394020E1,4.365469E1,-3.087170E1,3.873571E1,-1.354995E1
2.551724E0,-1.692625E0,-1.086115E1,-3.231929E1,6.879110E0,-9.811630E0,2.370353E1,4.377557E1,-3.087204E1,3.884536E1,-1.357802E1
2.586207E0,-1.670360E0,-1.112099E1,-3.238080E1,6.923562E0,-9.591444E0,2.360963E1,4.389384E1,-3.094718E1,3.886593E1,-1.370062E1
2.620690E0,-1.849191E0,-1.109321E1,-3.240945E1,6.796213E0,-9.587953E0,2.360366E1,4.392611E1,-3.093211E1,3.896811E1,-1.369807E1
2.655172E0,-1.731879E0,-1.121381E1,-3.249186E1,7.005064E0,-9.633253E0,2.351887E1,4.408866E1,-3.099350E1,3.894726E1,-1.374004E1
2.689655E0,-1.530433E0,-1.122058E1,-3.258518E1,6.987050E0,-9.499058E0,2.347362E1,4.406060E1,-3.083921E1,3.895263E1,-1.365994E1
2.724138E0,-1.714239E0,-1.130177E1,-3.272653E1,6.841263E0,-9.467256E0,2.361626E1,4.417443E1,-3.065619E1,3.879427E1,-1.373106E1
2.758621E0,-1.736981E0,-1.135087E1,-3.250630E1,6.802515E0,-9.719519E0,2.358528E1,4.424110E1,-3.047568E1,3.874033E1,-1.380294E1
2.793103E0,-1.672624E0,-1.127284E1,-3.252221E1,6.810070E0,-9.879439E0,2.369820E1,4.441509E1,-3.040886E1,3.881062E1,-1.397144E1
2.827586E0,-1.532701E0,-1.121694E1,-3.276319E1,6.968826E0,-9.739016E0,2.362810E1,4.461862E1,-3.041466E1,3.847692E1,-1.409936E1
2.862069E0,-1.434340E0,-1.121452E1,-3.281385E1,6.885327E0,-9.788807E0,2.347481E1,4.448344E1,-3.045115E1,3.845443E1,-1.434212E1
2.896552E0,-1.534824E0,-1.107716E1,-3.254002E1,6.791857E0,-9.664287E0,2.347020E1,4.444846E1,-3.014183E1,3.843768E1,-1.436849E1
2.931034E0,-1.529540E0,-1.089087E1,-3.276043E1,6.791700E0,-9.556188E0,2.345157E1,4.450967E1,-3.015071E1,3.847161E1,-1.456651E1
2.965517E0,-1.298771E0,-1.091629E1,-3.259406E1,6.774639E0,-9.565666E0,2.350737E1,4.440816E1,-3.026656E1,3.828780E1,-1.436332E1
3.000000E0,-1.329981E0,-1.096289E1,-3.260943E1,6.915707E0,-9.677424E0,2.344725E1,4.451005E1,-3.014750E1,3.822923E1,-1.441455E1
3.034483E0,-1.163139E0,-1.101921E1,-3.277354E1,7.094051E0,-9.393545E0,2.340087E1,4.470093E1,-3.003445E1,3.811078E1,-1.443764E1
3.068966E0,-1.035595E0,-1.092855E1,-3.252787E1,7.244676E0,-9.228400E0,2.315976E1,4.472769E1,-2.997144E1,3.808789E1,-1.446234E1
3.103448E0,-1.152739E0,-1.101849E1,-3.274149E1,7.251956E0,-9.037933E0,2.296990E1,4.470767E1,-3.012376E1,3.797626E1,-1.472857E1
3.137931E0,-9.699032E-1,-1.139329E1,-3.278137E1,7.124624E0,-8.895969E0,2.287742E1,4.451190E1,-3.027656E1,3.798931E1,-1.470446E1
3.172414E0,-1.112090E0,-1.145400E1,-3.267346E1,7.231803E0,-8.878468E0,2.305504E1,4.444041E1,-3.034606E1,3.797715E1,-1.461099E1
3.206897E0,-1.160833E0,-1.125086E1,-3.276133E1,7.093965E0,-8.721143E0,2.310148E1,4.453793E1,-3.045038E1,3.786867E1,-1.442658E1
3.241379E0,-8.413585E-1,-1.121326E1,-3.275080E1,7.036413E0,-8.829734E0,2.286733E1,4.460557E1,-3.049488E1,3.795349E1,-1.436772E1
3.275862E0,-1.059923E0,-1.137791E1,-3.331555E1,7.331476E0,-8.772513E0,2.271746E1,4.471570E1,-3.037933E1,3.808700E1,-1.439782E1
3.310345E0,-9.112640E-1,-1.121552E1,-3.309824E1,7.375781E0,-8.787094E0,2.271602E1,4.472988E1,-3.030037E1,3.797184E1,-1.463290E1
3.344828E0,-9.102723E-1,-1.127367E1,-3.338550E1,7.357643E0,-9.012351E0,2.260556E1,4.472729E1,-3.048269E1,3.807919E1,-1.441787E1
3.379310E0,-1.071278E0,-1.114552E1,-3.301649E1,7.531356E0,-9.083710E0,2.254778E1,4.464294E1,-3.052188E1,3.813052E1,-1.445096E1
3.413793E0,-1.190996E0,-1.105958E1,-3.284921E1,7.411371E0,-9.046415E0,2.270230E1,4.484099E1,-3.043296E1,3.828009E1,-1.426030E1
3.448276E0,-1.246489E0,-1.096960E1,-3.296294E1,7.515623E0,-8.816746E0,2.272772E1,4.480876E1,-3.046618E1,3.821033E1,-1.401441E1
3.482759E0,-1.226023E0,-1.088044E1,-3.307991E1,7.636710E0,-8.860075E0,2.246623E1,4.482247E1,-3.017083E1,3.821195E1,-1.394596E1
3.517241E0,-1.253168E0,-1.100108E1,-3.319037E1,7.556567E0,-8.763384E0,2.239918E1,4.491294E1,-3.015429E1,3.847203E1,-1.391243E1
3.551724E0,-1.045130E0,-1.094939E1,-3.328186E1,7.464106E0,-8.900360E0,2.252759E1,4.493244E1,-3.019217E1,3.846571E1,-1.387176E1
3.586207E0,-1.111994E0,-1.105139E1,-3.329931E1,7.502003E0,-8.920493E0,2.270828E1,4.500463E1,-3.008790E1,3.853045E1,-1.377787E1
3.620690E0,-1.366788E0,-1.104546E1,-3.327029E1,7.317733E0,-8.855322E0,2.256292E1,4.508086E1,-3.024254E1,3.855897E1,-1.382040E1
3.655172E0,-1.189877E0,-1.107924E1,-3.327485E1,7.185934E0,-8.838344E0,2.274748E1,4.511463E1,-3.019046E1,3.867498E1,-1.371010E1
3.689655E0,-1.218481E0,-1.103013E1,-3.325944E1,6.899694E0,-8.886056E0,2.273525E1,4.512603E1,-3.003505E1,3.867226E1,-1.369679E1
3.724138E0,-1.193175E0,-1.119237E1,-3.292548E1,7.100652E0,-8.816412E0,2.260115E1,4.530349E1,-3.020526E1,3.875238E1,-1.364807E1
3.758621E0,-1.224478E0,-1.136655E1,-3.285429E1,7.044678E0,-8.779782E0,2.238539E1,4.552231E1,-3.020418E1,3.878757E1,-1.359657E1
3.793103E0,-1.118217E0,-1.134266E1,-3.285193E1,7.052786E0,-8.671269E0,2.264754E1,4.537262E1,-3.020036E1,3.878390E1,-1.350255E1
3.827586E0,-1.408551E0,-1.114083E1,-3.311148E1,6.759664E0,-8.673652E0,2.295681E1,4.547292E1,-3.025583E1,3.875563E1,-1.336980E1
3.862069E0,-1.506175E0,-1.110485E1,-3.325997E1,6.896887E0,-9.020544E0,2.300943E1,4.555173E1,-3.036474E1,3.885415E1,-1.342313E1
3.896552E0,-1.456776E0,-1.135198E1,-3.324835E1,6.898065E0,-8.855391E0,2.298270E1,4.575091E1,-3.031742E1,3.890915E1,-1.313416E1
3.931034E0,-1.374252E0,-1.128408E1,-3.294127E1,7.154736E0,-9.015134E0,2.303734E1,4.584387E1,-3.048664E1,3.885820E1,-1.319434E1
3.965517E0,-1.238640E0,-1.119333E1,-3.308999E1,7.050775E0,-9.047048E0,2.317974E1,4.579879E1,-3.031395E1,3.885881E1,-1.310099E1
4.000000E0,-1.252789E0,-1.117549E1,-3.325751E1,6.909847E0,-9.104405E0,2.324079E1,4.590060E1,-3.048991E1,3.890785E1,-1.298606E1
4.034483E0,-1.331581E0,-1.126781E1,-3.322620E1,6.882016E0,-9.429080E0,2.301652E1,4.584128E1,-3.061885E1,3.880476E1,-1.313076E1
4.068966E0,-1.024270E0,-1.128286E1,-3.325975E1,6.904760E0,-9.425554E0,2.315370E1,4.593272E1,-3.067919E1,3.903747E1,-1.309776E1
4.103448E0,-8.813735E-1,-1.133725E1,-3.335908E1,7.579035E0,-9.448794E0,2.308847E1,4.593809E1,-3.051703E1,3.899219E1,-1.302982E1
4.137931E0,-6.903634E-1,-1.130753E1,-3.335754E1,7.504955E0,-9.627372E0,2.339002E1,4.589304E1,-3.067687E1,3.904041E1,-1.297736E1
4.172414E0,-9.822141E-1,-1.127891E1,-3.307104E1,7.507053E0,-9.794507E0,2.324038E1,4.573359E1,-3.046831E1,3.918131E1,-1.289399E1
4.206897E0,-9.814817E-1,-1.131326E1,-3.313330E1,7.776685E0,-9.698237E0,2.327864E1,4.566867E1,-3.036475E1,3.904903E1,-1.287614E1
4.241379E0,-7.856553E-1,-1.134797E1,-3.353301E1,7.126163E0,-9.693535E0,2.336694E1,4.576790E1,-3.030836E1,3.895407E1,-1.275750E1
4.275862E0,-8.840649E-1,-1.127983E1,-3.355840E1,7.163177E0,-9.468479E0,2.358239E1,4.564568E1,-3.035849E1,3.899466E1,-1.261288E1
4.310345E0,-8.226452E-1,-1.118622E1,-3.353746E1,7.502843E0,-9.638246E0,2.362304E1,4.563083E1,-3.019012E1,3.907540E1,-1.270925E1
4.344828E0,-9.321882E-1,-1.130831E1,-3.369674E1,6.826809E0,-9.776427E0,2.375156E1,4.575364E1,-3.017139E1,3.910430E1,-1.282795E1
4.379310E0,-8.997095E-1,-1.126168E1,-3.364626E1,6.919503E0,-9.867987E0,2.381937E1,4.565523E1,-3.016789E1,3.925420E1,-1.277921E1
4.413793E0,-1.002236E0,-1.130633E1,-3.335829E1,7.194824E0,-9.948525E0,2.371826E1,4.574121E1,-3.010482E1,3.928184E1,-1.287204E1
4.448276E0,-9.243919E-1,-1.151870E1,-3.353757E1,7.099339E0,-1.020921E1,2.356421E1,4.561941E1,-3.005958E1,3.912562E1,-1.284297E1
4.482759E0,-7.370781E-1,-1.142630E1,-3.340606E1,7.084086E0,-1.032331E1,2.351056E1,4.572757E1,-3.000728E1,3.907657E1,-1.303266E1
4.517241E0,-8.671196E-1,-1.155004E1,-3.316226E1,6.851104E0,-1.035526E1,2.351671E1,4.576035E1,-2.979609E1,3.918757E1,-1.306819E1
4.551724E0,-9.183857E-1,-1.152162E1,-3.319917E1,7.214578E0,-1.015370E1,2.372842E1,4.589614E1,-2.987280E1,3.898760E1,-1.292431E1
4.586207E0,-9.924844E-1,-1.146944E1,-3.334998E1,7.183993E0,-1.027978E1,2.388553E1,4.574909E1,-2.978765E1,3.888293E1,-1.290506E1
4.620690E0,-1.084712E0,-1.144308E1,-3.300664E1,7.125178E0,-1.046271E1,2.383712E1,4.584670E1,-2.968894E1,3.888929E1,-1.295669E1
4.655172E0,-9.633131E-1,-1.144768E1,-3.293682E1,7.013125E0,-1.069614E1,2.385497E1,4.574900E1,-2.959811E1,3.880895E1,-1.296633E1
4.689655E0,-7.622148E-1,-1.131251E1,-3.294551E1,6.995560E0,-1.058054E1,2.397284E1,4.597797E1,-2.963073E1,3.889126E1,-1.304079E1
4.724138E0,-7.840563E-1,-1.134312E1,-3.314342E1,6.835128E0,-1.052591E1,2.404883E1,4.614243E1,-2.982745E1,3.888085E1,-1.321340E1
4.758621E0,-9.381449E-1,-1.137730E1,-3.256571E1,6.724787E0,-1.041502E1,2.408740E1,4.627543E1,-2.998041E1,3.900546E1,-1.325173E1
4.793103E0,-6.313824E-1,-1.135090E1,-3.242273E1,6.861091E0,-1.045212E1,2.422746E1,4.624290E1,-3.003907E1,3.907887E1,-1.333230E1
4.827586E0,-6.025279E-1,-1.148211E1,-3.266140E1,7.119386E0,-1.041879E1,2.400558E1,4.624045E1,-3.003810E1,3.918318E1,-1.321213E1
4.862069E0,-7.610152E-1,-1.130714E1,-3.248153E1,7.297853E0,-1.035968E1,2.417899E1,4.614778E1,-3.012571E1,3.930572E1,-1.337762E1
4.896552E0,-6.905693E-1,-1.120270E1,-3.274328E1,7.139343E0,-1.041792E1,2.426996E1,4.602930E1,-3.024616E1,3.929000E1,-1.333510E1
4.931034E0,-5.110449E-1,-1.125654E1,-3.256444E1,7.368552E0,-1.040114E1,2.422755E1,4.594351E1,-3.035701E1,3.918718E1,-1.325688E1
4.965517E0,-2.657838E-1,-1.130198E1,-3.284643E1,7.142640E0,-1.042769E1,2.421712E1,4.594266E1,-3.037580E1,3.907884E1,-1.327264E1
5.000000E0,-2.888501E-1,-1.126740E1,-3.297447E1,6.890563E0,-1.033220E1,2.439214E1,4.592630E1,-3.044259E1,3.887599E1,-1.327579E1
5.034483E0,-2.162416E-1,-1.121707E1,-3.289731E1,6.933506E0,-1.023970E1,2.430937E1,4.603275E1,-3.050033E1,3.887303E1,-1.333929E1
5.068966E0,-3.612023E-1,-1.124515E1,-3.306182E1,6.699356E0,-1.026890E1,2.416735E1,4.596002E1,-3.055001E1,3.881143E1,-1.328450E1
5.103448E0,-1.543011E-1,-1.095996E1,-3.294659E1,6.789295E0,-1.040033E1,2.428497E1,4.603246E1,-3.036588E1,3.884682E1,-1.307146E1
5.137931E0,-4.609294E-2,-1.126020E1,-3.271117E1,6.924150E0,-1.042391E1,2.415756E1,4.595473E1,-3.042628E1,3.891407E1,-1.301704E1
5.172414E0,-2.936795E-2,-1.147728E1,-3.264955E1,6.965846E0,-1.030762E1,2.433108E1,4.604084E1,-3.047406E1,3.880606E1,-1.325282E1
5.206897E0,-1.408650E-2,-1.129641E1,-3.277278E1,7.138269E0,-1.024908E1,2.438657E1,4.586369E1,-3.038002E1,3.871528E1,-1.309133E1
5.241379E0,-5.725304E-2,-1.141611E1,-3.242165E1,7.087980E0,-1.038115E1,2.441451E1,4.582231E1,-3.038922E1,3.859976E1,-1.305546E1
5.275862E0,-1.119590E-1,-1.135466E1,-3.252633E1,7.201529E0,-1.038886E1,2.442061E1,4.572547E1,-3.034583E1,3.857267E1,-1.325005E1
5.310345E0,-1.279932E-1,-1.143139E1,-3.255756E1,7.408003E0,-1.058768E1,2.428940E1,4.579466E1,-3.041375E1,3.858487E1,-1.331606E1
5.344828E0,-2.520669E-1,-1.154788E1,-3.248918E1,7.409371E0,-1.046178E1,2.427277E1,4.571600E1,-3.021149E1,3.856400E1,-1.342878E1
5.379310E0,-4.326367E-1,-1.167349E1,-3.252493E1,7.416438E0,-1.051681E1,2.433435E1,4.569256E1,-3.015917E1,3.833774E1,-1.355631E1
5.413793E0,-2.507973E-1,-1.169164E1,-3.256390E1,7.319021E0,-1.045278E1,2.430487E1,4.562937E1,-3.008811E1,3.852608E1,-1.363945E1
5.448276E0,-3.504031E-1,-1.176152E1,-3.251919E1,7.413083E0,-1.025311E1,2.429365E1,4.591092E1,-3.004053E1,3.843622E1,-1.367916E1
5.482759E0,-4.607258E-1,-1.173230E1,-3.258901E1,7.306071E0,-1.028608E1,2.443297E1,4.586724E1,-3.024457E1,3.845547E1,-1.359278E1
5.517241E0,-5.438671E-1,-1.184829E1,-3.272495E1,7.191230E0,-1.042324E1,2.430080E1,4.598703E1,-3.020042E1,3.836635E1,-1.355464E1
5.551724E0,-2.171714E-1,-1.175289E1,-3.280806E1,7.141607E0,-1.032616E1,2.428743E1,4.611103E1,-3.016285E1,3.857216E1,-1.357371E1
5.586207E0,-2.030130E-1,-1.167715E1,-3.254679E1,6.940130E0,-1.031479E1,2.423467E1,4.610731E1,-3.023886E1,3.857239E1,-1.335081E1
5.620690E0,-1.215320E-1,-1.185637E1,-3.248072E1,7.058127E0,-1.022969E1,2.401897E1,4.632458E1,-3.027005E1,3.857923E1,-1.339239E1
5.655172E0,-8.046218E-2,-1.202247E1,-3.242844E1,7.093123E0,-1.008505E1,2.388396E1,4.642087E1,-3.027075E1,3.852437E1,-1.344453E1
5.689655E0,9.373640E-3,-1.191762E1,-3.241338E1,7.222317E0,-1.005188E1,2.395844E1,4.668681E1,-3.036157E1,3.855503E1,-1.334267E1
5.724138E0,3.357435E-3,-1.204811E1,-3.230847E1,7.247677E0,-1.006372E1,2.407106E1,4.682700E1,-3.045661E1,3.852383E1,-1.314364E1
5.758621E0,2.961309E-2,-1.224995E1,-3.213322E1,6.930271E0,-1.000974E1,2.411641E1,4.676103E1,-3.035240E1,3.864811E1,-1.341762E1
5.793103E0,6.281489E-2,-1.227247E1,-3.201347E1,6.724766E0,-9.939823E0,2.409454E1,4.682423E1,-3.025011E1,3.880463E1,-1.348088E1
5.827586E0,5.634859E-2,-1.218037E1,-3.221044E1,6.722171E0,-9.848342E0,2.405650E1,4.688140E1,-3.008817E1,3.888726E1,-1.346725E1
5.862069E0,6.654756E-2,-1.227731E1,-3.221467E1,6.355131E0,-9.966163E0,2.427492E1,4.678830E1,-3.026497E1,3.909218E1,-1.367905E1
5.896552E0,2.170968E-1,-1.196732E1,-3.205667E1,6.358513E0,-1.006540E1,2.422984E1,4.668871E1,-3.018873E1,3.902658E1,-1.378282E1
5.931034E0,1.654414E-1,-1.187833E1,-3.190052E1,6.481453E0,-1.016988E1,2.425946E1,4.665373E1,-3.027640E1,3.890764E1,-1.373192E1
5.965517E0,-5.760795E-2,-1.204705E1,-3.186716E1,6.486138E0,-1.028226E1,2.410529E1,4.665938E1,-3.035159E1,3.884417E1,-1.371539E1
6.000000E0,3.932859E-1,-1.202984E1,-3.200615E1,6.475156E0,-1.034607E1,2.405114E1,4.676683E1,-3.031966E1,3.880037E1,-1.353628E1
6.034483E0,4.775679E-1,-1.208936E1,-3.188697E1,6.400860E0,-1.010660E1,2.400948E1,4.656947E1,-3.015772E1,3.899655E1,-1.352854E1
6.068966E0,5.479886E-1,-1.192023E1,-3.189954E1,6.308921E0,-1.004452E1,2.382127E1,4.656499E1,-3.005530E1,3.897944E1,-1.345111E1
6.103448E0,6.749170E-1,-1.211308E1,-3.195573E1,6.193582E0,-9.811650E0,2.380967E1,4.656143E1,-3.025841E1,3.900997E1,-1.356213E1
6.137931E0,7.432201E-1,-1.238368E1,-3.197609E1,6.288303E0,-9.730883E0,2.359243E1,4.656019E1,-3.037427E1,3.900426E1,-1.374181E1
6.172414E0,5.679085E-1,-1.250694E1,-3.186782E1,6.363627E0,-9.748317E0,2.380389E1,4.660630E1,-3.030810E1,3.902988E1,-1.367513E1
6.206897E0,4.898211E-1,-1.251843E1,-3.197057E1,6.339972E0,-9.693274E0,2.351753E1,4.665743E1,-3.029619E1,3.895884E1,-1.352853E1
6.241379E0,3.346203E-1,-1.268309E1,-3.202740E1,6.250172E0,-9.719139E0,2.350914E1,4.691886E1,-3.042649E1,3.919653E1,-1.346093E1
6.275862E0,2.872835E-1,-1.257071E1,-3.195137E1,6.413682E0,-9.786069E0,2.361961E1,4.707203E1,-3.038204E1,3.922307E1,-1.333084E1
6.310345E0,9.363211E-2,-1.261812E1,-3.205457E1,6.430609E0,-9.950684E0,2.372523E1,4.688812E1,-3.048532E1,3.928406E1,-1.343401E1
6.344828E0,3.005584E-2,-1.264582E1,-3.197713E1,6.229614E0,-9.720608E0,2.370460E1,4.682404E1,-3.052223E1,3.932635E1,-1.322907E1
6.379310E0,-1.429643E-1,-1.256554E1,-3.215252E1,6.159464E0,-9.905069E0,2.371129E1,4.675816E1,-3.071777E1,3.943899E1,-1.320713E1
6.413793E0,-1.538694E-1,-1.284399E1,-3.209094E1,6.192906E0,-9.999547E0,2.368847E1,4.667741E1,-3.058413E1,3.925940E1,-1.320691E1
6.448276E0,1.847588E-1,-1.282107E1,-3.197117E1,6.311340E0,-9.966221E0,2.373787E1,4.652483E1,-3.043147E1,3.924116E1,-1.334087E1
6.482759E0,-5.834777E-2,-1.272165E1,-3.208321E1,6.150101E0,-9.903041E0,2.399172E1,4.641194E1,-3.050054E1,3.937965E1,-1.324878E1
6.517241E0,6.404284E-2,-1.281430E1,-3.226501E1,6.232065E0,-1.002734E1,2.414375E1,4.665094E1,-3.037276E1,3.935282E1,-1.323253E1
6.551724E0,2.303133E-1,-1.277721E1,-3.211231E1,6.097576E0,-9.853158E0,2.417143E1,4.653563E1,-3.017869E1,3.940591E1,-1.320040E1
6.586207E0,1.255189E-1,-1.284997E1,-3.212712E1,6.286850E0,-1.000117E1,2.427089E1,4.637100E1,-3.020441E1,3.943324E1,-1.331963E1
6.620690E0,2.201984E-1,-1.274555E1,-3.207107E1,6.296566E0,-9.830916E0,2.417871E1,4.644114E1,-3.032946E1,3.941276E1,-1.328303E1
6.655172E0,1.377019E-1,-1.265391E1,-3.199579E1,6.339536E0,-9.901874E0,2.421839E1,4.634798E1,-3.026211E1,3.943321E1,-1.314839E1
6.689655E0,2.436090E-1,-1.274159E1,-3.174198E1,6.262156E0,-9.878016E0,2.427878E1,4.637523E1,-3.043427E1,3.946439E1,-1.302905E1
6.724138E0,2.112815E-1,-1.277203E1,-3.187791E1,6.238613E0,-9.874457E0,2.427249E1,4.644712E1,-3.045648E1,3.976174E1,-1.309810E1
6.758621E0,3.249298E-1,-1.279470E1,-3.182341E1,6.292021E0,-9.774467E0,2.424337E1,4.639311E1,-3.043353E1,3.968695E1,-1.320978E1
6.793103E0,3.426855E-1,-1.261874E1,-3.175004E1,6.330303E0,-9.780888E0,2.427582E1,4.658039E1,-3.041638E1,3.985549E1,-1.317365E1
6.827586E0,3.018606E-1,-1.277633E1,-3.181374E1,6.243888E0,-9.812152E0,2.399684E1,4.659416E1,-3.037164E1,4.000027E1,-1.321113E1
6.862069E0,3.618147E-1,-1.286557E1,-3.193735E1,6.293807E0,-9.902586E0,2.402704E1,4.646908E1,-3.056394E1,4.006240E1,-1.326838E1
6.896552E0,6.646302E-1,-1.299876E1,-3.187267E1,6.231210E0,-9.986929E0,2.411380E1,4.648980E1,-3.066760E1,4.007831E1,-1.338400E1
6.931034E0,5.682725E-1,-1.295282E1,-3.183838E1,6.380734E0,-1.003159E1,2.389484E1,4.666893E1,-3.055070E1,3.999333E1,-1.356968E1
6.965517E0,4.057398E-1,-1.288409E1,-3.176729E1,6.391113E0,-1.009649E1,2.397402E1,4.658766E1,-3.052341E1,4.018665E1,-1.375940E1
7.000000E0,2.145464E-1,-1.292752E1,-3.179502E1,6.333515E0,-1.016962E1,2.396693E1,4.651489E1,-3.048621E1,4.014673E1,-1.390762E1
7.034483E0,-4.310281E-2,-1.277913E1,-3.170917E1,6.357944E0,-1.006075E1,2.407061E1,4.656126E1,-3.057608E1,4.016925E1,-1.369341E1
7.068966E0,-1.236552E-1,-1.284643E1,-3.170072E1,6.237932E0,-9.852483E0,2.431140E1,4.652639E1,-3.079196E1,4.020410E1,-1.379462E1
7.103448E0,-2.139133E-1,-1.275275E1,-3.169390E1,6.194454E0,-9.895906E0,2.405926E1,4.648306E1,-3.069580E1,4.025874E1,-1.392320E1
7.137931E0,-3.216382E-1,-1.255090E1,-3.162499E1,6.053708E0,-9.695877E0,2.404958E1,4.622777E1,-3.070355E1,4.048018E1,-1.397584E1
7.172414E0,-1.964211E-1,-1.247461E1,-3.147948E1,6.119439E0,-9.527102E0,2.409269E1,4.625108E1,-3.065554E1,4.036054E1,-1.397601E1
7.206897E0,-2.231333E-1,-1.237862E1,-3.147375E1,6.184198E0,-9.569236E0,2.389906E1,4.614746E1,-3.050351E1,4.028570E1,-1.414114E1
7.241379E0,-1.773038E-1,-1.245761E1,-3.151468E1,6.162053E0,-9.486199E0,2.377128E1,4.609003E1,-3.069725E1,4.031626E1,-1.422130E1
7.275862E0,-8.829454E-2,-1.229400E1,-3.157612E1,6.331440E0,-9.399987E0,2.372414E1,4.615420E1,-3.073170E1,4.023601E1,-1.422404E1
7.310345E0,1.726528E-2,-1.232913E1,-3.185678E1,6.266438E0,-9.500289E0,2.365844E1,4.607245E1,-3.065831E1,4.040293E1,-1.430843E1
7.344828E0,2.705458E-1,-1.242603E1,-3.173709E1,6.415297E0,-9.501583E0,2.368164E1,4.596353E1,-3.058950E1,4.046715E1,-1.417119E1
7.379310E0,1.299584E-1,-1.226980E1,-3.183628E1,6.464546E0,-9.388404E0,2.354593E1,4.596262E1,-3.053445E1,4.059553E1,-1.435309E1
7.413793E0,2.025547E-1,-1.221740E1,-3.176018E1,6.537775E0,-9.299067E0,2.360856E1,4.617643E1,-3.065563E1,4.080064E1,-1.430893E1
7.448276E0,2.232549E-1,-1.223344E1,-3.182014E1,6.447560E0,-9.231368E0,2.372621E1,4.610990E1,-3.081827E1,4.080994E1,-1.438685E1
7.482759E0,2.023311E-1,-1.250887E1,-3.183379E1,6.330806E0,-9.271662E0,2.357472E1,4.595315E1,-3.085159E1,4.087667E1,-1.439089E1
7.517241E0,3.366980E-1,-1.258026E1,,,-9.196894E0,2.368620E1,4.581513E1,-3.090269E1,4.064095E1,-1.461277E1
7.551724E0,3.719647E-1,-1.258627E1,-3.168028E1,6.122263E0,-9.227662E0,2.371008E1,4.596455E1,-3.077731E1,4.073893E1,-1.462947E1
7.586207E0,2.938139E-1,-1.266195E1,-3.154417E1,6.137088E0,-9.461971E0,2.378762E1,4.609907E1,-3.095942E1,4.088647E1,-1.463689E1
7.620690E0,2.516095E-1,-1.251246E1,-3.151184E1,6.078018E0,-9.459153E0,2.389547E1,4.613729E1,-3.069775E1,4.087185E1,-1.469015E1
7.655172E0,3.526344E-1,-1.252097E1,-3.159196E1,5.964954E0,-9.356385E0,2.347223E1,4.625083E1,-3.085524E1,4.107637E1,-1.468224E1
7.689655E0,5.012673E-1,-1.254420E1,-3.148665E1,5.780484E0,-9.342845E0,2.346200E1,4.632915E1,-3.070682E1,4.098541E1,-1.473761E1
7.724138E0,7.195678E-1,-1.276818E1,-3.142578E1,5.714224E0,-9.132973E0,2.321676E1,4.655412E1,-3.076778E1,4.104869E1,-1.462920E1
7.758621E0,7.838401E-1,-1.282176E1,-3.167078E1,5.630861E0,-8.913651E0,2.338767E1,4.648505E1,-3.061463E1,4.109265E1,-1.472044E1
7.793103E0,8.738460E-1,-1.270526E1,-3.162293E1,5.464810E0,-8.972136E0,2.315664E1,4.652021E1,-3.046428E1,4.102570E1,-1.474999E1
7.827586E0,9.091033E-1,-1.266667E1,-3.168415E1,5.348058E0,-9.005644E0,2.338530E1,4.655045E1,-3.041197E1,4.110908E1,-1.483119E1
7.862069E0,1.039753E0,-1.268059E1,-3.173364E1,5.300961E0,-8.959648E0,2.317915E1,4.646877E1,-3.065120E1,4.108631E1,-1.473155E1
7.896552E0,9.512697E-1,-1.284359E1,-3.175391E1,5.204352E0,-9.089328E0,2.295862E1,4.653996E1,-3.062048E1,4.123519E1,-1.471338E1
7.931034E0,9.387154E-1,-1.258254E1,-3.173247E1,5.109410E0,-9.119949E0,2.304022E1,4.640150E1,-3.061800E1,4.122928E1,-1.468949E1
7.965517E0,1.282973E0,-1.248362E1,-3.155613E1,5.067383E0,-9.186135E0,2.308436E1,4.626039E1,-3.066524E1,4.115424E1,-1.466798E1
8.000000E0,1.305939E0,-1.230694E1,-3.159461E1,5.019858E0,-9.175343E0,2.327884E1,4.617765E1,-3.069473E1,4.123916E1,-1.450925E1
8.034483E0,1.288000E0,-1.247332E1,-3.141954E1,5.070058E0,-8.969254E0,2.310492E1,4.626289E1,-3.085856E1,4.118504E1,-1.444098E1
8.068966E0,1.291348E0,-1.254879E1,-3.132439E1,4.865456E0,-8.928046E0,2.281194E1,4.627738E1,-3.081586E1,4.126598E1,-1.440498E1
8.103448E0,8.804077E-1,-1.209479E1,-3.129015E1,4.876214E0,-8.955410E0,2.268388E1,4.629487E1,-3.089593E1,4.116745E1,-1.432840E1
8.137931E0,1.350822E0,-1.242384E1,-3.130157E1,5.004692E0,-8.812941E0,2.253906E1,4.654728E1,-3.085569E1,4.103750E1,-1.435882E1
8.172414E0,1.026377E0,-1.188689E1,-3.131245E1,4.997496E0,-8.678092E0,2.269228E1,4.649233E1,-3.088579E1,4.097800E1,-1.420872E1
8.206897E0,1.107957E0,-1.219863E1,-3.139865E1,4.923410E0,-8.684326E0,2.278822E1,4.634812E1,-3.093559E1,4.105807E1,-1.430003E1
8.241379E0,1.419324E0,-1.242413E1,-3.143815E1,4.982646E0,-8.602921E0,2.261676E1,4.635226E1,-3.091060E1,4.113232E1,-1.441454E1
