#multi:
,mass A,,mass B,,mass C,,
t,x,y,x,y,x,y,
0.000000E0,-3.399359E1,2.012990E1,-1.078959E1,-1.190426E0,-7.362337E-1,-1.689247E1
3.448276E-2,-3.407859E1,2.010440E1,-1.079113E1,-1.160521E0,-7.243114E-1,-1.688695E1
6.896552E-2,-3.400019E1,2.011637E1,-1.082736E1,-1.142314E0,-6.480470E-1,-1.689115E1
1.034483E-1,-3.396447E1,2.022830E1,-1.095910E1,-1.119934E0,-7.652852E-1,-1.675184E1
1.379310E-1,-3.396448E1,2.020147E1,-1.088922E1,-9.948608E-1,-8.261895E-1,-1.673832E1
1.724138E-1,-3.386722E1,2.017021E1,-1.098986E1,-8.371681E-1,-8.143383E-1,-1.670003E1
2.068966E-1,-3.389165E1,2.007585E1,-1.105486E1,-8.991285E-1,-8.135514E-1,-1.667771E1
2.413793E-1,-3.389303E1,2.009053E1,-1.114650E1,-8.986811E-1,-9.352481E-1,-1.670289E1
2.758621E-1,-3.389178E1,2.006426E1,-1.120834E1,-7.069603E-1,-1.031752E0,-1.681210E1
3.103448E-1,-3.389382E1,2.009727E1,-1.134511E1,-6.489113E-1,-1.074793E0,-1.683334E1
3.448276E-1,-3.396472E1,2.015659E1,-1.141416E1,-6.089672E-1,-1.263874E0,-1.680972E1
3.793103E-1,-3.392225E1,2.018368E1,-1.132583E1,-5.987689E-1,-1.309365E0,-1.682936E1
4.137931E-1,-3.391815E1,2.023349E1,-1.142196E1,-3.729377E-1,-1.437469E0,-1.676272E1
4.482759E-1,-3.408351E1,2.025959E1,-1.151733E1,-3.395268E-1,-1.448623E0,-1.677693E1
4.827586E-1,-3.401996E1,2.027657E1,-1.145538E1,-3.918351E-1,-1.406170E0,-1.677763E1
5.172414E-1,-3.399643E1,2.019598E1,-1.148516E1,-3.666379E-1,-1.414671E0,-1.670880E1
5.517241E-1,-3.412028E1,2.020185E1,-1.158474E1,-4.261446E-1,-1.364271E0,-1.665185E1
5.862069E-1,-3.416666E1,2.021710E1,-1.170488E1,-4.538862E-1,-1.505416E0,-1.669477E1
6.206897E-1,-3.412979E1,2.016137E1,-1.182695E1,-4.557678E-1,-1.483566E0,-1.665915E1
6.551724E-1,-3.417824E1,2.018687E1,-1.183533E1,-4.397721E-1,-1.609753E0,-1.662319E1
6.896552E-1,-3.427257E1,2.010370E1,-1.192037E1,-4.592942E-1,-1.582660E0,-1.662609E1
7.241379E-1,-3.435206E1,2.004394E1,-1.190309E1,-4.445355E-1,-1.449224E0,-1.662387E1
7.586207E-1,-3.428157E1,2.006781E1,-1.201239E1,-4.742819E-1,-1.362491E0,-1.650021E1
7.931034E-1,-3.423439E1,1.992718E1,-1.199573E1,-3.939325E-1,-1.429801E0,-1.645454E1
8.275862E-1,-3.427177E1,1.978340E1,-1.211347E1,-3.653377E-1,-1.440310E0,-1.641682E1
8.620690E-1,-3.423249E1,1.980315E1,-1.220643E1,-3.302380E-1,-1.461822E0,-1.634057E1
8.965517E-1,-3.409437E1,1.970624E1,-1.199336E1,-3.186531E-1,-1.541614E0,-1.638030E1
9.310345E-1,-3.410463E1,1.971628E1,-1.197007E1,-3.422349E-1,-1.515155E0,-1.642674E1
9.655172E-1,-3.411033E1,1.972982E1,-1.197772E1,-3.969868E-1,-1.629820E0,-1.631651E1
1.000000E0,-3.422982E1,1.975686E1,-1.212137E1,-3.698288E-1,-1.748363E0,-1.629380E1
1.034483E0,-3.419245E1,1.973461E1,-1.220795E1,-2.537485E-1,-1.783301E0,-1.626000E1
1.068966E0,-3.437371E1,1.970541E1,-1.215904E1,-2.650199E-1,-1.900158E0,-1.628388E1
1.103448E0,-3.432624E1,1.966241E1,-1.223292E1,-5.350655E-1,-1.876228E0,-1.613390E1
1.137931E0,-3.447443E1,1.979116E1,-1.212449E1,-5.147683E-1,-1.929491E0,-1.619083E1
1.172414E0,-3.457324E1,1.985382E1,-1.212427E1,-5.298804E-1,-1.830867E0,-1.629364E1
1.206897E0,-3.446755E1,1.976635E1,-1.211469E1,-4.302478E-1,-1.879432E0,-1.619924E1
1.241379E0,-3.453353E1,1.973831E1,-1.220404E1,-4.543004E-1,-1.943290E0,-1.622035E1
1.275862E0,-3.454461E1,1.982271E1,-1.220422E1,-4.361861E-1,-2.072560E0,-1.623894E1
1.310345E0,-3.448396E1,1.984409E1,-1.225526E1,-4.008719E-1,-2.062978E0,-1.616139E1
1.344828E0,-3.454461E1,1.986297E1,-1.230638E1,-5.571577E-1,-2.177943E0,-1.606073E1
1.379310E0,-3.452817E1,1.981499E1,-1.217930E1,-5.291248E-1,-2.176357E0,-1.599734E1
1.413793E0,-3.474796E1,1.982055E1,-1.221544E1,-5.526044E-1,-2.111014E0,-1.592557E1
1.448276E0,-3.482376E1,1.974349E1,-1.231291E1,-6.059402E-1,-2.144136E0,-1.593815E1
1.482759E0,-3.487904E1,1.967303E1,-1.238193E1,-5.366607E-1,-2.102197E0,-1.591248E1
1.517241E0,-3.485180E1,1.974573E1,-1.241866E1,-5.185853E-1,-2.081296E0,-1.595260E1
1.551724E0,-3.471194E1,1.963569E1,-1.245736E1,-4.625204E-1,-2.128309E0,-1.590258E1
1.586207E0,-3.459375E1,1.963429E1,-1.251639E1,-3.472391E-1,-2.074206E0,-1.583094E1
1.620690E0,-3.477402E1,1.965702E1,-1.245421E1,-3.274324E-1,-2.004738E0,-1.583347E1
1.655172E0,-3.481120E1,1.967718E1,-1.249685E1,-3.429404E-1,-1.926020E0,-1.579368E1
1.689655E0,-3.485222E1,1.952987E1,-1.250341E1,-3.434550E-1,-1.927493E0,-1.558461E1
1.724138E0,-3.475712E1,1.957393E1,-1.242853E1,-3.015340E-1,-1.953753E0,-1.563767E1
1.758621E0,-3.476477E1,1.941417E1,-1.253285E1,-3.921212E-1,-1.975551E0,-1.571748E1
1.793103E0,-3.490663E1,1.935852E1,-1.238928E1,-3.348519E-1,-1.988276E0,-1.568192E1
1.827586E0,-3.504258E1,1.930441E1,-1.239139E1,-3.857346E-1,-2.027648E0,-1.552917E1
1.862069E0,-3.499223E1,1.932097E1,-1.243768E1,-3.319475E-1,-2.001905E0,-1.555727E1
1.896552E0,-3.515172E1,1.933176E1,-1.239641E1,-3.703923E-1,-2.059268E0,-1.559212E1
1.931034E0,-3.505035E1,1.939685E1,-1.237127E1,-3.455657E-1,-2.036172E0,-1.553879E1
1.965517E0,-3.511907E1,1.939830E1,-1.231922E1,-4.791987E-1,-1.937594E0,-1.547565E1
2.000000E0,-3.518866E1,1.946804E1,-1.229464E1,-4.571838E-1,-2.031531E0,-1.536232E1
2.034483E0,-3.514433E1,1.946553E1,-1.227112E1,-4.250570E-1,-2.113399E0,-1.553505E1
2.068966E0,-3.525031E1,1.945364E1,-1.237573E1,-4.427975E-1,-2.191586E0,-1.553890E1
2.103448E0,-3.518184E1,1.948591E1,-1.250201E1,-4.496510E-1,-2.181068E0,-1.567076E1
2.137931E0,-3.521091E1,1.952351E1,-1.243738E1,-3.635650E-1,-2.317519E0,-1.568219E1
2.172414E0,-3.522787E1,1.953086E1,-1.250180E1,-5.498777E-1,-2.275035E0,-1.573666E1
2.206897E0,-3.532341E1,1.953701E1,-1.254103E1,-5.904968E-1,-2.366742E0,-1.573356E1
2.241379E0,-3.544083E1,1.950425E1,-1.245351E1,-5.530379E-1,-2.361952E0,-1.569909E1
2.275862E0,-3.529860E1,1.950294E1,-1.257717E1,-6.991479E-1,-2.522177E0,-1.568040E1
2.310345E0,-3.526047E1,1.957078E1,-1.278554E1,-7.249084E-1,-2.490567E0,-1.564186E1
2.344828E0,-3.506350E1,1.954592E1,-1.273580E1,-6.386478E-1,-2.524318E0,-1.566572E1
2.379310E0,-3.513544E1,1.954140E1,-1.262513E1,-7.038625E-1,-2.515763E0,-1.565263E1
2.413793E0,-3.516594E1,1.948121E1,-1.272646E1,-7.948320E-1,-2.500631E0,-1.571405E1
2.448276E0,-3.511912E1,1.948376E1,-1.286618E1,-7.260176E-1,-2.516971E0,-1.563613E1
2.482759E0,-3.515112E1,1.947416E1,-1.282000E1,-7.606040E-1,-2.560418E0,-1.562183E1
2.517241E0,-3.509097E1,1.937013E1,-1.282271E1,-7.291816E-1,-2.586660E0,-1.567038E1
2.551724E0,-3.530379E1,1.946929E1,-1.294911E1,-7.266112E-1,-2.621391E0,-1.568986E1
2.586207E0,-3.521884E1,1.939093E1,-1.294759E1,-6.548139E-1,-2.652843E0,-1.577212E1
2.620690E0,-3.531899E1,1.925138E1,-1.300037E1,-6.444942E-1,-2.754780E0,-1.576896E1
2.655172E0,-3.519746E1,1.927221E1,-1.302992E1,-5.940224E-1,-2.753054E0,-1.567833E1
2.689655E0,-3.523210E1,1.941877E1,-1.306145E1,-6.076566E-1,-2.767953E0,-1.566711E1
2.724138E0,-3.522925E1,1.947916E1,-1.301668E1,-6.158869E-1,-2.800299E0,-1.566396E1
2.758621E0,-3.520307E1,1.950554E1,-1.315812E1,-7.275371E-1,-2.881207E0,-1.573099E1
2.793103E0,-3.530614E1,1.956460E1,-1.316713E1,-6.274044E-1,-2.852917E0,-1.577286E1
2.827586E0,-3.544303E1,1.968707E1,-1.311760E1,-6.999196E-1,-2.933072E0,-1.576611E1
2.862069E0,-3.550306E1,1.974409E1,-1.309589E1,-6.397801E-1,-2.916222E0,-1.590320E1
2.896552E0,-3.548763E1,1.968830E1,-1.330813E1,-5.705503E-1,-2.869970E0,-1.597592E1
2.931034E0,-3.545790E1,1.971029E1,-1.331089E1,-5.687687E-1,-2.858067E0,-1.604801E1
2.965517E0,-3.546194E1,1.969762E1,-1.337564E1,-4.553273E-1,-2.693059E0,-1.600409E1
3.000000E0,-3.546010E1,1.966434E1,-1.338822E1,-3.636534E-1,-2.675987E0,-1.605419E1
3.034483E0,-3.541886E1,1.964400E1,-1.349374E1,-4.271748E-1,-2.688963E0,-1.607544E1
3.068966E0,-3.544799E1,1.961833E1,-1.350911E1,-5.018004E-1,-2.687616E0,-1.606098E1
3.103448E0,-3.540693E1,1.957695E1,-1.358241E1,-5.185719E-1,-2.631859E0,-1.609146E1
3.137931E0,-3.550822E1,1.962264E1,-1.359275E1,-4.572134E-1,-2.674560E0,-1.598632E1
3.172414E0,-3.546785E1,1.962853E1,-1.359899E1,-4.393136E-1,-2.736065E0,-1.602750E1
3.206897E0,-3.548568E1,1.953157E1,-1.356296E1,-5.498478E-1,-2.737123E0,-1.608431E1
3.241379E0,-3.558154E1,1.953427E1,-1.356169E1,-4.442338E-1,-2.767675E0,-1.608148E1
3.275862E0,-3.554411E1,1.952196E1,-1.365293E1,-3.937175E-1,-2.777467E0,-1.600689E1
3.310345E0,-3.560250E1,1.947441E1,-1.372441E1,-2.419260E-1,-2.743050E0,-1.604225E1
3.344828E0,-3.566533E1,1.953813E1,-1.382504E1,-3.117925E-1,-2.708116E0,-1.602829E1
3.379310E0,-3.563877E1,1.954429E1,-1.386668E1,-3.552432E-1,-2.605176E0,-1.608969E1
3.413793E0,-3.564005E1,1.967509E1,-1.388344E1,-2.791280E-1,-2.529783E0,-1.609209E1
3.448276E0,-3.563955E1,1.972053E1,-1.387420E1,-3.371873E-1,-2.621437E0,-1.619855E1
3.482759E0,-3.563440E1,1.957833E1,-1.385540E1,-4.266836E-1,-2.528547E0,-1.620309E1
3.517241E0,-3.549151E1,1.961488E1,-1.395457E1,-5.068401E-1,-2.524127E0,-1.620452E1
3.551724E0,-3.548419E1,1.973467E1,-1.401765E1,-4.479716E-1,-2.560584E0,-1.622808E1
3.586207E0,-3.543078E1,1.971857E1,-1.395875E1,-4.376325E-1,-2.629347E0,-1.623328E1
3.620690E0,-3.548538E1,1.964928E1,-1.394956E1,-3.114974E-1,-2.685474E0,-1.613500E1
3.655172E0,-3.551276E1,1.967271E1,-1.389955E1,-2.127659E-1,-2.611070E0,-1.610483E1
3.689655E0,-3.539844E1,1.965354E1,-1.385735E1,-1.415569E-1,-2.554530E0,-1.608940E1
3.724138E0,-3.532863E1,1.967043E1,-1.392480E1,-3.338004E-1,-2.598982E0,-1.601319E1
3.758621E0,-3.530246E1,1.952878E1,-1.383199E1,-3.476464E-1,-2.584741E0,-1.605623E1
3.793103E0,-3.523997E1,1.949482E1,-1.393421E1,-2.796391E-1,-2.583743E0,-1.599559E1
3.827586E0,-3.527603E1,1.954328E1,-1.381923E1,-3.090598E-1,-2.620274E0,-1.604716E1
3.862069E0,-3.516429E1,1.954537E1,-1.386982E1,-3.018431E-1,-2.664246E0,-1.613213E1
3.896552E0,-3.513047E1,1.963631E1,-1.387109E1,-3.153586E-1,-2.723564E0,-1.602805E1
3.931034E0,-3.511698E1,1.964443E1,-1.394705E1,-1.775965E-1,-2.679930E0,-1.601852E1
3.965517E0,-3.494141E1,1.954427E1,-1.393681E1,-1.588951E-1,-2.633170E0,-1.597935E1
4.000000E0,-3.492313E1,1.946575E1,-1.392626E1,-1.515929E-1,-2.706810E0,-1.599520E1
4.034483E0,-3.493788E1,1.937002E1,-1.394116E1,-2.573193E-1,-2.875525E0,-1.603910E1
4.068966E0,-3.491608E1,1.940986E1,-1.398753E1,-2.582998E-1,-2.936260E0,-1.605777E1
4.103448E0,-3.505360E1,1.935685E1,-1.389581E1,-3.344385E-1,-2.938893E0,-1.605954E1
4.137931E0,-3.509494E1,1.934665E1,-1.393486E1,-2.178254E-1,-2.986891E0,-1.608799E1
4.172414E0,-3.503206E1,1.932926E1,-1.394077E1,-2.887346E-1,-2.936244E0,-1.595511E1
4.206897E0,-3.495502E1,1.927263E1,-1.392552E1,-2.503983E-1,-2.891307E0,-1.587219E1
4.241379E0,-3.495068E1,1.933139E1,-1.391410E1,-3.243548E-1,-2.766877E0,-1.572913E1
4.275862E0,-3.496176E1,1.937144E1,-1.384526E1,-2.960326E-1,-2.815543E0,-1.564122E1
4.310345E0,-3.499301E1,1.957526E1,-1.380009E1,-2.938553E-1,-2.789826E0,-1.557571E1
4.344828E0,-3.499886E1,1.967478E1,-1.378008E1,-3.237487E-1,-2.732680E0,-1.567569E1
4.379310E0,-3.499938E1,1.959648E1,-1.385978E1,-3.057000E-1,-2.760206E0,-1.566401E1
4.413793E0,-3.508047E1,1.958100E1,-1.387034E1,-3.583142E-1,-2.773484E0,-1.580862E1
4.448276E0,-3.519810E1,1.948687E1,-1.392651E1,-3.881456E-1,-2.866341E0,-1.580779E1
4.482759E0,-3.523498E1,1.938042E1,-1.395194E1,-3.889292E-1,-2.882502E0,-1.578676E1
4.517241E0,-3.526233E1,1.950909E1,-1.405539E1,-4.648847E-1,-2.900402E0,-1.569242E1
4.551724E0,-3.518164E1,1.950324E1,-1.399423E1,-4.540703E-1,-2.939154E0,-1.574592E1
4.586207E0,-3.523981E1,1.954022E1,-1.403467E1,-4.399859E-1,-3.043145E0,-1.561826E1
4.620690E0,-3.522482E1,1.951070E1,-1.409064E1,-4.377935E-1,-3.008844E0,-1.546284E1
4.655172E0,-3.530990E1,1.947368E1,-1.414208E1,-3.339906E-1,-3.010065E0,-1.534260E1
4.689655E0,-3.532623E1,1.942038E1,-1.425881E1,-3.767070E-1,-3.096480E0,-1.525969E1
4.724138E0,-3.527442E1,1.937122E1,-1.421590E1,-4.530036E-1,-3.069628E0,-1.533007E1
4.758621E0,-3.536613E1,1.936318E1,-1.420390E1,-4.527278E-1,-3.050066E0,-1.533912E1
4.793103E0,-3.542306E1,1.956938E1,-1.431915E1,-4.007458E-1,-3.013383E0,-1.533844E1
4.827586E0,-3.547146E1,1.947412E1,-1.419467E1,-5.139470E-1,-3.070870E0,-1.533550E1
4.862069E0,-3.565808E1,1.949190E1,-1.418848E1,-5.580911E-1,-3.214905E0,-1.529443E1
4.896552E0,-3.572579E1,1.952908E1,-1.420689E1,-5.408759E-1,-3.263726E0,-1.531498E1
4.931034E0,-3.580678E1,1.949956E1,-1.435700E1,-6.046412E-1,-3.443506E0,-1.531492E1
4.965517E0,-3.579008E1,1.948347E1,-1.435236E1,-6.741364E-1,-3.420394E0,-1.525166E1
5.000000E0,-3.568057E1,1.959955E1,-1.445122E1,-6.966050E-1,-3.289275E0,-1.521625E1
5.034483E0,-3.568888E1,1.955809E1,-1.436419E1,-7.962266E-1,-3.236993E0,-1.533638E1
5.068966E0,-3.573617E1,1.953587E1,-1.432185E1,-7.859451E-1,-3.073191E0,-1.540156E1
5.103448E0,-3.570767E1,1.942330E1,-1.429417E1,-7.352087E-1,-3.072605E0,-1.535066E1
5.137931E0,-3.576578E1,1.951800E1,-1.422967E1,-7.161737E-1,-3.175897E0,-1.528391E1
5.172414E0,-3.583338E1,1.949192E1,-1.416631E1,-7.467594E-1,-3.230208E0,-1.526903E1
5.206897E0,-3.583968E1,1.929533E1,-1.419142E1,-7.190129E-1,-3.301154E0,-1.534359E1
5.241379E0,-3.593299E1,1.930431E1,-1.435417E1,-6.656860E-1,-3.203110E0,-1.532608E1
5.275862E0,-3.603157E1,1.943053E1,-1.455755E1,-7.421075E-1,-3.165562E0,-1.528096E1
5.310345E0,-3.603711E1,1.949953E1,-1.455805E1,-6.301955E-1,-3.145109E0,-1.523444E1
5.344828E0,-3.598123E1,1.948614E1,-1.455467E1,-6.622023E-1,-3.204768E0,-1.527334E1
5.379310E0,-3.596063E1,1.952624E1,-1.450430E1,-6.284459E-1,-3.059038E0,-1.521127E1
5.413793E0,-3.595700E1,1.960440E1,-1.459762E1,-5.595933E-1,-3.125327E0,-1.520073E1
5.448276E0,-3.602837E1,1.957445E1,-1.456496E1,-5.848241E-1,-3.175792E0,-1.521189E1
5.482759E0,-3.611442E1,1.964142E1,-1.460435E1,-5.753969E-1,-3.345000E0,-1.532070E1
5.517241E0,-3.616554E1,1.974001E1,-1.448560E1,-5.817060E-1,-3.294540E0,-1.536917E1
5.551724E0,-3.620706E1,1.976936E1,-1.446356E1,-6.025129E-1,-3.401020E0,-1.543083E1
5.586207E0,-3.626809E1,1.985538E1,-1.454304E1,-4.610434E-1,-3.602136E0,-1.549793E1
5.620690E0,-3.634515E1,1.983412E1,-1.456291E1,-4.678478E-1,-3.603098E0,-1.542257E1
5.655172E0,-3.643555E1,1.972524E1,-1.455285E1,-4.392451E-1,-3.872246E0,-1.539978E1
5.689655E0,-3.634751E1,1.971964E1,-1.447025E1,-5.085637E-1,-3.820737E0,-1.537892E1
5.724138E0,-3.640049E1,1.972778E1,-1.436096E1,-4.135785E-1,-3.830833E0,-1.532838E1
5.758621E0,-3.637642E1,1.979553E1,-1.430260E1,-4.036753E-1,-3.897866E0,-1.520627E1
5.793103E0,-3.640102E1,1.978384E1,-1.437676E1,-4.862216E-1,-3.988988E0,-1.513898E1
5.827586E0,-3.648727E1,1.982317E1,-1.438054E1,-4.644140E-1,-3.889820E0,-1.499851E1
5.862069E0,-3.633233E1,1.994435E1,-1.429323E1,-5.108369E-1,-4.003641E0,-1.497216E1
5.896552E0,-3.642475E1,1.987608E1,-1.433000E1,-5.885549E-1,-4.071687E0,-1.500719E1
5.931034E0,-3.644053E1,1.987110E1,-1.431224E1,-4.982272E-1,-4.063522E0,-1.513974E1
5.965517E0,-3.653512E1,1.986439E1,-1.425648E1,-4.777007E-1,-4.034524E0,-1.510745E1
6.000000E0,-3.659733E1,1.973383E1,-1.427752E1,-4.675699E-1,-4.062971E0,-1.519348E1
6.034483E0,-3.664163E1,1.973353E1,-1.423763E1,-5.021962E-1,-4.038870E0,-1.519894E1
6.068966E0,-3.659467E1,1.961824E1,-1.422891E1,-4.896832E-1,-4.114234E0,-1.517354E1
6.103448E0,-3.642126E1,1.953177E1,-1.429059E1,-4.274638E-1,-4.238126E0,-1.517453E1
6.137931E0,-3.643768E1,1.956745E1,-1.425861E1,-4.791920E-1,-4.336869E0,-1.518297E1
6.172414E0,-3.655169E1,1.962494E1,-1.428904E1,-3.882365E-1,-4.449273E0,-1.517974E1
6.206897E0,-3.653909E1,1.966370E1,-1.422902E1,-3.318870E-1,-4.551165E0,-1.520562E1
6.241379E0,-3.660999E1,1.965909E1,-1.422781E1,-3.563267E-1,-4.548440E0,-1.511793E1
6.275862E0,-3.657312E1,1.964639E1,-1.429129E1,-2.717251E-1,-4.566047E0,-1.509672E1
6.310345E0,-3.666161E1,1.966676E1,-1.415082E1,-2.649571E-1,-4.692463E0,-1.518647E1
6.344828E0,-3.666660E1,1.957262E1,-1.419940E1,-2.692904E-1,-4.944001E0,-1.526846E1
6.379310E0,-3.677368E1,1.945273E1,-1.418380E1,-3.100644E-1,-5.011121E0,-1.529704E1
6.413793E0,-3.668886E1,1.946822E1,-1.404677E1,-2.865728E-1,-5.062289E0,-1.540463E1
6.448276E0,-3.674890E1,1.942099E1,-1.413356E1,-3.837645E-1,-5.139473E0,-1.540627E1
6.482759E0,-3.685618E1,1.940439E1,-1.409668E1,-3.232254E-1,-5.145643E0,-1.534199E1
6.517241E0,-3.700500E1,1.952258E1,-1.412236E1,-2.025157E-1,-5.154616E0,-1.531585E1
6.551724E0,-3.708456E1,1.961169E1,-1.422939E1,-2.200498E-1,-5.102594E0,-1.536193E1
6.586207E0,-3.700048E1,1.957640E1,-1.419543E1,-2.873646E-1,-5.122469E0,-1.543169E1
6.620690E0,-3.711862E1,1.957219E1,-1.427876E1,-1.867429E-1,-5.048186E0,-1.538625E1
6.655172E0,-3.716191E1,1.956110E1,-1.419424E1,-1.830992E-1,-5.121632E0,-1.533375E1
6.689655E0,-3.727546E1,1.955775E1,-1.432574E1,-2.080162E-1,-5.152642E0,-1.539475E1
6.724138E0,-3.722250E1,1.952670E1,-1.431584E1,-1.443246E-1,-5.128488E0,-1.540420E1
6.758621E0,-3.727692E1,1.973022E1,-1.437147E1,-2.534513E-1,-5.165940E0,-1.538464E1
6.793103E0,-3.723396E1,1.976718E1,-1.432407E1,-3.236009E-1,-5.164834E0,-1.549213E1
6.827586E0,-3.726480E1,1.980256E1,-1.424705E1,-3.234367E-1,-5.102407E0,-1.549241E1
6.862069E0,-3.729061E1,1.985905E1,-1.416586E1,-2.683339E-1,-5.002445E0,-1.549463E1
6.896552E0,-3.732995E1,1.988759E1,-1.423365E1,-2.156675E-1,-4.870931E0,-1.556570E1
6.931034E0,-3.746159E1,1.985933E1,-1.416849E1,-2.136517E-1,-4.988378E0,-1.549710E1
6.965517E0,-3.742542E1,1.979623E1,-1.419589E1,-1.757739E-1,-5.040940E0,-1.552537E1
7.000000E0,-3.745021E1,1.980036E1,-1.439443E1,-1.695895E-1,-5.212021E0,-1.546654E1
7.034483E0,-3.753324E1,1.981219E1,-1.439768E1,-1.818720E-1,-5.172537E0,-1.544120E1
7.068966E0,-3.761142E1,1.984199E1,-1.439766E1,-2.484269E-1,-5.274018E0,-1.547314E1
7.103448E0,-3.763611E1,1.993915E1,-1.455597E1,-1.610974E-1,-5.325844E0,-1.545497E1
7.137931E0,-3.766966E1,1.991294E1,-1.446173E1,-2.379460E-1,-5.315404E0,-1.547520E1
7.172414E0,-3.775746E1,1.998738E1,-1.446310E1,-1.976400E-1,-5.365560E0,-1.539899E1
7.206897E0,-3.788076E1,2.002930E1,-1.454336E1,-2.497341E-1,-5.234571E0,-1.546865E1
7.241379E0,-3.784127E1,2.012592E1,-1.465539E1,-3.889450E-1,-5.198593E0,-1.543861E1
7.275862E0,-3.787596E1,2.005871E1,-1.465226E1,-3.090443E-1,-5.161689E0,-1.541639E1
7.310345E0,-3.800800E1,2.013851E1,-1.459212E1,-3.542965E-1,-5.073937E0,-1.539010E1
7.344828E0,-3.805381E1,2.003532E1,-1.454993E1,-2.520701E-1,-5.074027E0,-1.533434E1
7.379310E0,-3.815647E1,1.994010E1,-1.464464E1,-2.370373E-1,-5.255611E0,-1.530172E1
7.413793E0,-3.810158E1,1.989939E1,-1.456614E1,-1.949155E-1,-5.261622E0,-1.530513E1
7.448276E0,-3.811578E1,2.001547E1,-1.464514E1,-2.464565E-1,-5.225164E0,-1.523862E1
7.482759E0,-3.826013E1,2.002650E1,-1.470318E1,-2.813876E-1,-5.261186E0,-1.528049E1
7.517241E0,-3.831437E1,2.003667E1,-1.484529E1,-2.538055E-1,-5.305338E0,-1.544942E1
7.551724E0,-3.827577E1,2.012705E1,-1.482294E1,-1.861962E-1,-5.310772E0,-1.551049E1
7.586207E0,-3.833519E1,2.006436E1,-1.494614E1,-2.707589E-1,-5.418838E0,-1.548139E1
7.620690E0,-3.829066E1,1.999194E1,-1.494165E1,-4.267037E-1,-5.300578E0,-1.546222E1
7.655172E0,-3.825748E1,1.996078E1,-1.501800E1,-5.060237E-1,-5.282272E0,-1.551173E1
7.689655E0,-3.829981E1,1.997222E1,-1.508049E1,-5.201560E-1,-5.170902E0,-1.545269E1
7.724138E0,-3.824011E1,1.992909E1,-1.510550E1,-5.667515E-1,-5.250417E0,-1.538248E1
7.758621E0,-3.820408E1,1.993427E1,-1.505254E1,-6.057762E-1,-5.157272E0,-1.524650E1
7.793103E0,-3.816784E1,1.999420E1,-1.506765E1,-4.448741E-1,-5.099531E0,-1.522658E1
7.827586E0,-3.817957E1,2.005404E1,-1.505660E1,-5.723871E-1,-5.063773E0,-1.526868E1
7.862069E0,-3.808716E1,2.001661E1,-1.511172E1,-5.445398E-1,-4.975563E0,-1.538074E1
7.896552E0,-3.807705E1,2.000782E1,-1.525012E1,-6.035320E-1,-4.965741E0,-1.535554E1
7.931034E0,-3.814786E1,1.997701E1,-1.539999E1,-5.685933E-1,-5.082425E0,-1.538979E1
7.965517E0,-3.833229E1,1.996483E1,-1.555963E1,-4.544853E-1,-5.112736E0,-1.554236E1
8.000000E0,-3.830649E1,2.001218E1,-1.554851E1,-3.038323E-1,-5.141724E0,-1.549678E1
8.034483E0,-3.830318E1,2.001734E1,-1.560800E1,-3.232237E-1,-5.211888E0,-1.547993E1
8.068966E0,-3.828740E1,1.993078E1,-1.562156E1,-3.178542E-1,-5.216018E0,-1.544457E1
8.103448E0,-3.832120E1,1.992981E1,-1.562104E1,-2.846237E-1,-5.218964E0,-1.534286E1
8.137931E0,-3.821532E1,1.999619E1,-1.565044E1,-1.611435E-1,-5.271569E0,-1.538428E1
8.172414E0,-3.828388E1,1.999092E1,-1.577452E1,-5.846532E-2,-5.237387E0,-1.541325E1
8.206897E0,-3.823164E1,2.000029E1,-1.585616E1,-1.511209E-1,-5.269412E0,-1.550157E1
8.241379E0,-3.829589E1,1.991375E1,-1.591924E1,-8.657643E-2,-5.204499E0,-1.530985E1
