#multi:
,mass A,,mass B,,
t,x,y,x,y,
0.000000E0,-1.353215E1,1.331349E1,-1.742351E0,4.025804E0
3.448276E-2,-1.367253E1,1.336703E1,-1.635476E0,4.111590E0
6.896552E-2,-1.367934E1,1.336783E1,-1.693351E0,4.056028E0
1.034483E-1,-1.364331E1,1.344185E1,-1.710785E0,4.024124E0
1.379310E-1,-1.378883E1,1.343879E1,-1.760506E0,4.037368E0
1.724138E-1,-1.374741E1,1.337271E1,-1.880050E0,3.986467E0
2.068966E-1,-1.378712E1,1.338959E1,-2.012543E0,3.866364E0
2.413793E-1,-1.382474E1,1.349479E1,-1.822800E0,4.049715E0
2.758621E-1,-1.380909E1,1.347710E1,-1.842837E0,4.084061E0
3.103448E-1,-1.386980E1,1.341993E1,-1.933061E0,4.050213E0
3.448276E-1,-1.386137E1,1.351224E1,-2.030489E0,4.136727E0
3.793103E-1,-1.387374E1,1.362891E1,-2.034804E0,4.191753E0
4.137931E-1,-1.390348E1,1.358258E1,-2.019836E0,4.038164E0
4.482759E-1,-1.379881E1,1.350459E1,-2.045345E0,4.110730E0
4.827586E-1,-1.377213E1,1.364398E1,-1.946136E0,4.125422E0
5.172414E-1,-1.361120E1,1.374335E1,-1.897413E0,4.113743E0
5.517241E-1,-1.354798E1,1.376768E1,-1.886766E0,3.989922E0
5.862069E-1,-1.361060E1,1.370689E1,-1.813590E0,3.949162E0
6.206897E-1,-1.352215E1,1.377186E1,-1.872706E0,3.830455E0
6.551724E-1,-1.359489E1,1.366727E1,-1.881819E0,3.677915E0
6.896552E-1,-1.345604E1,1.371200E1,-1.782402E0,3.727905E0
7.241379E-1,-1.353355E1,1.374072E1,-1.846892E0,3.828122E0
7.586207E-1,-1.371797E1,1.368491E1,-1.972459E0,3.661401E0
7.931034E-1,-1.373571E1,1.374862E1,-1.801901E0,3.770957E0
8.275862E-1,-1.374455E1,1.372170E1,-1.730661E0,3.782706E0
8.620690E-1,-1.383620E1,1.373672E1,-1.770043E0,3.648942E0
8.965517E-1,-1.371869E1,1.370545E1,-1.673875E0,3.657470E0
9.310345E-1,-1.374955E1,1.363694E1,-1.729529E0,3.726834E0
9.655172E-1,-1.372694E1,1.362323E1,-1.739254E0,3.618899E0
1.000000E0,-1.367356E1,1.372406E1,-1.840698E0,3.574985E0
1.034483E0,-1.377231E1,1.366173E1,-1.829762E0,3.433758E0
1.068966E0,-1.373487E1,1.368928E1,-1.768716E0,3.355444E0
1.103448E0,-1.366713E1,1.364958E1,-1.888238E0,3.365507E0
1.137931E0,-1.359419E1,1.357130E1,-1.953376E0,3.308723E0
1.172414E0,-1.366543E1,1.368552E1,-1.812755E0,3.522208E0
1.206897E0,-1.376983E1,1.358116E1,-2.017473E0,3.495861E0
1.241379E0,-1.363811E1,1.359023E1,-1.908596E0,3.526410E0
1.275862E0,-1.361886E1,1.374258E1,-2.001728E0,3.623713E0
1.310345E0,-1.366840E1,1.377125E1,-2.047968E0,3.711438E0
1.344828E0,-1.357417E1,1.375400E1,-2.142910E0,3.660246E0
1.379310E0,-1.357040E1,1.373852E1,-2.164177E0,3.671085E0
1.413793E0,-1.364074E1,1.363570E1,-2.187266E0,3.693318E0
1.448276E0,-1.355789E1,1.362195E1,-2.213222E0,3.596524E0
1.482759E0,-1.350718E1,1.366061E1,-2.252839E0,3.717990E0
1.517241E0,-1.357434E1,1.369208E1,-2.277377E0,3.546613E0
1.551724E0,-1.359896E1,1.375139E1,-2.322122E0,3.570834E0
1.586207E0,-1.367233E1,1.366549E1,-2.377181E0,3.547264E0
1.620690E0,-1.367534E1,1.369198E1,-2.376003E0,3.571854E0
1.655172E0,-1.369016E1,1.379263E1,-2.498857E0,3.570792E0
1.689655E0,-1.369809E1,1.392915E1,-2.573547E0,3.553831E0
1.724138E0,-1.381124E1,1.385791E1,-2.562536E0,3.517142E0
1.758621E0,-1.381907E1,1.379567E1,-2.559010E0,3.526747E0
1.793103E0,-1.370091E1,1.378096E1,-2.597311E0,3.513705E0
1.827586E0,-1.376460E1,1.382000E1,-2.586325E0,3.597616E0
1.862069E0,-1.377160E1,1.376782E1,-2.636714E0,3.617099E0
1.896552E0,-1.377744E1,1.376559E1,-2.644161E0,3.505375E0
1.931034E0,-1.382051E1,1.378670E1,-2.554921E0,3.490394E0
1.965517E0,-1.389532E1,1.372156E1,-2.516648E0,3.439729E0
2.000000E0,-1.397218E1,1.365385E1,-2.416392E0,3.379896E0
2.034483E0,-1.392998E1,1.366334E1,-2.454347E0,3.441814E0
2.068966E0,-1.398558E1,1.365936E1,-2.404822E0,3.421269E0
2.103448E0,-1.412790E1,1.371625E1,-2.389578E0,3.440641E0
2.137931E0,-1.417572E1,1.375466E1,-2.338021E0,3.522840E0
2.172414E0,-1.417453E1,1.377084E1,-2.264980E0,3.734366E0
2.206897E0,-1.407574E1,1.389919E1,-2.264484E0,3.668840E0
2.241379E0,-1.409772E1,1.394061E1,-2.304205E0,3.620138E0
2.275862E0,-1.413611E1,1.395815E1,-2.203941E0,3.661648E0
2.310345E0,-1.412200E1,1.392619E1,-2.289682E0,3.758007E0
2.344828E0,-1.409919E1,1.388071E1,-2.244990E0,3.671144E0
2.379310E0,-1.416082E1,1.385162E1,-2.148414E0,3.699857E0
2.413793E0,-1.419482E1,1.391110E1,-2.105844E0,3.735410E0
2.448276E0,-1.427691E1,1.381392E1,-2.024965E0,3.650176E0
2.482759E0,-1.424153E1,1.375304E1,-2.081871E0,3.603883E0
2.517241E0,-1.413256E1,1.383053E1,-2.012484E0,3.656322E0
2.551724E0,-1.409919E1,1.370820E1,-1.884843E0,3.788548E0
2.586207E0,-1.407109E1,1.365693E1,-1.836392E0,3.686373E0
2.620690E0,-1.404133E1,1.376422E1,-1.805382E0,3.676294E0
2.655172E0,-1.409557E1,1.378180E1,-1.850371E0,3.717344E0
2.689655E0,-1.397609E1,1.380020E1,-1.772510E0,3.771176E0
2.724138E0,-1.390173E1,1.385566E1,-1.759009E0,3.735482E0
2.758621E0,-1.377195E1,1.385107E1,-1.671491E0,3.771585E0
2.793103E0,-1.375592E1,1.376583E1,-1.704861E0,3.832476E0
2.827586E0,-1.370703E1,1.377908E1,-1.745791E0,3.922909E0
2.862069E0,-1.368688E1,1.369476E1,-1.757911E0,3.940423E0
2.896552E0,-1.372521E1,1.367176E1,-1.722555E0,4.063834E0
2.931034E0,-1.368129E1,1.358781E1,-1.825984E0,4.080790E0
2.965517E0,-1.364858E1,1.343507E1,-1.739195E0,3.959044E0
3.000000E0,-1.366886E1,1.348403E1,-1.713393E0,3.849148E0
3.034483E0,-1.365858E1,1.349482E1,-1.827553E0,3.808694E0
3.068966E0,-1.371995E1,1.366284E1,-1.738882E0,3.788018E0
3.103448E0,-1.374222E1,1.366764E1,-1.859871E0,3.814175E0
3.137931E0,-1.386272E1,1.365322E1,-1.856832E0,3.780072E0
3.172414E0,-1.369166E1,1.361501E1,-1.785854E0,3.679996E0
3.206897E0,-1.364221E1,1.367451E1,-1.929117E0,3.804715E0
3.241379E0,-1.367637E1,1.360067E1,-1.831444E0,3.698240E0
3.275862E0,-1.376014E1,1.366016E1,-1.834683E0,3.744531E0
3.310345E0,-1.375833E1,1.349314E1,-1.677640E0,3.765387E0
3.344828E0,-1.377983E1,1.357956E1,-1.694364E0,3.671842E0
3.379310E0,-1.377113E1,1.355664E1,-1.606447E0,3.495287E0
3.413793E0,-1.369751E1,1.351008E1,-1.619300E0,3.549648E0
3.448276E0,-1.376434E1,1.342965E1,-1.668993E0,3.465754E0
3.482759E0,-1.382945E1,1.335602E1,-1.686891E0,3.561574E0
3.517241E0,-1.385980E1,1.345029E1,-1.758783E0,3.372301E0
3.551724E0,-1.371595E1,1.340512E1,-1.873220E0,3.300373E0
3.586207E0,-1.375896E1,1.344765E1,-1.897027E0,3.235650E0
3.620690E0,-1.378068E1,1.348663E1,-1.887428E0,3.170010E0
3.655172E0,-1.376438E1,1.346110E1,-1.870228E0,3.161181E0
3.689655E0,-1.377175E1,1.338567E1,-1.903545E0,3.201847E0
3.724138E0,-1.368039E1,1.325274E1,-1.865798E0,3.164211E0
3.758621E0,-1.370270E1,1.322505E1,-1.956220E0,3.108090E0
3.793103E0,-1.362257E1,1.329183E1,-1.879320E0,3.189586E0
3.827586E0,-1.371619E1,1.329402E1,-1.821106E0,3.330057E0
3.862069E0,-1.379216E1,1.329140E1,-1.758649E0,3.429414E0
3.896552E0,-1.375011E1,1.331519E1,-1.766140E0,3.344649E0
3.931034E0,-1.384458E1,1.336602E1,-1.851949E0,3.225877E0
3.965517E0,-1.392515E1,1.339760E1,-1.951870E0,3.277973E0
4.000000E0,-1.393529E1,1.329485E1,-2.046325E0,3.159500E0
4.034483E0,-1.383584E1,1.333898E1,-2.163239E0,3.180036E0
4.068966E0,-1.383622E1,1.322818E1,-2.231188E0,3.167364E0
4.103448E0,-1.390325E1,1.331572E1,-2.341286E0,3.245649E0
4.137931E0,-1.377884E1,1.345412E1,-2.431340E0,3.204323E0
4.172414E0,-1.375712E1,1.349605E1,-2.510718E0,3.246837E0
4.206897E0,-1.381225E1,1.342657E1,-2.420229E0,3.178641E0
4.241379E0,-1.386120E1,1.345064E1,-2.511985E0,3.141946E0
4.275862E0,-1.382344E1,1.360288E1,-2.407950E0,3.117620E0
4.310345E0,-1.383608E1,1.356773E1,-2.437583E0,3.206509E0
4.344828E0,-1.386239E1,1.353853E1,-2.461960E0,3.150292E0
4.379310E0,-1.394231E1,1.348155E1,-2.289134E0,3.083380E0
4.413793E0,-1.397440E1,1.352502E1,-2.257372E0,3.049019E0
4.448276E0,-1.403207E1,1.335564E1,-2.318187E0,3.122567E0
4.482759E0,-1.410590E1,1.334377E1,-2.302164E0,3.040515E0
4.517241E0,-1.415777E1,1.328490E1,-2.367970E0,3.132833E0
4.551724E0,-1.419493E1,1.328945E1,-2.296202E0,3.098919E0
4.586207E0,-1.418211E1,1.333661E1,-2.439265E0,3.072076E0
4.620690E0,-1.424624E1,1.334375E1,-2.507269E0,3.101270E0
4.655172E0,-1.428226E1,1.333771E1,-2.380066E0,3.252322E0
4.689655E0,-1.420722E1,1.336636E1,-2.419220E0,3.200812E0
4.724138E0,-1.426577E1,1.346940E1,-2.373300E0,3.208877E0
4.758621E0,-1.438963E1,1.356143E1,-2.340603E0,3.237490E0
4.793103E0,-1.433535E1,1.351094E1,-2.326780E0,3.279119E0
4.827586E0,-1.451621E1,1.357902E1,-2.300824E0,3.198540E0
4.862069E0,-1.455714E1,1.353828E1,-2.175903E0,3.169351E0
4.896552E0,-1.445797E1,1.346248E1,-2.203607E0,3.150599E0
4.931034E0,-1.446487E1,1.334388E1,-2.199980E0,3.151021E0
4.965517E0,-1.438282E1,1.332031E1,-2.199252E0,3.201724E0
5.000000E0,-1.434834E1,1.319144E1,-2.202349E0,3.244658E0
5.034483E0,-1.446872E1,1.323007E1,-2.215953E0,3.279912E0
5.068966E0,-1.454951E1,1.331395E1,-2.141004E0,3.209888E0
5.103448E0,-1.452205E1,1.329822E1,-2.155271E0,3.125452E0
5.137931E0,-1.453473E1,1.337332E1,-2.178871E0,3.108694E0
5.172414E0,-1.449804E1,1.345106E1,-2.243659E0,3.120137E0
5.206897E0,-1.445266E1,1.326720E1,-2.224335E0,3.100001E0
5.241379E0,-1.437360E1,1.354015E1,-2.260782E0,3.355452E0
5.275862E0,-1.429060E1,1.337814E1,-2.226514E0,3.177964E0
5.310345E0,-1.426825E1,1.324879E1,-2.160722E0,3.029728E0
5.344828E0,-1.432874E1,1.336169E1,-2.067713E0,3.241114E0
5.379310E0,-1.424088E1,1.349105E1,-2.162912E0,3.319379E0
5.413793E0,-1.413697E1,1.340285E1,-2.218932E0,3.262587E0
5.448276E0,-1.417973E1,1.342080E1,-2.267050E0,3.362677E0
5.482759E0,-1.414842E1,1.357796E1,-2.459026E0,3.473395E0
5.517241E0,-1.413616E1,1.345876E1,-2.537982E0,3.276155E0
5.551724E0,-1.422575E1,1.359569E1,-2.373863E0,3.281121E0
5.586207E0,-1.422492E1,1.377024E1,-2.452437E0,3.472556E0
5.620690E0,-1.422521E1,1.376652E1,-2.502298E0,3.319786E0
5.655172E0,-1.426571E1,1.373214E1,-2.461157E0,3.216167E0
5.689655E0,-1.427563E1,1.397516E1,-2.422861E0,3.382912E0
5.724138E0,-1.438391E1,1.388397E1,-2.512662E0,3.390350E0
5.758621E0,-1.431553E1,1.384911E1,-2.530704E0,3.422935E0
5.793103E0,-1.416311E1,1.395213E1,-2.483660E0,3.492962E0
5.827586E0,-1.418286E1,1.402094E1,-2.460799E0,3.550366E0
5.862069E0,-1.419676E1,1.394689E1,-2.337776E0,3.277065E0
5.896552E0,-1.416022E1,1.385690E1,-2.362134E0,3.241107E0
5.931034E0,-1.402889E1,1.392528E1,-2.425136E0,3.404389E0
5.965517E0,-1.411683E1,1.378941E1,-2.447175E0,3.345828E0
6.000000E0,-1.427745E1,1.376494E1,-2.443600E0,3.389780E0
6.034483E0,-1.441429E1,1.388237E1,-2.410253E0,3.288618E0
6.068966E0,-1.445377E1,1.387331E1,-2.336679E0,3.114347E0
6.103448E0,-1.446196E1,1.377487E1,-2.349366E0,3.064337E0
6.137931E0,-1.453287E1,1.375067E1,-2.352199E0,3.013677E0
6.172414E0,-1.452004E1,1.366240E1,-2.372601E0,2.982397E0
6.206897E0,-1.447371E1,1.352623E1,-2.321765E0,2.977965E0
6.241379E0,-1.442376E1,1.351329E1,-2.099423E0,2.941849E0
6.275862E0,-1.443782E1,1.357365E1,-2.064853E0,2.837154E0
6.310345E0,-1.438133E1,1.364477E1,-2.032911E0,2.904156E0
6.344828E0,-1.439488E1,1.359736E1,-2.090794E0,2.921361E0
6.379310E0,-1.442268E1,1.356165E1,-2.063079E0,2.892404E0
6.413793E0,-1.435511E1,1.364084E1,-2.051769E0,2.966604E0
6.448276E0,-1.426087E1,1.370467E1,-2.080093E0,3.069618E0
6.482759E0,-1.432951E1,1.367472E1,-2.263633E0,3.032240E0
6.517241E0,-1.420159E1,1.376034E1,-2.201597E0,3.147579E0
6.551724E0,-1.420838E1,1.383729E1,-2.251106E0,3.165334E0
6.586207E0,-1.415243E1,1.377026E1,-2.197577E0,3.000785E0
6.620690E0,-1.401084E1,1.389369E1,-2.122175E0,3.052323E0
6.655172E0,-1.408272E1,1.379026E1,-2.235360E0,2.979718E0
6.689655E0,-1.409106E1,1.379831E1,-2.185689E0,2.895345E0
6.724138E0,-1.400074E1,1.376042E1,-2.046945E0,2.869155E0
6.758621E0,-1.406867E1,1.379494E1,-1.983490E0,2.879541E0
6.793103E0,-1.412158E1,1.374382E1,-1.899927E0,2.931420E0
6.827586E0,-1.423467E1,1.375257E1,-1.844911E0,2.905069E0
6.862069E0,-1.414980E1,1.375822E1,-1.733744E0,2.963313E0
6.896552E0,-1.423757E1,1.374848E1,-1.784302E0,3.114981E0
6.931034E0,-1.431468E1,1.362951E1,-1.794051E0,3.110718E0
6.965517E0,-1.425666E1,1.362481E1,-1.843030E0,3.116766E0
7.000000E0,-1.425723E1,1.367307E1,-1.746008E0,3.104694E0
7.034483E0,-1.430050E1,1.358423E1,-1.823481E0,3.187720E0
7.068966E0,-1.422651E1,1.357431E1,-1.832695E0,3.186199E0
7.103448E0,-1.414957E1,1.351403E1,-1.751142E0,3.160998E0
7.137931E0,-1.413682E1,1.340812E1,-1.666546E0,3.130800E0
7.172414E0,-1.418752E1,1.341170E1,-1.820238E0,3.167697E0
7.206897E0,-1.425352E1,1.337634E1,-1.914889E0,3.221057E0
7.241379E0,-1.432741E1,1.329656E1,-1.930864E0,3.100824E0
7.275862E0,-1.429459E1,1.330430E1,-1.955726E0,3.078124E0
7.310345E0,-1.422882E1,1.319548E1,-1.970782E0,3.101416E0
7.344828E0,-1.425020E1,1.314660E1,-1.981385E0,3.111167E0
7.379310E0,-1.418461E1,1.319512E1,-1.959283E0,3.112658E0
7.413793E0,-1.421859E1,1.320689E1,-2.072322E0,3.213520E0
7.448276E0,-1.412466E1,1.317196E1,-2.172372E0,3.221885E0
7.482759E0,-1.424130E1,1.309134E1,-2.099712E0,3.210979E0
7.517241E0,-1.414486E1,1.308601E1,-2.081353E0,3.149553E0
7.551724E0,-1.421578E1,1.303512E1,-2.058548E0,3.083215E0
7.586207E0,-1.425645E1,1.311415E1,-2.085873E0,3.070979E0
7.620690E0,-1.428136E1,1.301358E1,-2.020913E0,3.105983E0
7.655172E0,-1.420302E1,1.313444E1,-2.140936E0,3.146292E0
7.689655E0,-1.413985E1,1.302965E1,-2.154441E0,3.086244E0
7.724138E0,-1.393564E1,1.294242E1,-2.223130E0,3.171232E0
7.758621E0,-1.394938E1,1.297550E1,-2.263575E0,3.221280E0
7.793103E0,-1.393349E1,1.295916E1,-2.148710E0,3.088935E0
7.827586E0,-1.392356E1,1.293216E1,-2.132788E0,3.189998E0
7.862069E0,-1.389076E1,1.305144E1,-2.261558E0,3.202411E0
7.896552E0,-1.403395E1,1.294370E1,-2.288427E0,3.084057E0
7.931034E0,-1.402550E1,1.285335E1,-2.256484E0,3.047830E0
7.965517E0,-1.404179E1,1.284787E1,-2.173117E0,3.034365E0
8.000000E0,-1.408574E1,1.281551E1,-2.171793E0,3.046091E0
8.034483E0,-1.423405E1,1.273885E1,-2.207716E0,3.081290E0
8.068966E0,-1.420636E1,1.272658E1,-2.080774E0,3.028408E0
8.103448E0,-1.418194E1,1.267289E1,-2.158434E0,3.093487E0
8.137931E0,-1.399113E1,1.273508E1,-2.158897E0,3.047915E0
8.172414E0,-1.409495E1,1.285888E1,-2.169074E0,3.150882E0
8.206897E0,-1.415735E1,1.288154E1,-2.031702E0,3.123090E0
8.241379E0,-1.416195E1,1.275647E1,-2.045368E0,3.160040E0
