#multi:
,mass A,,mass B,,mass D,,
t,x,y,x,y,x,y,
0.000000E0,-2.041614E1,2.574209E1,3.707371E1,2.988248E0,-1.748415E1,-1.598992E1
3.448276E-2,-2.044549E1,2.573825E1,3.709037E1,3.076571E0,-1.755907E1,-1.598186E1
6.896552E-2,-2.047331E1,2.581517E1,3.710617E1,3.080131E0,-1.751238E1,-1.591091E1
1.034483E-1,-2.036966E1,2.595456E1,3.705317E1,3.023707E0,-1.741382E1,-1.582964E1
1.379310E-1,-2.036580E1,2.593833E1,3.703266E1,2.958350E0,-1.738007E1,-1.593973E1
1.724138E-1,-2.048733E1,2.591424E1,3.691987E1,3.032300E0,-1.738385E1,-1.594823E1
2.068966E-1,-2.054756E1,2.606573E1,3.694626E1,3.026353E0,-1.736345E1,-1.593272E1
2.413793E-1,-2.046801E1,2.608707E1,3.698343E1,2.901772E0,-1.728577E1,-1.591617E1
2.758621E-1,-2.051250E1,2.606687E1,3.689690E1,2.864300E0,-1.726603E1,-1.601392E1
3.103448E-1,-2.042529E1,2.615794E1,3.678567E1,2.938299E0,-1.732126E1,-1.600931E1
3.448276E-1,-2.035515E1,2.606737E1,3.671680E1,2.899975E0,-1.738798E1,-1.595512E1
3.793103E-1,-2.035217E1,2.594812E1,3.677017E1,2.851395E0,-1.745502E1,-1.592922E1
4.137931E-1,-2.042642E1,2.592921E1,3.686130E1,2.850808E0,-1.758210E1,-1.586186E1
4.482759E-1,-2.043034E1,2.603409E1,3.671296E1,2.772173E0,-1.765896E1,-1.585423E1
4.827586E-1,-2.048888E1,2.586574E1,3.680550E1,2.730080E0,-1.766436E1,-1.594465E1
5.172414E-1,-2.049092E1,2.591351E1,3.682965E1,2.717499E0,-1.766150E1,-1.585552E1
5.517241E-1,-2.049430E1,2.594332E1,3.673096E1,2.738981E0,-1.775066E1,-1.589354E1
5.862069E-1,-2.046845E1,2.586816E1,3.674096E1,2.699719E0,-1.780702E1,-1.589559E1
6.206897E-1,-2.056758E1,2.591213E1,3.667845E1,2.651849E0,-1.787410E1,-1.599908E1
6.551724E-1,-2.057190E1,2.592178E1,3.656576E1,2.720402E0,-1.784247E1,-1.600407E1
6.896552E-1,-2.056255E1,2.593484E1,3.669430E1,2.630739E0,-1.779268E1,-1.598926E1
7.241379E-1,-2.061625E1,2.591263E1,3.667542E1,2.629188E0,-1.778116E1,-1.595735E1
7.586207E-1,-2.061592E1,2.599790E1,3.668634E1,2.586670E0,-1.758393E1,-1.606712E1
7.931034E-1,-2.050187E1,2.605252E1,3.664946E1,2.597743E0,-1.755784E1,-1.597329E1
8.275862E-1,-2.051169E1,2.607242E1,3.669497E1,2.596769E0,-1.752544E1,-1.607257E1
8.620690E-1,-2.042813E1,2.620111E1,3.673888E1,2.630006E0,-1.755485E1,-1.603604E1
8.965517E-1,-2.042016E1,2.630666E1,3.669272E1,2.731587E0,-1.749998E1,-1.609097E1
9.310345E-1,-2.038851E1,2.624634E1,3.652189E1,2.652163E0,-1.759327E1,-1.616195E1
9.655172E-1,-2.041681E1,2.615072E1,3.655737E1,2.597605E0,-1.758253E1,-1.620282E1
1.000000E0,-2.037752E1,2.607132E1,3.650100E1,2.628470E0,-1.763189E1,-1.631009E1
1.034483E0,-2.038039E1,2.606705E1,3.652755E1,2.695350E0,-1.769311E1,-1.639062E1
1.068966E0,-2.032415E1,2.602120E1,3.656230E1,2.773085E0,-1.770422E1,-1.643346E1
1.103448E0,-2.034469E1,2.600324E1,3.665854E1,2.850661E0,-1.765031E1,-1.644839E1
1.137931E0,-2.037972E1,2.607885E1,3.660850E1,2.846642E0,-1.757953E1,-1.642957E1
1.172414E0,-2.021455E1,2.610897E1,3.671530E1,2.841792E0,-1.751096E1,-1.638455E1
1.206897E0,-2.015944E1,2.618545E1,3.669801E1,2.972950E0,-1.750711E1,-1.631520E1
1.241379E0,-2.018169E1,2.623956E1,3.676695E1,3.026690E0,-1.752150E1,-1.626146E1
1.275862E0,-2.027012E1,2.625916E1,3.678716E1,2.972573E0,-1.762603E1,-1.617779E1
1.310345E0,-2.037796E1,2.626182E1,3.682924E1,2.928340E0,-1.756811E1,-1.610414E1
1.344828E0,-2.040666E1,2.636619E1,3.676200E1,2.959341E0,-1.757003E1,-1.615750E1
1.379310E0,-2.044004E1,2.638238E1,3.667325E1,2.989116E0,-1.754728E1,-1.620258E1
1.413793E0,-2.046050E1,2.641602E1,3.676821E1,2.956279E0,-1.757655E1,-1.623319E1
1.448276E0,-2.047792E1,2.648339E1,3.677246E1,3.058113E0,-1.751460E1,-1.630037E1
1.482759E0,-2.043347E1,2.648696E1,3.695479E1,2.994690E0,-1.763565E1,-1.629644E1
1.517241E0,-2.042398E1,2.658010E1,3.691762E1,2.925369E0,-1.765465E1,-1.621516E1
1.551724E0,-2.038965E1,2.641406E1,3.691057E1,2.820411E0,-1.772292E1,-1.619149E1
1.586207E0,-2.035881E1,2.651356E1,3.695479E1,2.891262E0,-1.761090E1,-1.624627E1
1.620690E0,-2.026775E1,2.648959E1,3.700448E1,2.841924E0,-1.761311E1,-1.634777E1
1.655172E0,-2.032915E1,2.648352E1,3.697465E1,2.949585E0,-1.766373E1,-1.643358E1
1.689655E0,-2.038053E1,2.655700E1,3.705603E1,2.974103E0,-1.759312E1,-1.640631E1
1.724138E0,-2.042015E1,2.660418E1,3.702589E1,3.057239E0,-1.750318E1,-1.634369E1
1.758621E0,-2.045843E1,2.666974E1,3.701861E1,3.033342E0,-1.747566E1,-1.633736E1
1.793103E0,-2.044557E1,2.673609E1,3.702174E1,3.046215E0,-1.743128E1,-1.626068E1
1.827586E0,-2.036014E1,2.675115E1,3.704317E1,3.072441E0,-1.731965E1,-1.608696E1
1.862069E0,-2.042379E1,2.673605E1,3.716973E1,3.020354E0,-1.741578E1,-1.607834E1
1.896552E0,-2.046828E1,2.675210E1,3.719192E1,2.976777E0,-1.739183E1,-1.605422E1
1.931034E0,-2.043500E1,2.671132E1,3.716755E1,2.990099E0,-1.740376E1,-1.608055E1
1.965517E0,-2.045394E1,2.653982E1,3.707410E1,2.996652E0,-1.741081E1,-1.614978E1
2.000000E0,-2.046819E1,2.656561E1,3.697494E1,2.983895E0,-1.734239E1,-1.618438E1
2.034483E0,-2.055156E1,2.676964E1,3.704187E1,2.995835E0,-1.739346E1,-1.609256E1
2.068966E0,-2.060590E1,2.675763E1,3.716931E1,2.956956E0,-1.740266E1,-1.601918E1
2.103448E0,-2.057980E1,2.678707E1,3.719511E1,2.931648E0,-1.738109E1,-1.605910E1
2.137931E0,-2.054517E1,2.674900E1,3.712836E1,3.028654E0,-1.743805E1,-1.606873E1
2.172414E0,-2.061014E1,2.667681E1,3.713834E1,3.084502E0,-1.740657E1,-1.600564E1
2.206897E0,-2.055637E1,2.673379E1,3.703630E1,3.135822E0,-1.744170E1,-1.606441E1
2.241379E0,-2.044814E1,2.668916E1,3.704473E1,3.101491E0,-1.732846E1,-1.606541E1
2.275862E0,-2.043212E1,2.671799E1,3.708356E1,3.187500E0,-1.734978E1,-1.611438E1
2.310345E0,-2.054080E1,2.669298E1,3.699419E1,3.063483E0,-1.726419E1,-1.614943E1
2.344828E0,-2.057865E1,2.667865E1,3.707508E1,3.052944E0,-1.738277E1,-1.618548E1
2.379310E0,-2.054035E1,2.679532E1,3.710462E1,3.057883E0,-1.746022E1,-1.608729E1
2.413793E0,-2.073751E1,2.676135E1,3.705852E1,3.098918E0,-1.743369E1,-1.599041E1
2.448276E0,-2.078842E1,2.674153E1,3.702286E1,3.115903E0,-1.741633E1,-1.603130E1
2.482759E0,-2.078223E1,2.663927E1,3.697935E1,3.161000E0,-1.735279E1,-1.606323E1
2.517241E0,-2.066426E1,2.671710E1,3.694885E1,3.087922E0,-1.738863E1,-1.614390E1
2.551724E0,-2.062389E1,2.670909E1,3.697678E1,3.041904E0,-1.738948E1,-1.611540E1
2.586207E0,-2.067576E1,2.657691E1,3.699395E1,3.137493E0,-1.737452E1,-1.593042E1
2.620690E0,-2.085441E1,2.655190E1,3.687762E1,3.249574E0,-1.749460E1,-1.591045E1
2.655172E0,-2.084357E1,2.670742E1,3.695116E1,3.206628E0,-1.741112E1,-1.590310E1
2.689655E0,-2.078061E1,2.666362E1,3.694394E1,3.233689E0,-1.734141E1,-1.599573E1
2.724138E0,-2.081348E1,2.659194E1,3.702384E1,3.228949E0,-1.721930E1,-1.589703E1
2.758621E0,-2.077118E1,2.655523E1,3.706912E1,3.254820E0,-1.721798E1,-1.589812E1
2.793103E0,-2.084322E1,2.648407E1,3.706666E1,3.197751E0,-1.732429E1,-1.601041E1
2.827586E0,-2.083539E1,2.659762E1,3.709117E1,3.227959E0,-1.751612E1,-1.592978E1
2.862069E0,-2.072517E1,2.672611E1,3.705073E1,3.106238E0,-1.743692E1,-1.603344E1
2.896552E0,-2.069350E1,2.670413E1,3.711350E1,3.179333E0,-1.736890E1,-1.604575E1
2.931034E0,-2.061495E1,2.678124E1,3.714801E1,3.336802E0,-1.727559E1,-1.597903E1
2.965517E0,-2.057408E1,2.679136E1,3.705265E1,3.276807E0,-1.738191E1,-1.587297E1
3.000000E0,-2.052829E1,2.676571E1,3.712245E1,3.166763E0,-1.740322E1,-1.599311E1
3.034483E0,-2.061947E1,2.667093E1,3.723286E1,3.226113E0,-1.738268E1,-1.599488E1
3.068966E0,-2.060795E1,2.672318E1,3.723150E1,3.304967E0,-1.751965E1,-1.586058E1
3.103448E0,-2.053360E1,2.675083E1,3.727411E1,3.324782E0,-1.746636E1,-1.580736E1
3.137931E0,-2.050727E1,2.676793E1,3.725324E1,3.284917E0,-1.745995E1,-1.574533E1
3.172414E0,-2.039489E1,2.700450E1,3.730763E1,3.289614E0,-1.753762E1,-1.564386E1
3.206897E0,-2.057424E1,2.702907E1,3.726793E1,3.317848E0,-1.766223E1,-1.559055E1
3.241379E0,-2.048538E1,2.691098E1,3.721805E1,3.221870E0,-1.771224E1,-1.553785E1
3.275862E0,-2.043947E1,2.691058E1,3.716350E1,3.151940E0,-1.774198E1,-1.543252E1
3.310345E0,-2.044758E1,2.687119E1,3.721412E1,3.144147E0,-1.767186E1,-1.540413E1
3.344828E0,-2.056074E1,2.691603E1,3.720560E1,3.067924E0,-1.779219E1,-1.542094E1
3.379310E0,-2.051316E1,2.688656E1,3.714014E1,3.114045E0,-1.774929E1,-1.551170E1
3.413793E0,-2.048017E1,2.699016E1,3.711507E1,3.153728E0,-1.778293E1,-1.544752E1
3.448276E0,-2.041870E1,2.701910E1,3.710615E1,3.114141E0,-1.777275E1,-1.556630E1
3.482759E0,-2.051857E1,2.682238E1,3.696420E1,3.038475E0,-1.769484E1,-1.559927E1
3.517241E0,-2.043200E1,2.691123E1,3.694574E1,3.089088E0,-1.777368E1,-1.549676E1
3.551724E0,-2.046466E1,2.689711E1,3.691058E1,3.189421E0,-1.774739E1,-1.556972E1
3.586207E0,-2.045743E1,2.689533E1,3.688838E1,3.085745E0,-1.777122E1,-1.561783E1
3.620690E0,-2.041289E1,2.689483E1,3.681055E1,3.125625E0,-1.778342E1,-1.554679E1
3.655172E0,-2.043398E1,2.697327E1,3.669018E1,3.164574E0,-1.776599E1,-1.563747E1
3.689655E0,-2.046890E1,2.687187E1,3.666720E1,3.008336E0,-1.764375E1,-1.576172E1
3.724138E0,-2.048710E1,2.685266E1,3.665465E1,3.141366E0,-1.755504E1,-1.574982E1
3.758621E0,-2.049862E1,2.686894E1,3.669257E1,3.282287E0,-1.742239E1,-1.562092E1
3.793103E0,-2.038292E1,2.680797E1,3.668604E1,3.123331E0,-1.744870E1,-1.566978E1
3.827586E0,-2.040535E1,2.685683E1,3.670252E1,3.165340E0,-1.735835E1,-1.576289E1
3.862069E0,-2.029788E1,2.689341E1,3.670898E1,3.361418E0,-1.732053E1,-1.568270E1
3.896552E0,-2.034162E1,2.687644E1,3.674491E1,3.259931E0,-1.743048E1,-1.573214E1
3.931034E0,-2.042371E1,2.663268E1,3.682237E1,3.088023E0,-1.745026E1,-1.574540E1
3.965517E0,-2.030915E1,2.668744E1,3.681721E1,3.124779E0,-1.754956E1,-1.554376E1
4.000000E0,-2.026713E1,2.664074E1,3.690740E1,3.127921E0,-1.755343E1,-1.557449E1
4.034483E0,-2.030525E1,2.656538E1,3.693062E1,3.082660E0,-1.753168E1,-1.566331E1
4.068966E0,-2.042883E1,2.670857E1,3.698370E1,3.246838E0,-1.759123E1,-1.547951E1
4.103448E0,-2.037068E1,2.685174E1,3.696126E1,3.455370E0,-1.764283E1,-1.546790E1
4.137931E0,-2.037374E1,2.663605E1,3.688070E1,3.379462E0,-1.763533E1,-1.557277E1
4.172414E0,-2.025792E1,2.660602E1,3.689211E1,3.524104E0,-1.768943E1,-1.554092E1
4.206897E0,-2.035770E1,2.656579E1,3.698102E1,3.503853E0,-1.765858E1,-1.550886E1
4.241379E0,-2.033869E1,2.642340E1,3.701959E1,3.482044E0,-1.771658E1,-1.573037E1
4.275862E0,-2.031632E1,2.636876E1,3.698999E1,3.475936E0,-1.761156E1,-1.562719E1
4.310345E0,-2.032167E1,2.634688E1,3.694939E1,3.570158E0,-1.762598E1,-1.559714E1
4.344828E0,-2.024057E1,2.628659E1,3.688759E1,3.489288E0,-1.760679E1,-1.538423E1
4.379310E0,-2.017731E1,2.640721E1,3.685515E1,3.523856E0,-1.773929E1,-1.541462E1
4.413793E0,-2.033373E1,2.650760E1,3.693646E1,3.470213E0,-1.778670E1,-1.532476E1
4.448276E0,-2.032755E1,2.648570E1,3.687201E1,3.499832E0,-1.761709E1,-1.535996E1
4.482759E0,-2.036304E1,2.650448E1,3.684616E1,3.478878E0,-1.759193E1,-1.534772E1
4.517241E0,-2.035124E1,2.643234E1,3.687043E1,3.523464E0,-1.770326E1,-1.540261E1
4.551724E0,-2.034418E1,2.645159E1,3.681866E1,3.635535E0,-1.768316E1,-1.548163E1
4.586207E0,-2.023984E1,2.653775E1,3.678008E1,3.561398E0,-1.767298E1,-1.552985E1
4.620690E0,-2.019632E1,2.639581E1,3.685465E1,3.445383E0,-1.770453E1,-1.571973E1
4.655172E0,-2.018940E1,2.649139E1,3.677809E1,3.529104E0,-1.763426E1,-1.570788E1
4.689655E0,-2.021855E1,2.657215E1,3.674198E1,3.619727E0,-1.764864E1,-1.555346E1
4.724138E0,-2.025759E1,2.634820E1,3.674916E1,3.550413E0,-1.759309E1,-1.576182E1
4.758621E0,-2.041754E1,2.634931E1,3.673976E1,3.509206E0,-1.760061E1,-1.574138E1
4.793103E0,-2.037948E1,2.653953E1,3.666444E1,3.741085E0,-1.770201E1,-1.553574E1
4.827586E0,-2.049035E1,2.637505E1,3.667175E1,3.599409E0,-1.774092E1,-1.558218E1
4.862069E0,-2.052668E1,2.634714E1,3.664133E1,3.587218E0,-1.771505E1,-1.566380E1
4.896552E0,-2.062075E1,2.639530E1,3.679897E1,3.876437E0,-1.763131E1,-1.528498E1
4.931034E0,-2.055852E1,2.636203E1,3.685252E1,3.819487E0,-1.758665E1,-1.541171E1
4.965517E0,-2.060928E1,2.624452E1,3.682904E1,3.695200E0,-1.756348E1,-1.550383E1
5.000000E0,-2.057533E1,2.628543E1,3.693961E1,3.795024E0,-1.761536E1,-1.530105E1
5.034483E0,-2.061746E1,2.624166E1,3.682650E1,3.923105E0,-1.763049E1,-1.530046E1
5.068966E0,-2.054062E1,2.606199E1,3.671094E1,3.765736E0,-1.758791E1,-1.545281E1
5.103448E0,-2.046465E1,2.619923E1,3.684510E1,3.808496E0,-1.749903E1,-1.516648E1
5.137931E0,-2.047596E1,2.612118E1,3.692436E1,3.892064E0,-1.746093E1,-1.502751E1
5.172414E0,-2.050594E1,2.599127E1,3.701402E1,3.776622E0,-1.747718E1,-1.525269E1
5.206897E0,-2.050003E1,2.606768E1,3.710418E1,3.777061E0,-1.752428E1,-1.514551E1
5.241379E0,-2.057663E1,2.615185E1,3.699351E1,3.893905E0,-1.763982E1,-1.499661E1
5.275862E0,-2.047070E1,2.586829E1,3.699877E1,3.629395E0,-1.753308E1,-1.529216E1
5.310345E0,-2.049022E1,2.585036E1,3.696897E1,3.670279E0,-1.763923E1,-1.534729E1
5.344828E0,-2.047417E1,2.585499E1,3.706526E1,3.774747E0,-1.761085E1,-1.517558E1
5.379310E0,-2.045716E1,2.580949E1,3.712434E1,3.734927E0,-1.769618E1,-1.528326E1
5.413793E0,-2.031170E1,2.576286E1,3.711830E1,3.810127E0,-1.769528E1,-1.538690E1
5.448276E0,-2.016588E1,2.586361E1,3.712092E1,3.832545E0,-1.762011E1,-1.516956E1
5.482759E0,-2.015906E1,2.585664E1,3.714080E1,3.849885E0,-1.765566E1,-1.517244E1
5.517241E0,-2.009117E1,2.596437E1,3.719987E1,3.733964E0,-1.754090E1,-1.526969E1
5.551724E0,-2.014098E1,2.593237E1,3.724413E1,3.755080E0,-1.750154E1,-1.528041E1
5.586207E0,-2.018567E1,2.610883E1,3.731426E1,3.809462E0,-1.741930E1,-1.530846E1
5.620690E0,-2.027886E1,2.608913E1,3.741862E1,3.638299E0,-1.739996E1,-1.533325E1
5.655172E0,-2.013829E1,2.602039E1,3.735407E1,3.535396E0,-1.754610E1,-1.517858E1
5.689655E0,-2.008296E1,2.594718E1,3.728578E1,3.487695E0,-1.751691E1,-1.515800E1
5.724138E0,-2.006520E1,2.595933E1,3.721574E1,3.606467E0,-1.758485E1,-1.506641E1
5.758621E0,-2.012044E1,2.608141E1,3.718393E1,3.664910E0,-1.753893E1,-1.510054E1
5.793103E0,-2.009648E1,2.614173E1,3.716706E1,3.629506E0,-1.756266E1,-1.512117E1
5.827586E0,-2.004726E1,2.612721E1,3.713401E1,3.587351E0,-1.760275E1,-1.509046E1
5.862069E0,-2.008271E1,2.619823E1,3.728802E1,3.664899E0,-1.762871E1,-1.508147E1
5.896552E0,-2.018958E1,2.621750E1,3.728235E1,3.659680E0,-1.761004E1,-1.513258E1
5.931034E0,-2.008664E1,2.619288E1,3.726702E1,3.712032E0,-1.766090E1,-1.522235E1
5.965517E0,-2.001678E1,2.634956E1,3.725199E1,3.706449E0,-1.785706E1,-1.516908E1
6.000000E0,-2.008248E1,2.627663E1,3.722932E1,3.709621E0,-1.790712E1,-1.532114E1
6.034483E0,-1.982821E1,2.630876E1,3.722186E1,3.910036E0,-1.788320E1,-1.531434E1
6.068966E0,-1.983430E1,2.626643E1,3.733126E1,3.893306E0,-1.802575E1,-1.521197E1
6.103448E0,-1.983575E1,2.628489E1,3.730092E1,3.828692E0,-1.816518E1,-1.520009E1
6.137931E0,-1.985586E1,2.623016E1,3.727229E1,3.934521E0,-1.824621E1,-1.526027E1
6.172414E0,-1.979675E1,2.630777E1,3.720510E1,4.085530E0,-1.829928E1,-1.525915E1
6.206897E0,-1.974843E1,2.609431E1,3.715957E1,4.060799E0,-1.825403E1,-1.520764E1
6.241379E0,-1.971216E1,2.611435E1,3.714106E1,4.108105E0,-1.815383E1,-1.511105E1
6.275862E0,-1.987556E1,2.606643E1,3.709125E1,4.254641E0,-1.814897E1,-1.499273E1
6.310345E0,-1.987150E1,2.611834E1,3.717656E1,4.278472E0,-1.825082E1,-1.490001E1
6.344828E0,-1.983174E1,2.595795E1,3.727267E1,4.240473E0,-1.819781E1,-1.490326E1
6.379310E0,-1.976274E1,2.596573E1,3.724911E1,4.344967E0,-1.817039E1,-1.478430E1
6.413793E0,-1.975343E1,2.596542E1,3.729677E1,4.291548E0,-1.805800E1,-1.473615E1
6.448276E0,-1.972781E1,2.583739E1,3.732453E1,4.303887E0,-1.789116E1,-1.471979E1
6.482759E0,-1.987160E1,2.579182E1,3.736832E1,4.433760E0,-1.784686E1,-1.477813E1
6.517241E0,-1.991042E1,2.584915E1,3.740081E1,4.315348E0,-1.778046E1,-1.471142E1
6.551724E0,-1.980921E1,2.582120E1,3.740327E1,4.269872E0,-1.779302E1,-1.479835E1
6.586207E0,-1.989945E1,2.582442E1,3.742646E1,4.329731E0,-1.777656E1,-1.481100E1
6.620690E0,-1.982293E1,2.572813E1,3.737327E1,4.316947E0,-1.781184E1,-1.477278E1
6.655172E0,-1.976049E1,2.588115E1,3.723542E1,4.312556E0,-1.773979E1,-1.491021E1
6.689655E0,-1.975697E1,2.598407E1,3.734452E1,4.201450E0,-1.771976E1,-1.489139E1
6.724138E0,-1.978539E1,2.612700E1,3.737966E1,4.260921E0,-1.782057E1,-1.479037E1
6.758621E0,-1.986779E1,2.616346E1,3.751117E1,4.269933E0,-1.780225E1,-1.494931E1
6.793103E0,-1.994881E1,2.616860E1,3.755693E1,4.284409E0,-1.785616E1,-1.501381E1
6.827586E0,-1.990616E1,2.607306E1,3.763069E1,4.313297E0,-1.772884E1,-1.503201E1
6.862069E0,-1.986430E1,2.606205E1,3.755376E1,4.248020E0,-1.774749E1,-1.500600E1
6.896552E0,-1.990796E1,2.604353E1,3.770007E1,4.103674E0,-1.775344E1,-1.498516E1
6.931034E0,-1.993666E1,2.600703E1,3.759431E1,4.058570E0,-1.773882E1,-1.498251E1
6.965517E0,-1.989268E1,2.616821E1,3.763159E1,4.064694E0,-1.787528E1,-1.478519E1
7.000000E0,-1.980148E1,2.610602E1,3.753092E1,4.025708E0,-1.792754E1,-1.486284E1
7.034483E0,-1.973340E1,2.605435E1,3.742248E1,4.135691E0,-1.790209E1,-1.491876E1
7.068966E0,-1.976703E1,2.602364E1,3.737534E1,4.217561E0,-1.798501E1,-1.477749E1
7.103448E0,-1.984256E1,2.606140E1,3.737728E1,4.240689E0,-1.810293E1,-1.478263E1
7.137931E0,-1.992613E1,2.606450E1,3.721949E1,4.175461E0,-1.810169E1,-1.479273E1
7.172414E0,-1.995630E1,2.607310E1,3.720657E1,4.053418E0,-1.807710E1,-1.486071E1
7.206897E0,-1.992895E1,2.618247E1,3.731735E1,4.148132E0,-1.816528E1,-1.483076E1
7.241379E0,-1.985399E1,2.630854E1,3.721763E1,4.057528E0,-1.818397E1,-1.481373E1
7.275862E0,-1.988405E1,2.620014E1,3.716668E1,3.985662E0,-1.823082E1,-1.478996E1
7.310345E0,-1.996506E1,2.610352E1,3.717272E1,4.081736E0,-1.835635E1,-1.475971E1
7.344828E0,-1.999028E1,2.603241E1,3.713357E1,4.067300E0,-1.834856E1,-1.465846E1
7.379310E0,-1.990099E1,2.611745E1,3.727760E1,4.057937E0,-1.846581E1,-1.456849E1
7.413793E0,-1.989174E1,2.604772E1,3.727093E1,4.116461E0,-1.845532E1,-1.462998E1
7.448276E0,-1.978336E1,2.614625E1,3.734540E1,4.085856E0,-1.833900E1,-1.459842E1
7.482759E0,-1.975984E1,2.605279E1,3.734203E1,4.018708E0,-1.841708E1,-1.466882E1
7.517241E0,-1.967753E1,2.602349E1,3.749733E1,4.012000E0,-1.840197E1,-1.480394E1
7.551724E0,-1.959933E1,2.605216E1,3.743025E1,4.089854E0,-1.842320E1,-1.475999E1
7.586207E0,-1.953267E1,2.620072E1,3.741988E1,4.008793E0,-1.829536E1,-1.475766E1
7.620690E0,-1.973737E1,2.615477E1,3.746096E1,4.046339E0,-1.824818E1,-1.484341E1
7.655172E0,-1.962836E1,2.607478E1,3.746503E1,4.061977E0,-1.824661E1,-1.480057E1
7.689655E0,-1.967381E1,2.610421E1,3.736777E1,4.099541E0,-1.812082E1,-1.496279E1
7.724138E0,-1.958283E1,2.601520E1,3.741671E1,4.001365E0,-1.801962E1,-1.497002E1
7.758621E0,-1.957338E1,2.605802E1,3.745061E1,4.122807E0,-1.814726E1,-1.507771E1
7.793103E0,-1.963483E1,2.621117E1,3.738766E1,4.306574E0,-1.819655E1,-1.492334E1
7.827586E0,-1.967638E1,2.624112E1,3.740326E1,4.313310E0,-1.816657E1,-1.498279E1
7.862069E0,-1.958220E1,2.610042E1,3.744052E1,4.206701E0,-1.815916E1,-1.507648E1
7.896552E0,-1.948944E1,2.616721E1,3.744275E1,4.261048E0,-1.821959E1,-1.501031E1
7.931034E0,-1.948054E1,2.610340E1,3.744692E1,4.365859E0,-1.823987E1,-1.505186E1
7.965517E0,-1.940544E1,2.602659E1,3.738144E1,4.207408E0,-1.815443E1,-1.504047E1
8.000000E0,-1.953052E1,2.606184E1,3.736530E1,4.197650E0,-1.824687E1,-1.489477E1
8.034483E0,-1.944423E1,2.615094E1,3.741385E1,4.291006E0,-1.824920E1,-1.481290E1
8.068966E0,-1.942620E1,2.608628E1,3.738967E1,4.241235E0,-1.805129E1,-1.491513E1
8.103448E0,-1.960897E1,2.613750E1,3.734573E1,4.178075E0,-1.801132E1,-1.486145E1
8.137931E0,-1.948744E1,2.624077E1,3.737091E1,4.169252E0,-1.803020E1,-1.464498E1
8.172414E0,-1.950352E1,2.618668E1,3.727276E1,4.163031E0,-1.810497E1,-1.471593E1
8.206897E0,-1.954356E1,2.593929E1,3.721895E1,4.240827E0,-1.819142E1,-1.471814E1
8.241379E0,-1.945962E1,2.601371E1,3.734095E1,4.032919E0,-1.829137E1,-1.487355E1
