#multi:
,mass A,,mass B,,mass C,,mass D,,mass E,,
t,x,y,x,y,x,y,x,y,x,y,
0.000000E0,-3.053258E1,5.167497E0,1.131833E1,-1.030500E1,-4.056735E1,-2.098785E1,2.147651E1,-1.722494E1,3.367245E1,9.183395E0
3.448276E-2,-3.063643E1,5.026778E0,1.140094E1,-1.025003E1,-4.068292E1,-2.071811E1,2.147810E1,-1.719634E1,3.378784E1,9.251953E0
6.896552E-2,-3.078527E1,4.897201E0,1.137870E1,-1.034825E1,-4.071898E1,-2.081090E1,2.145773E1,-1.722650E1,3.380958E1,9.169332E0
1.034483E-1,-3.067717E1,4.833670E0,1.132869E1,-1.033415E1,-4.067282E1,-2.084960E1,2.167093E1,-1.719326E1,3.381670E1,9.225174E0
1.379310E-1,-3.078291E1,4.775105E0,1.122369E1,-1.040223E1,-4.076562E1,-2.091947E1,2.160416E1,-1.714723E1,3.385024E1,9.206734E0
1.724138E-1,-3.077538E1,4.751876E0,1.132738E1,-1.039059E1,-4.074010E1,-2.101384E1,2.161424E1,-1.710401E1,3.386739E1,9.137930E0
2.068966E-1,-3.084181E1,4.808159E0,1.132695E1,-1.038915E1,-4.078347E1,-2.104703E1,2.157343E1,-1.712964E1,3.372741E1,9.046858E0
2.413793E-1,-3.091652E1,4.790519E0,1.133596E1,-1.034019E1,-4.072641E1,-2.115365E1,2.163140E1,-1.707959E1,3.379715E1,9.015552E0
2.758621E-1,-3.090511E1,4.705213E0,1.127222E1,-1.032853E1,-4.067652E1,-2.123574E1,2.155893E1,-1.715367E1,3.374326E1,8.971255E0
3.103448E-1,-3.096883E1,4.524098E0,1.122599E1,-1.036720E1,-4.075485E1,-2.132577E1,2.160363E1,-1.709304E1,3.383328E1,8.933387E0
3.448276E-1,-3.097156E1,4.546214E0,1.131174E1,-1.039882E1,-4.073810E1,-2.142845E1,2.157775E1,-1.701372E1,3.373258E1,8.911920E0
3.793103E-1,-3.110758E1,4.619361E0,1.128259E1,-1.029442E1,-4.070166E1,-2.153471E1,2.160991E1,-1.695212E1,3.367489E1,9.105173E0
4.137931E-1,-3.108910E1,4.652135E0,1.119770E1,-1.032797E1,-4.064164E1,-2.133343E1,2.159482E1,-1.698189E1,3.358642E1,9.131290E0
4.482759E-1,-3.098803E1,4.723734E0,1.122944E1,-1.028985E1,-4.059042E1,-2.129837E1,2.163399E1,-1.686791E1,3.355774E1,8.935214E0
4.827586E-1,-3.105970E1,4.769096E0,1.121538E1,-1.028644E1,-4.068093E1,-2.109989E1,2.168253E1,-1.692008E1,3.361099E1,8.950506E0
5.172414E-1,-3.103868E1,4.727429E0,1.120321E1,-1.037286E1,-4.093124E1,-2.140744E1,2.171606E1,-1.705989E1,3.358948E1,8.948752E0
5.517241E-1,-3.104896E1,4.780923E0,1.122003E1,-1.037762E1,-4.089644E1,-2.111687E1,2.162706E1,-1.704487E1,3.366762E1,8.974007E0
5.862069E-1,-3.110000E1,4.764146E0,1.128307E1,-1.036086E1,-4.088645E1,-2.097393E1,2.155357E1,-1.694968E1,3.368112E1,8.965427E0
6.206897E-1,-3.102229E1,4.844226E0,1.118126E1,-1.029797E1,-4.105246E1,-2.080812E1,2.149316E1,-1.692680E1,3.375743E1,8.959695E0
6.551724E-1,-3.109542E1,4.816772E0,1.124039E1,-1.032163E1,-4.109517E1,-2.087989E1,2.157399E1,-1.701589E1,3.381151E1,9.095186E0
6.896552E-1,-3.115710E1,4.810890E0,1.121756E1,-1.036420E1,-4.121800E1,-2.105873E1,2.149830E1,-1.715651E1,3.374813E1,9.212554E0
7.241379E-1,-3.110042E1,4.890439E0,1.118562E1,-1.039870E1,-4.102670E1,-2.101760E1,2.145226E1,-1.710117E1,3.379669E1,9.236290E0
7.586207E-1,-3.108456E1,4.757471E0,1.124227E1,-1.048876E1,-4.133348E1,-2.122951E1,2.139085E1,-1.717059E1,3.383727E1,9.265325E0
7.931034E-1,-3.118889E1,4.799158E0,1.119519E1,-1.048921E1,-4.134594E1,-2.123838E1,2.143765E1,-1.712626E1,3.376872E1,9.239542E0
8.275862E-1,-3.117282E1,4.915287E0,1.117479E1,-1.039496E1,-4.145299E1,-2.120422E1,2.154563E1,-1.722412E1,3.379166E1,9.325629E0
8.620690E-1,-3.122702E1,4.942771E0,1.120754E1,-1.039301E1,-4.144163E1,-2.128132E1,2.163352E1,-1.732677E1,3.378130E1,9.326279E0
8.965517E-1,-3.114136E1,4.921106E0,1.118531E1,-1.042616E1,-4.156795E1,-2.119925E1,2.157373E1,-1.723881E1,3.384048E1,9.253772E0
9.310345E-1,-3.101693E1,4.879061E0,1.119128E1,-1.029288E1,-4.135952E1,-2.105797E1,2.159429E1,-1.715085E1,3.372420E1,9.196590E0
9.655172E-1,-3.101359E1,4.950899E0,1.118958E1,-1.030492E1,-4.109772E1,-2.093780E1,2.148917E1,-1.718659E1,3.379311E1,9.121688E0
1.000000E0,-3.115558E1,4.929437E0,1.109665E1,-1.024263E1,-4.120157E1,-2.076364E1,2.160545E1,-1.714984E1,3.375800E1,9.074268E0
1.034483E0,-3.101938E1,4.981726E0,1.109196E1,-1.014055E1,-4.126553E1,-2.058806E1,2.155346E1,-1.707821E1,3.374241E1,9.160033E0
1.068966E0,-3.081050E1,5.070513E0,1.109021E1,-1.012391E1,-4.110924E1,-2.066047E1,2.157231E1,-1.722023E1,3.384198E1,9.208755E0
1.103448E0,-3.082642E1,5.098327E0,1.131244E1,-1.013958E1,-4.092486E1,-2.082732E1,2.150427E1,-1.722698E1,3.378573E1,9.114336E0
1.137931E0,-3.088627E1,5.175351E0,1.128386E1,-1.026224E1,-4.105636E1,-2.080034E1,2.147976E1,-1.727744E1,3.369693E1,9.232209E0
1.172414E0,-3.081186E1,5.179924E0,1.123768E1,-1.017106E1,-4.101780E1,-2.071127E1,2.154757E1,-1.734994E1,3.367292E1,9.201756E0
1.206897E0,-3.068057E1,5.254614E0,1.128118E1,-1.018081E1,-4.097253E1,-2.067355E1,2.151672E1,-1.735551E1,3.361050E1,9.143623E0
1.241379E0,-3.071345E1,5.229284E0,1.113597E1,-1.025960E1,-4.089034E1,-2.061934E1,2.147109E1,-1.740724E1,3.358560E1,9.054785E0
1.275862E0,-3.054025E1,5.302736E0,1.109715E1,-1.013413E1,-4.091473E1,-2.051187E1,2.148033E1,-1.734164E1,3.369841E1,9.054410E0
1.310345E0,-3.053838E1,5.282759E0,1.111019E1,-1.003609E1,-4.083816E1,-2.056910E1,2.144191E1,-1.731901E1,3.370503E1,9.037438E0
1.344828E0,-3.060188E1,5.252177E0,1.106128E1,-9.972438E0,-4.099621E1,-2.064234E1,2.146826E1,-1.741554E1,3.372394E1,9.071004E0
1.379310E0,-3.056604E1,5.242581E0,1.098955E1,-1.004660E1,-4.091711E1,-2.063307E1,2.149088E1,-1.732349E1,3.372632E1,9.112204E0
1.413793E0,-3.035265E1,5.291280E0,1.093046E1,-1.010897E1,-4.087164E1,-2.076489E1,2.141515E1,-1.721364E1,3.377202E1,9.137378E0
1.448276E0,-3.019270E1,5.384496E0,1.087960E1,-1.011807E1,-4.084297E1,-2.082652E1,2.147630E1,-1.723624E1,3.373094E1,9.264450E0
1.482759E0,-3.002007E1,5.442694E0,1.091081E1,-1.005123E1,-4.083258E1,-2.077981E1,2.138930E1,-1.719168E1,3.366116E1,9.210157E0
1.517241E0,-3.009325E1,5.475995E0,1.098128E1,-1.005771E1,-4.082490E1,-2.072466E1,2.141548E1,-1.717705E1,3.374708E1,9.218666E0
1.551724E0,-3.025351E1,5.456036E0,1.098349E1,-1.005230E1,-4.081018E1,-2.074326E1,2.145336E1,-1.713027E1,3.378544E1,9.227404E0
1.586207E0,-3.016069E1,5.438851E0,1.103629E1,-1.000662E1,-4.072662E1,-2.078116E1,2.161393E1,-1.710556E1,3.383403E1,9.101903E0
1.620690E0,-3.020461E1,5.438314E0,1.106627E1,-1.004219E1,-4.068900E1,-2.096012E1,2.146373E1,-1.721421E1,3.382855E1,9.098627E0
1.655172E0,-3.031090E1,5.399111E0,1.112078E1,-1.005920E1,-4.046234E1,-2.099167E1,2.147349E1,-1.730075E1,3.385453E1,9.162192E0
1.689655E0,-3.038601E1,5.395620E0,1.115082E1,-1.001858E1,-4.041954E1,-2.104408E1,2.155545E1,-1.734627E1,3.392248E1,9.179727E0
1.724138E0,-3.042527E1,5.382920E0,1.112636E1,-1.005934E1,-4.042008E1,-2.099223E1,2.145036E1,-1.732191E1,3.379219E1,9.318375E0
1.758621E0,-3.032367E1,5.345219E0,1.112083E1,-1.000897E1,-4.031778E1,-2.093561E1,2.155746E1,-1.733551E1,3.385293E1,9.336933E0
1.793103E0,-3.012384E1,5.327075E0,1.112017E1,-1.000851E1,-4.018881E1,-2.096942E1,2.151944E1,-1.732778E1,3.387419E1,9.281839E0
1.827586E0,-3.012145E1,5.260720E0,1.115914E1,-9.974466E0,-4.001728E1,-2.088011E1,2.154152E1,-1.722559E1,3.387970E1,9.105814E0
1.862069E0,-3.010120E1,5.181589E0,1.123828E1,-9.998166E0,-4.009409E1,-2.075246E1,2.153981E1,-1.725754E1,3.392383E1,9.033395E0
1.896552E0,-3.014999E1,5.167982E0,1.119092E1,-9.974437E0,-4.030562E1,-2.062237E1,2.151691E1,-1.718482E1,3.384451E1,9.043831E0
1.931034E0,-3.019966E1,5.104527E0,1.110613E1,-9.965654E0,-4.038499E1,-2.067212E1,2.156499E1,-1.722025E1,3.391707E1,9.045229E0
1.965517E0,-3.033937E1,5.092675E0,1.119570E1,-1.002928E1,-4.028386E1,-2.064832E1,2.155195E1,-1.723314E1,3.395253E1,9.078246E0
2.000000E0,-3.007524E1,5.168467E0,1.115575E1,-1.002619E1,-4.006363E1,-2.082785E1,2.153206E1,-1.716384E1,3.380081E1,9.106642E0
2.034483E0,-2.985748E1,5.240037E0,1.113323E1,-1.004162E1,-3.983795E1,-2.082908E1,2.150134E1,-1.717326E1,3.385643E1,9.118858E0
2.068966E0,-2.988932E1,5.260129E0,1.096946E1,-1.015524E1,-3.995406E1,-2.077133E1,2.151487E1,-1.719583E1,3.393486E1,9.116679E0
2.103448E0,-2.967054E1,5.222451E0,1.092104E1,-1.015183E1,-3.976576E1,-2.067018E1,2.141735E1,-1.708573E1,3.399328E1,9.188138E0
2.137931E0,-2.982545E1,5.314837E0,1.093127E1,-1.009889E1,-3.974724E1,-2.065590E1,2.142178E1,-1.716274E1,3.401457E1,9.189630E0
2.172414E0,-2.977577E1,5.397261E0,1.080183E1,-1.015620E1,-3.975511E1,-2.061550E1,2.147690E1,-1.717085E1,3.392893E1,9.112159E0
2.206897E0,-2.983507E1,5.503107E0,1.083076E1,-1.021866E1,-3.975953E1,-2.077084E1,2.150588E1,-1.714543E1,3.383958E1,9.123022E0
2.241379E0,-2.990572E1,5.432425E0,1.089844E1,-1.025938E1,-3.971073E1,-2.075936E1,2.136407E1,-1.712661E1,3.367061E1,9.143747E0
2.275862E0,-2.994758E1,5.404564E0,1.111515E1,-1.030000E1,-3.975293E1,-2.047004E1,2.130519E1,-1.717024E1,3.368732E1,9.141020E0
2.310345E0,-2.994528E1,5.375318E0,1.112621E1,-1.035942E1,-3.980159E1,-2.050754E1,2.140205E1,-1.718880E1,3.375557E1,9.107993E0
2.344828E0,-2.994852E1,5.452336E0,1.109377E1,-1.025638E1,-3.982090E1,-2.051629E1,2.156900E1,-1.723273E1,3.377831E1,9.236277E0
2.379310E0,-3.002274E1,5.411453E0,1.097876E1,-1.020853E1,-3.978605E1,-2.051701E1,2.153718E1,-1.726739E1,3.372619E1,9.197324E0
2.413793E0,-3.010645E1,5.394033E0,1.103439E1,-1.018620E1,-4.006252E1,-2.032000E1,2.136526E1,-1.732981E1,3.380817E1,9.240890E0
2.448276E0,-3.008998E1,5.342849E0,1.106568E1,-1.003846E1,-4.022170E1,-2.022834E1,2.130751E1,-1.735627E1,3.383659E1,9.297916E0
2.482759E0,-2.993564E1,5.347404E0,1.095265E1,-1.005982E1,-4.018532E1,-2.030851E1,2.137247E1,-1.736904E1,3.379418E1,9.208180E0
2.517241E0,-2.984088E1,5.431599E0,1.098403E1,-9.997174E0,-4.008840E1,-2.004374E1,2.135685E1,-1.736982E1,3.373551E1,9.192557E0
2.551724E0,-2.990656E1,5.374946E0,1.093990E1,-9.997844E0,-4.008973E1,-1.994583E1,2.125066E1,-1.729812E1,3.371214E1,9.137066E0
2.586207E0,-3.002704E1,5.363801E0,1.096844E1,-1.013583E1,-3.994749E1,-2.007574E1,2.120237E1,-1.730284E1,3.370202E1,9.135418E0
2.620690E0,-3.013105E1,5.322653E0,1.096365E1,-1.017436E1,-4.018898E1,-2.026809E1,2.135958E1,-1.733766E1,3.359837E1,9.199612E0
2.655172E0,-3.009408E1,5.275969E0,1.088417E1,-1.016973E1,-4.005470E1,-2.015762E1,2.129948E1,-1.732584E1,3.356184E1,9.242889E0
2.689655E0,-3.014111E1,5.339978E0,1.090019E1,-1.012364E1,-3.986569E1,-2.011268E1,2.129084E1,-1.720268E1,3.362199E1,9.256860E0
2.724138E0,-3.016870E1,5.248528E0,1.097378E1,-1.008043E1,-3.974012E1,-2.008162E1,2.124136E1,-1.722908E1,3.360648E1,9.136823E0
2.758621E0,-3.022947E1,5.206274E0,1.097333E1,-1.024251E1,-3.969068E1,-2.001056E1,2.115775E1,-1.724368E1,3.364482E1,9.122576E0
2.793103E0,-3.028693E1,5.178855E0,1.099476E1,-1.028057E1,-3.967279E1,-1.986966E1,2.110498E1,-1.726058E1,3.365261E1,9.189554E0
2.827586E0,-3.031954E1,5.145941E0,1.094175E1,-1.029261E1,-3.968502E1,-1.981269E1,2.119428E1,-1.725839E1,3.373166E1,9.183717E0
2.862069E0,-3.040927E1,5.311052E0,1.104868E1,-1.033498E1,-3.967572E1,-2.004999E1,2.118513E1,-1.730634E1,3.374260E1,9.108794E0
2.896552E0,-3.036067E1,5.166386E0,1.112110E1,-1.033407E1,-3.965175E1,-2.005507E1,2.126238E1,-1.728065E1,3.375914E1,9.031655E0
2.931034E0,-3.025752E1,5.222657E0,1.116881E1,-1.034030E1,-3.957990E1,-2.012055E1,2.132252E1,-1.723856E1,3.367774E1,9.042051E0
2.965517E0,-3.022897E1,5.198144E0,1.113261E1,-1.033597E1,-3.968381E1,-2.001530E1,2.139399E1,-1.718856E1,3.372113E1,9.096373E0
3.000000E0,-3.036025E1,4.985535E0,1.107215E1,-1.015210E1,-3.971695E1,-2.026861E1,2.151471E1,-1.723816E1,3.378196E1,9.104864E0
3.034483E0,-3.052452E1,5.025672E0,1.116681E1,-1.003808E1,-3.963271E1,-2.009567E1,2.159484E1,-1.726044E1,3.366863E1,9.238900E0
3.068966E0,-3.061023E1,4.843820E0,1.127233E1,-1.001539E1,-3.980568E1,-2.007904E1,2.159435E1,-1.727374E1,3.371643E1,9.306047E0
3.103448E0,-3.060059E1,4.777536E0,1.128232E1,-1.010186E1,-3.999345E1,-1.992557E1,2.163169E1,-1.726820E1,3.378809E1,9.379821E0
3.137931E0,-3.065357E1,4.735810E0,1.114983E1,-1.009681E1,-4.020247E1,-2.001842E1,2.162686E1,-1.738358E1,3.388832E1,9.257198E0
3.172414E0,-3.063517E1,4.702554E0,1.128256E1,-1.008146E1,-4.028587E1,-2.007585E1,2.172663E1,-1.732180E1,3.376141E1,9.187649E0
3.206897E0,-3.061889E1,4.513434E0,1.116839E1,-1.004297E1,-4.030570E1,-2.012301E1,2.169094E1,-1.729296E1,3.373779E1,9.255515E0
3.241379E0,-3.062486E1,4.365695E0,1.125096E1,-1.008926E1,-4.042146E1,-1.985063E1,2.167965E1,-1.719880E1,3.367081E1,9.338258E0
3.275862E0,-3.067247E1,4.375195E0,1.130750E1,-1.009658E1,-4.033443E1,-2.000553E1,2.160023E1,-1.723043E1,3.369710E1,9.211757E0
3.310345E0,-3.061107E1,4.536436E0,1.131086E1,-1.014698E1,-4.037723E1,-1.995217E1,2.164403E1,-1.710930E1,3.366049E1,9.230947E0
3.344828E0,-3.048893E1,4.434343E0,1.121962E1,-1.005299E1,-4.037235E1,-1.970275E1,2.155752E1,-1.706149E1,3.369555E1,9.105011E0
3.379310E0,-3.057463E1,4.572686E0,1.124852E1,-1.001359E1,,,2.159949E1,-1.705542E1,3.367354E1,9.128441E0
3.413793E0,-3.048600E1,4.518302E0,1.117673E1,-1.006481E1,,,2.157937E1,-1.708166E1,3.369078E1,9.135705E0
3.448276E0,-3.045312E1,4.531623E0,1.126325E1,-1.004323E1,-4.049865E1,-1.992300E1,2.167087E1,-1.690911E1,,
3.482759E0,-3.051897E1,4.315059E0,1.111696E1,-1.012182E1,-4.058968E1,-1.999006E1,2.162342E1,-1.685816E1,3.357527E1,9.061921E0
3.517241E0,-3.051576E1,4.309249E0,1.109307E1,-1.016472E1,-4.056832E1,-1.985529E1,2.156194E1,-1.682802E1,3.366912E1,9.062538E0
3.551724E0,-3.056427E1,4.274411E0,1.111910E1,-1.014676E1,-4.062905E1,-1.967048E1,2.140786E1,-1.691963E1,3.359552E1,9.038975E0
3.586207E0,-3.062739E1,4.216225E0,1.112932E1,-1.021157E1,-4.061398E1,-1.993901E1,2.136825E1,-1.697191E1,3.352464E1,9.027834E0
3.620690E0,-3.061236E1,4.186219E0,1.103201E1,-1.022090E1,-4.079075E1,-2.003080E1,2.133347E1,-1.687351E1,3.361932E1,9.131100E0
3.655172E0,-3.078361E1,4.190369E0,1.108122E1,-1.021339E1,-4.071371E1,-1.988753E1,2.150067E1,-1.685236E1,3.365135E1,9.202651E0
3.689655E0,-3.069194E1,4.264374E0,1.102702E1,-1.017076E1,-4.070876E1,-1.968253E1,2.147081E1,-1.688993E1,3.352440E1,9.257497E0
3.724138E0,-3.052622E1,4.418200E0,1.115810E1,-1.012335E1,-4.074672E1,-1.971455E1,2.145919E1,-1.682287E1,3.360340E1,9.289109E0
3.758621E0,-3.051412E1,4.332357E0,1.118996E1,-1.010450E1,-4.070703E1,-1.968723E1,2.142563E1,-1.680148E1,3.351988E1,9.265537E0
3.793103E0,-3.048466E1,4.292107E0,1.103778E1,-1.012709E1,-4.064776E1,-1.967533E1,2.132501E1,-1.671064E1,3.355822E1,9.117165E0
3.827586E0,-3.034053E1,4.371537E0,1.102789E1,-1.025250E1,-4.061459E1,-1.985270E1,2.133540E1,-1.666913E1,3.364445E1,9.250802E0
3.862069E0,-3.031621E1,4.401936E0,1.105826E1,-1.021123E1,-4.068710E1,-1.969327E1,2.134145E1,-1.681260E1,3.364697E1,9.237038E0
3.896552E0,-3.025625E1,4.593705E0,1.093603E1,-1.011698E1,-4.080165E1,-1.983772E1,2.135499E1,-1.689421E1,3.363228E1,9.287225E0
3.931034E0,-3.022720E1,4.651672E0,1.091534E1,-1.019751E1,-4.067666E1,-1.969242E1,2.125814E1,-1.699064E1,3.366651E1,9.294297E0
3.965517E0,-3.037675E1,4.886730E0,1.090840E1,-1.011309E1,-4.077556E1,-1.971087E1,2.135539E1,-1.700059E1,3.369018E1,9.311578E0
4.000000E0,-3.032134E1,4.780296E0,1.101778E1,-1.017679E1,-4.074263E1,-1.961207E1,2.136987E1,-1.695047E1,3.366148E1,9.299394E0
4.034483E0,-3.045014E1,4.713071E0,1.117200E1,-1.016048E1,-4.074701E1,-1.956159E1,2.139087E1,-1.715019E1,3.361827E1,9.321621E0
4.068966E0,-3.048554E1,4.681574E0,1.108600E1,-1.010988E1,-4.099000E1,-1.951238E1,2.133706E1,-1.707852E1,3.376889E1,9.258926E0
4.103448E0,-3.044622E1,4.729425E0,1.117542E1,-1.002801E1,-4.105741E1,-1.964771E1,2.130099E1,-1.688638E1,3.380064E1,9.296857E0
4.137931E0,-3.051208E1,4.695069E0,1.118427E1,-1.005084E1,-4.113720E1,-1.980232E1,2.139182E1,-1.686663E1,3.370740E1,9.264678E0
4.172414E0,-3.048999E1,4.591349E0,1.120646E1,-9.984084E0,-4.137546E1,-1.991052E1,2.147651E1,-1.693340E1,,
4.206897E0,-3.036046E1,4.725000E0,1.105460E1,-9.948628E0,-4.145301E1,-1.996964E1,2.149524E1,-1.685581E1,3.372104E1,9.207690E0
4.241379E0,-3.033593E1,4.742013E0,1.104642E1,-1.000695E1,-4.148423E1,-1.985758E1,2.139392E1,-1.687577E1,3.374277E1,9.184263E0
4.275862E0,-3.036777E1,4.861002E0,1.116782E1,-9.991408E0,-4.144001E1,-1.996500E1,2.138035E1,-1.695420E1,3.373015E1,9.232407E0
4.310345E0,-3.039979E1,4.877061E0,1.110208E1,-9.993693E0,-4.164660E1,-2.013326E1,2.153567E1,-1.684360E1,3.367112E1,9.217906E0
4.344828E0,-3.051541E1,5.009806E0,1.103562E1,-9.973454E0,-4.172598E1,-2.025893E1,2.150944E1,-1.690944E1,3.365040E1,9.099408E0
4.379310E0,-3.054734E1,5.035476E0,1.112598E1,-9.996031E0,-4.158157E1,-2.025631E1,2.139797E1,-1.693289E1,3.348784E1,9.103985E0
4.413793E0,-3.066420E1,5.120419E0,1.102563E1,-1.004333E1,-4.146726E1,-2.005375E1,2.139245E1,-1.688337E1,3.350003E1,9.057569E0
4.448276E0,-3.079814E1,4.957371E0,1.102538E1,-1.012321E1,-4.145783E1,-1.993136E1,2.145647E1,-1.700411E1,3.357243E1,9.043413E0
4.482759E0,-3.075939E1,4.903771E0,1.103136E1,-1.007595E1,-4.154905E1,-1.986727E1,2.156351E1,-1.702783E1,3.363175E1,9.139768E0
4.517241E0,-3.072393E1,4.923019E0,1.102652E1,-1.007324E1,-4.132762E1,-1.976409E1,2.154379E1,-1.704375E1,3.363486E1,9.111398E0
4.551724E0,-3.089629E1,4.870869E0,1.112446E1,-1.023952E1,-4.114155E1,-1.993874E1,2.157610E1,-1.707230E1,3.372810E1,9.035877E0
4.586207E0,-3.094947E1,4.909823E0,1.119481E1,-1.020708E1,-4.115066E1,-1.984607E1,2.149035E1,-1.710975E1,3.370892E1,8.912487E0
4.620690E0,-3.081996E1,4.833384E0,1.119995E1,-1.021384E1,-4.103502E1,-2.013403E1,2.146527E1,-1.708301E1,3.368806E1,8.949093E0
4.655172E0,-3.078413E1,4.757262E0,1.122545E1,-1.024621E1,-4.085278E1,-2.021899E1,2.144406E1,-1.705681E1,3.365044E1,8.971652E0
4.689655E0,-3.093684E1,4.806044E0,1.129899E1,-1.017427E1,-4.080172E1,-2.025134E1,2.141208E1,-1.707368E1,3.362102E1,9.043162E0
4.724138E0,-3.086419E1,4.660727E0,1.127043E1,-1.023069E1,-4.065373E1,-2.007400E1,2.139240E1,-1.706138E1,3.359667E1,9.062596E0
4.758621E0,-3.092631E1,4.812743E0,1.133275E1,-1.022649E1,-4.053136E1,-2.001557E1,2.136970E1,-1.715289E1,3.365530E1,9.143998E0
4.793103E0,-3.079760E1,4.762968E0,1.135833E1,-1.019738E1,-4.039969E1,-1.994030E1,2.130787E1,-1.714262E1,3.369709E1,9.137963E0
4.827586E0,-3.079396E1,4.833367E0,1.130614E1,-1.020393E1,-4.048751E1,-1.989596E1,2.134208E1,-1.709773E1,3.367545E1,9.187565E0
4.862069E0,-3.078706E1,4.837248E0,1.127518E1,-1.021115E1,-4.040313E1,-2.012259E1,2.127254E1,-1.712217E1,3.362850E1,9.148673E0
4.896552E0,-3.087711E1,4.747017E0,1.130635E1,-1.033724E1,-4.061774E1,-2.009362E1,2.129043E1,-1.708715E1,3.359826E1,9.088390E0
4.931034E0,-3.081899E1,4.879845E0,1.120949E1,-1.026875E1,-4.057349E1,-2.015103E1,2.134969E1,-1.711370E1,3.362020E1,9.073330E0
4.965517E0,-3.090728E1,4.843259E0,1.124061E1,-1.027780E1,-4.051971E1,-2.010702E1,2.133434E1,-1.705203E1,3.370625E1,9.066661E0
5.000000E0,-3.090000E1,4.797757E0,1.124184E1,-1.022751E1,-4.055674E1,-2.019574E1,2.139181E1,-1.710942E1,3.369708E1,8.997556E0
5.034483E0,-3.095812E1,4.726427E0,1.132865E1,-1.022515E1,-4.039973E1,-2.024521E1,2.141430E1,-1.710887E1,3.382960E1,8.994403E0
5.068966E0,-3.090848E1,4.811768E0,1.137531E1,-1.028631E1,-4.049826E1,-2.027509E1,2.142875E1,-1.717219E1,3.381717E1,9.043061E0
5.103448E0,-3.085439E1,4.794560E0,1.133613E1,-1.030094E1,-4.046381E1,-2.032166E1,2.146823E1,-1.711299E1,3.374380E1,9.116951E0
5.137931E0,-3.070465E1,4.879545E0,1.137944E1,-1.027306E1,-4.043671E1,-2.021957E1,2.159116E1,-1.704332E1,3.371523E1,9.134836E0
5.172414E0,-3.066563E1,5.045431E0,1.136299E1,-1.036097E1,-4.041842E1,-2.010935E1,2.155575E1,-1.702357E1,3.376696E1,9.193160E0
5.206897E0,-3.079724E1,5.032659E0,1.146507E1,-1.032974E1,-4.015045E1,-2.018375E1,2.154986E1,-1.696990E1,3.376507E1,9.186246E0
5.241379E0,-3.082797E1,5.161400E0,1.146671E1,-1.036344E1,-4.008934E1,-2.013203E1,2.153941E1,-1.702725E1,3.367361E1,9.177996E0
5.275862E0,-3.092355E1,5.012868E0,1.147230E1,-1.032910E1,-3.992317E1,-2.000665E1,2.161644E1,-1.703975E1,3.363479E1,9.187562E0
5.310345E0,-3.097355E1,5.134331E0,1.145710E1,-1.021618E1,-3.971735E1,-2.005919E1,2.162201E1,-1.714753E1,3.358253E1,9.211359E0
5.344828E0,-3.101423E1,5.109430E0,1.141864E1,-1.017857E1,-3.947557E1,-1.991572E1,2.171979E1,-1.711091E1,3.366561E1,9.298016E0
5.379310E0,-3.100294E1,5.097134E0,1.134690E1,-1.009810E1,-3.949316E1,-1.982487E1,2.159922E1,-1.716182E1,3.363350E1,9.223440E0
5.413793E0,-3.102852E1,5.102889E0,1.136108E1,-1.001306E1,-3.946697E1,-1.996226E1,2.148694E1,-1.707195E1,3.366874E1,9.199056E0
5.448276E0,-3.118248E1,5.044522E0,1.129414E1,-9.982846E0,-3.939229E1,-2.015713E1,2.151071E1,-1.712666E1,3.375013E1,9.195726E0
5.482759E0,-3.128864E1,4.818423E0,1.126854E1,-1.002536E1,-3.931761E1,-2.037684E1,2.147782E1,-1.714953E1,3.375737E1,9.158025E0
5.517241E0,-3.117346E1,4.970279E0,1.115894E1,-9.995155E0,-3.932366E1,-2.042113E1,2.149259E1,-1.723299E1,3.377700E1,9.168886E0
5.551724E0,-3.114036E1,5.025270E0,1.124759E1,-9.971558E0,-3.924580E1,-2.059955E1,2.157122E1,-1.721201E1,3.373806E1,9.150731E0
5.586207E0,-3.103950E1,4.872513E0,1.125653E1,-1.002326E1,-3.927413E1,-2.046987E1,2.149581E1,-1.721046E1,3.386013E1,9.192378E0
5.620690E0,-3.101230E1,4.917487E0,1.122822E1,-9.914088E0,-3.918245E1,-2.032942E1,2.150577E1,-1.713182E1,3.381313E1,9.286349E0
5.655172E0,-3.105861E1,4.867725E0,1.129417E1,-9.956099E0,-3.932701E1,-2.037719E1,2.149676E1,-1.712862E1,3.386877E1,9.215253E0
5.689655E0,-3.114903E1,4.891776E0,1.118121E1,-1.004244E1,-3.927554E1,-2.026451E1,2.145341E1,-1.713386E1,3.382398E1,9.200167E0
5.724138E0,-3.103581E1,4.898222E0,1.113493E1,-1.010601E1,-3.924028E1,-2.015831E1,2.157767E1,-1.710919E1,3.387156E1,9.267001E0
5.758621E0,-3.103013E1,4.908692E0,1.102041E1,-1.000329E1,-3.901257E1,-2.002752E1,2.152829E1,-1.708982E1,3.388599E1,9.249022E0
5.793103E0,-3.104827E1,4.751471E0,1.104090E1,-1.001634E1,-3.907565E1,-2.002938E1,2.149882E1,-1.712093E1,3.382107E1,9.113546E0
5.827586E0,-3.102422E1,4.787500E0,1.099045E1,-1.014987E1,-3.916670E1,-2.006242E1,2.151699E1,-1.714413E1,3.388257E1,9.162004E0
5.862069E0,-3.093998E1,4.815941E0,1.088947E1,-1.024131E1,-3.933911E1,-2.002952E1,2.156158E1,-1.708308E1,3.377680E1,9.211281E0
5.896552E0,-3.096518E1,4.723509E0,1.090436E1,-1.028674E1,-3.948577E1,-1.984467E1,2.168097E1,-1.706016E1,3.380974E1,9.166962E0
5.931034E0,-3.095723E1,4.687215E0,1.095518E1,-1.022393E1,-3.949756E1,-1.973236E1,2.171223E1,-1.715772E1,3.383190E1,9.055949E0
5.965517E0,-3.096600E1,4.615250E0,1.099864E1,-1.019133E1,-3.930136E1,-1.972909E1,2.166908E1,-1.705113E1,3.385970E1,9.144204E0
6.000000E0,-3.088152E1,4.702609E0,1.096608E1,-1.017314E1,-3.943176E1,-1.970160E1,2.169312E1,-1.709543E1,3.387688E1,9.204805E0
6.034483E0,-3.092987E1,4.661504E0,1.093255E1,-1.024803E1,-3.941076E1,-1.976755E1,2.161366E1,-1.710909E1,3.380162E1,9.189468E0
6.068966E0,-3.096920E1,4.770704E0,1.107756E1,-1.013452E1,-3.936398E1,-1.965704E1,2.158824E1,-1.709454E1,3.373067E1,9.326304E0
6.103448E0,-3.096419E1,4.880873E0,1.106608E1,-1.014829E1,-3.923812E1,-1.970183E1,2.167864E1,-1.718260E1,3.383085E1,9.390215E0
6.137931E0,-3.101384E1,4.874638E0,1.102091E1,-1.017899E1,-3.927153E1,-1.964284E1,2.166472E1,-1.725292E1,3.370499E1,9.303531E0
6.172414E0,-3.101298E1,4.956867E0,1.098899E1,-1.021608E1,-3.921599E1,-1.952172E1,2.166097E1,-1.726931E1,3.368121E1,9.224575E0
6.206897E0,-3.103642E1,4.947241E0,1.088298E1,-1.023204E1,-3.920458E1,-1.951151E1,2.159852E1,-1.710190E1,3.374757E1,9.280130E0
6.241379E0,-3.119105E1,4.884397E0,1.099413E1,-1.028834E1,-3.888977E1,-1.948053E1,2.157519E1,-1.717256E1,3.367837E1,9.280115E0
6.275862E0,-3.118850E1,4.843123E0,1.103529E1,-1.025867E1,-3.878179E1,-1.946780E1,2.156103E1,-1.710014E1,3.364651E1,9.232195E0
6.310345E0,-3.121013E1,4.856400E0,1.108627E1,-1.028679E1,-3.878242E1,-1.954997E1,2.161403E1,-1.706973E1,3.355973E1,9.227680E0
6.344828E0,-3.125619E1,4.864448E0,1.107403E1,-1.040947E1,-3.892369E1,-1.935568E1,2.175814E1,-1.706512E1,3.367745E1,9.202160E0
6.379310E0,-3.128280E1,4.898439E0,1.098222E1,-1.043598E1,,,2.169077E1,-1.713148E1,3.368623E1,9.274886E0
6.413793E0,-3.131634E1,4.878108E0,1.100966E1,-1.050088E1,-3.893085E1,-1.895699E1,2.163781E1,-1.708584E1,3.367307E1,9.263334E0
6.448276E0,-3.106906E1,4.965442E0,1.101165E1,-1.050511E1,-3.886590E1,-1.892022E1,2.166838E1,-1.702615E1,3.369334E1,9.347963E0
6.482759E0,-3.120662E1,4.809528E0,1.102093E1,-1.037534E1,-3.897768E1,-1.881265E1,2.165187E1,-1.702728E1,3.364146E1,9.332920E0
6.517241E0,-3.119864E1,4.662317E0,1.107223E1,-1.040624E1,-3.887058E1,-1.871701E1,2.167623E1,-1.686874E1,3.372474E1,9.350239E0
6.551724E0,-3.119950E1,4.631037E0,1.106933E1,-1.036600E1,-3.876765E1,-1.865405E1,2.163106E1,-1.693148E1,3.362804E1,9.322980E0
6.586207E0,-3.112192E1,4.554973E0,1.114368E1,-1.035951E1,-3.869654E1,-1.870923E1,2.154219E1,-1.706065E1,3.371099E1,9.324887E0
6.620690E0,-3.121531E1,4.548034E0,1.106888E1,-1.035668E1,-3.872992E1,-1.876187E1,2.157185E1,-1.693126E1,3.366663E1,9.325670E0
6.655172E0,-3.136161E1,4.527264E0,1.106991E1,-1.030174E1,-3.875231E1,-1.870411E1,2.155147E1,-1.691738E1,3.366075E1,9.396261E0
6.689655E0,-3.140769E1,4.549170E0,1.105262E1,-1.029149E1,-3.869576E1,-1.863437E1,2.153271E1,-1.694229E1,3.368589E1,9.380974E0
6.724138E0,-3.129614E1,4.535643E0,1.114662E1,-1.024886E1,-3.879098E1,-1.885089E1,2.151280E1,-1.710630E1,3.364203E1,9.279347E0
6.758621E0,-3.117952E1,4.533465E0,1.117728E1,-1.030077E1,-3.875518E1,-1.890391E1,2.148831E1,-1.714111E1,3.367122E1,9.304487E0
6.793103E0,-3.110721E1,4.773802E0,1.123201E1,-1.023766E1,-3.863775E1,-1.872293E1,2.154054E1,-1.705600E1,3.362457E1,9.226509E0
6.827586E0,-3.104250E1,4.572987E0,1.116714E1,-1.015076E1,-3.873210E1,-1.861052E1,2.148355E1,-1.710293E1,3.365513E1,9.160000E0
6.862069E0,-3.101987E1,4.612393E0,1.108246E1,-1.017390E1,-3.845957E1,-1.865568E1,2.147453E1,-1.701051E1,3.359600E1,9.113325E0
6.896552E0,-3.095989E1,4.564770E0,1.115586E1,-1.027928E1,-3.848812E1,-1.852000E1,2.140251E1,-1.710766E1,3.366110E1,9.184329E0
6.931034E0,-3.096063E1,4.499307E0,1.115941E1,-1.037549E1,-3.855736E1,-1.847245E1,2.149916E1,-1.711221E1,3.359578E1,9.154993E0
6.965517E0,-3.081883E1,4.624426E0,1.113780E1,-1.029490E1,-3.861875E1,-1.846710E1,2.144741E1,-1.725210E1,3.366670E1,9.146958E0
7.000000E0,-3.083782E1,4.664075E0,1.101860E1,-1.029700E1,-3.862801E1,-1.853832E1,2.144413E1,-1.731050E1,3.372439E1,9.161642E0
7.034483E0,-3.084868E1,4.644623E0,1.110970E1,-1.029710E1,-3.858414E1,-1.863079E1,2.142247E1,-1.716784E1,3.375162E1,9.183642E0
7.068966E0,-3.082663E1,4.750239E0,1.111018E1,-1.033409E1,-3.867958E1,-1.850708E1,2.151501E1,-1.724779E1,3.366647E1,9.156378E0
7.103448E0,-3.092753E1,4.718369E0,1.112589E1,-1.043667E1,-3.884161E1,-1.863140E1,2.153751E1,-1.728119E1,3.366879E1,9.091915E0
7.137931E0,-3.099224E1,4.648717E0,1.111806E1,-1.039060E1,-3.886867E1,-1.833166E1,2.159612E1,-1.729651E1,3.361100E1,9.057497E0
7.172414E0,-3.094871E1,4.623846E0,1.119749E1,-1.027419E1,-3.891798E1,-1.842956E1,2.159389E1,-1.722776E1,3.361199E1,9.165831E0
7.206897E0,-3.082528E1,4.605835E0,1.120796E1,-1.036836E1,-3.904087E1,-1.835745E1,2.164303E1,-1.724163E1,3.363439E1,9.040670E0
7.241379E0,-3.072748E1,4.630846E0,1.124126E1,-1.036683E1,-3.932561E1,-1.822700E1,2.169425E1,-1.711904E1,3.361455E1,9.097150E0
7.275862E0,-3.072049E1,4.506148E0,1.124401E1,-1.030760E1,-3.951782E1,-1.836050E1,2.166441E1,-1.726508E1,3.364563E1,9.104775E0
7.310345E0,-3.062490E1,4.563956E0,1.126074E1,-1.028234E1,-3.944944E1,-1.834985E1,2.148320E1,-1.734811E1,3.366683E1,8.952681E0
7.344828E0,-3.038239E1,4.667296E0,1.121595E1,-1.022567E1,-3.943880E1,-1.850715E1,2.140998E1,-1.735948E1,3.377567E1,9.023699E0
7.379310E0,-3.028215E1,4.565985E0,1.112598E1,-1.021819E1,-3.962047E1,-1.837062E1,2.148985E1,-1.720532E1,3.376524E1,8.912232E0
7.413793E0,-3.042860E1,4.437038E0,1.114956E1,-1.018853E1,-3.957230E1,-1.826933E1,2.147779E1,-1.720580E1,3.374837E1,8.930834E0
7.448276E0,-3.043817E1,4.403348E0,1.118236E1,-1.017788E1,-3.969185E1,-1.819613E1,2.147592E1,-1.716146E1,3.374515E1,8.947618E0
7.482759E0,-3.040074E1,4.462613E0,1.128317E1,-1.025699E1,-3.947689E1,-1.822524E1,2.144877E1,-1.712236E1,3.372216E1,8.936216E0
7.517241E0,-3.042362E1,4.348354E0,1.132489E1,-1.031496E1,-3.937280E1,-1.818334E1,2.150247E1,-1.718030E1,3.371319E1,8.940827E0
7.551724E0,-3.040218E1,4.431208E0,1.130503E1,-1.038330E1,-3.941703E1,-1.818893E1,2.158615E1,-1.717796E1,3.369213E1,8.954284E0
7.586207E0,-3.038383E1,4.349439E0,1.125099E1,-1.031550E1,-3.945038E1,-1.810365E1,2.141654E1,-1.721339E1,3.365634E1,9.033985E0
7.620690E0,-3.037334E1,4.264782E0,1.130777E1,-1.017220E1,-3.952358E1,-1.793382E1,2.140667E1,-1.714430E1,3.352076E1,9.038101E0
7.655172E0,-3.037206E1,4.288231E0,1.132585E1,-1.017630E1,-3.949307E1,-1.794242E1,2.139872E1,-1.710296E1,3.360178E1,9.191565E0
7.689655E0,-3.042569E1,4.425508E0,1.117286E1,-1.012472E1,-3.939388E1,-1.805557E1,2.141339E1,-1.700613E1,3.360962E1,9.200372E0
7.724138E0,-3.038934E1,4.474181E0,1.108542E1,-9.993571E0,-3.957459E1,-1.805401E1,2.147791E1,-1.699175E1,3.362214E1,9.257620E0
7.758621E0,-3.039158E1,4.397846E0,1.119479E1,-9.995554E0,-3.975027E1,-1.805354E1,2.154349E1,-1.694883E1,3.360839E1,9.235529E0
7.793103E0,-3.042407E1,4.523800E0,1.129317E1,-9.931648E0,-3.990601E1,-1.815754E1,2.148859E1,-1.695421E1,3.360817E1,9.196692E0
7.827586E0,-3.031238E1,4.571572E0,1.145315E1,-1.012081E1,-3.988253E1,-1.811063E1,2.149590E1,-1.692679E1,3.363932E1,9.134946E0
7.862069E0,-3.063289E1,4.548081E0,1.139835E1,-1.014533E1,-3.986172E1,-1.809720E1,2.143371E1,-1.702773E1,3.365143E1,9.194665E0
7.896552E0,-3.057576E1,4.440844E0,1.135552E1,-1.015421E1,-3.996231E1,-1.791431E1,2.140127E1,-1.695968E1,3.367932E1,9.216085E0
7.931034E0,-3.069114E1,4.400350E0,1.133790E1,-1.024077E1,-4.001636E1,-1.787403E1,2.138078E1,-1.686776E1,3.367161E1,9.231464E0
7.965517E0,-3.062041E1,4.417257E0,1.140379E1,-1.021959E1,-4.004175E1,-1.766403E1,2.151774E1,-1.691213E1,3.365197E1,9.301974E0
8.000000E0,-3.059634E1,4.484684E0,1.133300E1,-1.023070E1,-4.000313E1,-1.784371E1,2.162297E1,-1.694089E1,3.370901E1,9.255980E0
8.034483E0,-3.046743E1,4.538340E0,1.124271E1,-1.021810E1,-3.995423E1,-1.776107E1,2.169811E1,-1.696581E1,3.371731E1,9.278904E0
8.068966E0,-3.038898E1,4.525048E0,1.125023E1,-1.025807E1,-3.988510E1,-1.782784E1,2.174090E1,-1.694795E1,3.374840E1,9.261863E0
8.103448E0,-3.030755E1,4.514853E0,1.117389E1,-1.019843E1,-3.990248E1,-1.778013E1,2.169897E1,-1.704516E1,3.379217E1,9.239889E0
8.137931E0,-3.021024E1,4.644316E0,1.125584E1,-1.010824E1,-3.993598E1,-1.782649E1,2.171295E1,-1.703185E1,3.377466E1,9.268779E0
8.172414E0,-3.023640E1,4.600360E0,1.122772E1,-1.005108E1,-4.019394E1,-1.770084E1,2.169335E1,-1.695114E1,3.376500E1,9.266652E0
8.206897E0,-3.026734E1,4.642625E0,1.115360E1,-1.008493E1,-4.011403E1,-1.766227E1,2.168038E1,-1.705969E1,3.382259E1,9.209904E0
8.241379E0,-3.022000E1,4.628228E0,,,,,,,,
