#multi:
,mass A,,mass B,,mass C,,mass D,,mass E,,
t,x,y,x,y,x,y,x,y,x,y,
0.000000E0,-9.377752E0,-3.935741E0,,,2.930055E1,-2.557357E1,3.921164E1,4.956118E0,1.319085E1,3.052643E1
3.448276E-2,,,-3.714810E1,1.500621E1,,,,,1.304088E1,3.039009E1
6.896552E-2,-9.402047E0,-4.057214E0,-3.715389E1,1.500138E1,2.921467E1,-2.557357E1,3.923593E1,4.907528E0,1.299998E1,3.033556E1
1.034483E-1,-9.446468E0,-4.013782E0,-3.716906E1,1.497058E1,2.926009E1,-2.568083E1,3.929605E1,4.987123E0,1.308774E1,3.057243E1
1.379310E-1,-9.434506E0,-4.034511E0,-3.713390E1,1.498210E1,2.924009E1,-2.566456E1,3.917470E1,4.935212E0,1.297882E1,3.040928E1
1.724138E-1,-9.327988E0,-4.029981E0,-3.713137E1,1.502781E1,2.925960E1,-2.562032E1,3.915185E1,5.041048E0,1.309390E1,3.046639E1
2.068966E-1,-9.236492E0,-4.175133E0,-3.714299E1,1.493561E1,2.918691E1,-2.586762E1,3.929576E1,5.061873E0,1.301687E1,3.058855E1
2.413793E-1,-9.105865E0,-4.153562E0,-3.719388E1,1.496670E1,2.925027E1,-2.583048E1,3.930522E1,5.170082E0,1.306929E1,3.059163E1
2.758621E-1,-9.187113E0,-4.165967E0,-3.717076E1,1.493348E1,2.940505E1,-2.582950E1,3.925408E1,5.140110E0,1.293843E1,3.055624E1
3.103448E-1,-9.228612E0,-4.208347E0,-3.714781E1,1.504195E1,2.946084E1,-2.583048E1,3.927813E1,4.991641E0,1.292683E1,3.058312E1
3.448276E-1,-9.202036E0,-4.203605E0,-3.714820E1,1.499577E1,2.940973E1,-2.579631E1,3.925469E1,4.929190E0,1.283629E1,3.071054E1
3.793103E-1,-9.411110E0,-4.195214E0,-3.714226E1,1.502328E1,2.935583E1,-2.575701E1,3.914794E1,4.861010E0,1.293832E1,3.061822E1
4.137931E-1,-9.303658E0,-4.319015E0,-3.717977E1,1.494068E1,2.940165E1,-2.578275E1,3.910217E1,4.721303E0,1.285938E1,3.057454E1
4.482759E-1,-9.347201E0,-4.218179E0,-3.711371E1,1.490717E1,2.933729E1,-2.577079E1,3.908857E1,4.702257E0,1.283180E1,3.030179E1
4.827586E-1,-9.237691E0,-4.128093E0,-3.709852E1,1.501320E1,2.927912E1,-2.581369E1,3.911731E1,4.794907E0,1.285594E1,3.035105E1
5.172414E-1,-9.137448E0,-4.043022E0,-3.705229E1,1.502287E1,2.938651E1,-2.578040E1,3.910635E1,4.790391E0,1.285469E1,3.034857E1
5.517241E-1,-9.026396E0,-4.204056E0,-3.706652E1,1.498039E1,2.933146E1,-2.580786E1,3.915466E1,4.694263E0,1.284589E1,3.016926E1
5.862069E-1,-9.115108E0,-4.244262E0,-3.711404E1,1.504716E1,2.935962E1,-2.575209E1,3.919952E1,4.682296E0,1.289636E1,3.018539E1
6.206897E-1,-9.293773E0,-4.303102E0,-3.712615E1,1.500719E1,2.936224E1,-2.577582E1,3.909875E1,4.776592E0,1.289283E1,3.012002E1
6.551724E-1,-9.329547E0,-4.242568E0,-3.713545E1,1.503121E1,2.934123E1,-2.578597E1,3.903462E1,4.761069E0,1.290152E1,3.002071E1
6.896552E-1,-9.485573E0,-4.420073E0,-3.715009E1,1.501082E1,2.935911E1,-2.572168E1,3.881901E1,4.789890E0,1.276018E1,3.005330E1
7.241379E-1,-9.545378E0,-4.388154E0,-3.718799E1,1.496710E1,2.926906E1,-2.573312E1,3.883142E1,4.664744E0,1.271748E1,2.998868E1
7.586207E-1,-9.406934E0,-4.339785E0,-3.720933E1,1.490213E1,2.925220E1,-2.562126E1,3.889710E1,4.613390E0,1.286933E1,2.994229E1
7.931034E-1,-9.366974E0,-4.310931E0,-3.722703E1,1.497944E1,2.931992E1,-2.556899E1,3.895974E1,4.762385E0,1.286711E1,2.998850E1
8.275862E-1,-9.308850E0,-4.328100E0,,,,,,,1.309542E1,2.984473E1
8.620690E-1,-9.405191E0,-4.336824E0,-3.713596E1,1.501835E1,2.911163E1,-2.553923E1,3.892010E1,4.615992E0,1.291818E1,2.984473E1
8.965517E-1,-9.320204E0,-4.316927E0,-3.712266E1,1.496066E1,2.912270E1,-2.553612E1,3.890918E1,4.558804E0,1.288277E1,2.979865E1
9.310345E-1,-9.346550E0,-4.326002E0,-3.716043E1,1.495861E1,2.911701E1,-2.552596E1,3.896281E1,4.546632E0,1.320957E1,2.979778E1
9.655172E-1,-9.366978E0,-4.443790E0,-3.716976E1,1.504194E1,2.915100E1,-2.553227E1,3.904523E1,4.632181E0,1.319096E1,2.973863E1
1.000000E0,-9.191916E0,-4.460348E0,-3.715855E1,1.498200E1,2.913399E1,-2.551389E1,3.898211E1,4.615597E0,1.321392E1,2.979296E1
1.034483E0,-9.202169E0,-4.493875E0,-3.712245E1,1.496073E1,2.921344E1,-2.556526E1,3.887887E1,4.591961E0,1.306076E1,2.972309E1
1.068966E0,-9.107400E0,-4.524079E0,-3.710707E1,1.494999E1,2.923554E1,-2.562958E1,3.875680E1,4.676040E0,1.306913E1,2.967764E1
1.103448E0,-9.183271E0,-4.576735E0,-3.712166E1,1.493072E1,2.931141E1,-2.557511E1,3.894474E1,4.702497E0,1.301623E1,2.991270E1
1.137931E0,-9.162123E0,-4.510913E0,-3.716158E1,1.499221E1,2.934268E1,-2.571929E1,3.897944E1,4.623586E0,1.274975E1,2.982189E1
1.172414E0,-9.063315E0,-4.561043E0,-3.713395E1,1.499015E1,2.924402E1,-2.573315E1,3.898240E1,4.626552E0,1.279896E1,2.994814E1
1.206897E0,-9.157073E0,-4.527061E0,-3.714318E1,1.502031E1,2.927776E1,-2.577052E1,3.904565E1,4.779697E0,1.280789E1,2.999045E1
1.241379E0,-9.178323E0,-4.555514E0,-3.718014E1,1.503857E1,2.923904E1,-2.563897E1,3.899617E1,4.613305E0,1.277602E1,2.997588E1
1.275862E0,-9.039123E0,-4.453482E0,-3.717601E1,1.506409E1,2.916055E1,-2.570112E1,3.910399E1,4.480566E0,1.269684E1,2.998447E1
1.310345E0,-9.113830E0,-4.536355E0,-3.717344E1,1.500039E1,2.902382E1,-2.583661E1,3.913603E1,4.560013E0,1.263712E1,2.984618E1
1.344828E0,-8.947219E0,-4.498338E0,-3.719386E1,1.500901E1,2.906058E1,-2.581766E1,3.912392E1,4.529016E0,1.264103E1,2.982460E1
1.379310E0,-9.023184E0,-4.444370E0,-3.721773E1,1.500388E1,,,,,,
1.413793E0,-8.971541E0,-4.472360E0,-3.718165E1,1.500959E1,2.907728E1,-2.579685E1,3.899299E1,4.786055E0,1.253642E1,2.987200E1
1.448276E0,-8.996769E0,-4.437876E0,-3.713641E1,1.501138E1,2.902768E1,-2.585515E1,3.891519E1,4.808023E0,1.265180E1,3.001335E1
1.482759E0,-9.103512E0,-4.300883E0,-3.715583E1,1.503052E1,2.900008E1,-2.589815E1,3.877099E1,4.867459E0,1.268785E1,2.984061E1
1.517241E0,-9.018198E0,-4.469940E0,-3.716951E1,1.499724E1,2.911655E1,-2.592322E1,3.862494E1,4.787800E0,1.254371E1,2.989260E1
1.551724E0,-8.913623E0,-4.369468E0,-3.718562E1,1.496239E1,2.910396E1,-2.598011E1,3.868186E1,4.852411E0,1.259672E1,2.984939E1
1.586207E0,-8.815784E0,-4.432551E0,-3.719740E1,1.497456E1,2.912504E1,-2.597971E1,3.857685E1,4.918503E0,1.267218E1,2.967340E1
1.620690E0,-8.747188E0,-4.496156E0,-3.721899E1,1.495015E1,2.900429E1,-2.591998E1,3.846704E1,4.659823E0,1.267738E1,2.975749E1
1.655172E0,-8.685657E0,-4.345046E0,-3.720127E1,1.496963E1,2.918894E1,-2.589196E1,3.833115E1,4.523685E0,1.266305E1,2.976701E1
1.689655E0,-8.606509E0,-4.253716E0,-3.720848E1,1.502783E1,2.924755E1,-2.581240E1,3.845850E1,4.526535E0,1.274429E1,2.987845E1
1.724138E0,-8.734906E0,-4.455230E0,-3.729568E1,1.499923E1,2.926269E1,-2.591056E1,3.823965E1,4.386169E0,1.256173E1,2.984944E1
1.758621E0,-8.730168E0,-4.526998E0,-3.727477E1,1.497503E1,2.920818E1,-2.595025E1,3.827456E1,4.331548E0,1.258703E1,2.989296E1
1.793103E0,-8.735337E0,-4.490661E0,-3.724580E1,1.498926E1,2.916105E1,-2.594397E1,3.840669E1,4.367289E0,1.253450E1,3.001266E1
1.827586E0,-8.814474E0,-4.620692E0,-3.719074E1,1.500183E1,2.907730E1,-2.585842E1,3.829332E1,4.432037E0,1.234291E1,2.991795E1
1.862069E0,-8.966302E0,-4.844678E0,-3.716067E1,1.496777E1,2.897054E1,-2.589411E1,3.825493E1,4.372148E0,1.229190E1,2.977689E1
1.896552E0,-8.879453E0,-4.779374E0,-3.718124E1,1.495265E1,2.899780E1,-2.590658E1,3.840752E1,4.331219E0,1.251051E1,2.979606E1
1.931034E0,-8.968522E0,-4.751719E0,-3.718608E1,1.502419E1,2.907248E1,-2.586252E1,3.843429E1,4.493177E0,1.262788E1,2.996234E1
1.965517E0,-9.175915E0,-4.668506E0,-3.719890E1,1.495033E1,2.914514E1,-2.585803E1,3.819962E1,4.460444E0,1.248028E1,2.975028E1
2.000000E0,-9.073700E0,-4.588110E0,-3.719807E1,1.497859E1,2.910738E1,-2.566055E1,3.817859E1,4.579761E0,1.243693E1,2.987737E1
2.034483E0,-8.874337E0,-4.557099E0,-3.721497E1,1.501479E1,2.911482E1,-2.568369E1,3.821359E1,4.581416E0,1.247397E1,2.973928E1
2.068966E0,-8.888933E0,-4.540395E0,-3.718724E1,1.500270E1,2.911185E1,-2.573157E1,3.818796E1,4.510819E0,1.230852E1,2.963989E1
2.103448E0,-8.929574E0,-4.610848E0,-3.726346E1,1.492246E1,2.911331E1,-2.593685E1,3.816541E1,4.538015E0,1.209907E1,2.965847E1
2.137931E0,-8.768269E0,-4.624019E0,-3.726736E1,1.498193E1,2.917729E1,-2.598024E1,3.822207E1,4.397115E0,1.216937E1,2.974890E1
2.172414E0,-8.895392E0,-4.527412E0,-3.721159E1,1.505649E1,2.914628E1,-2.591657E1,3.824590E1,4.402970E0,1.228044E1,2.986177E1
2.206897E0,-9.029510E0,-4.560871E0,-3.720136E1,1.501660E1,2.907569E1,-2.592369E1,3.823553E1,4.271371E0,1.222849E1,2.979418E1
2.241379E0,-9.082052E0,-4.494070E0,-3.723763E1,1.503027E1,2.908748E1,-2.600490E1,3.821758E1,4.286463E0,1.199782E1,2.984837E1
2.275862E0,-9.022656E0,-4.630457E0,-3.721817E1,1.504982E1,2.905821E1,-2.598930E1,3.826922E1,4.537751E0,1.203934E1,2.970118E1
2.310345E0,-9.119405E0,-4.553795E0,-3.721334E1,1.505395E1,2.906123E1,-2.599415E1,3.819613E1,4.560741E0,1.205610E1,2.971929E1
2.344828E0,-9.076183E0,-4.519629E0,-3.718692E1,1.506104E1,2.910636E1,-2.606041E1,3.830588E1,4.629515E0,1.191559E1,2.974975E1
2.379310E0,-9.107864E0,-4.558239E0,-3.724274E1,1.505194E1,2.910214E1,-2.600307E1,3.834504E1,4.747655E0,1.193598E1,2.968591E1
2.413793E0,-9.038646E0,-4.585438E0,-3.721619E1,1.509522E1,2.905580E1,-2.595654E1,3.832115E1,4.838152E0,1.192131E1,2.958170E1
2.448276E0,-9.032615E0,-4.617610E0,-3.728525E1,1.502815E1,2.922857E1,-2.597406E1,3.843462E1,4.970092E0,1.198679E1,2.966754E1
2.482759E0,-8.876218E0,-4.629311E0,-3.719833E1,1.500282E1,2.910476E1,-2.602339E1,3.843653E1,4.911015E0,1.207459E1,2.971961E1
2.517241E0,-8.848570E0,-4.522769E0,-3.720092E1,1.498101E1,2.913357E1,-2.609418E1,3.846874E1,4.666865E0,1.182169E1,2.955079E1
2.551724E0,-8.795985E0,-4.567651E0,-3.726847E1,1.502278E1,2.919439E1,-2.607259E1,3.836533E1,4.588870E0,1.195542E1,2.961927E1
2.586207E0,-8.744968E0,-4.522169E0,-3.722938E1,1.498784E1,2.923562E1,-2.603034E1,3.837657E1,4.483219E0,1.205183E1,2.963485E1
2.620690E0,-8.920203E0,-4.559077E0,-3.725974E1,1.500026E1,2.927669E1,-2.597019E1,3.834977E1,4.506577E0,1.184800E1,2.971847E1
2.655172E0,-8.847229E0,-4.651754E0,-3.722559E1,1.504329E1,2.928692E1,-2.595662E1,3.824594E1,4.560090E0,1.180451E1,2.974683E1
2.689655E0,-8.951424E0,-4.667495E0,-3.725244E1,1.504016E1,2.932748E1,-2.595552E1,3.807027E1,4.508054E0,1.167750E1,2.975323E1
2.724138E0,-8.871443E0,-4.656250E0,-3.722333E1,1.503308E1,2.934328E1,-2.597663E1,3.807522E1,4.463823E0,1.159340E1,2.969935E1
2.758621E0,-8.963206E0,-4.759627E0,-3.727729E1,1.495050E1,2.930634E1,-2.599170E1,3.821451E1,4.496133E0,1.155018E1,2.973849E1
2.793103E0,-8.869301E0,-4.729035E0,-3.721919E1,1.499497E1,2.924663E1,-2.589375E1,3.814741E1,4.647183E0,1.159165E1,2.969398E1
2.827586E0,-8.851997E0,-4.757596E0,-3.720251E1,1.499725E1,2.917747E1,-2.579022E1,3.831592E1,4.655827E0,1.157175E1,2.960920E1
2.862069E0,-8.699860E0,-4.841830E0,-3.719550E1,1.503663E1,2.904797E1,-2.582039E1,3.819720E1,4.644630E0,1.152176E1,2.971602E1
2.896552E0,-8.647615E0,-4.847290E0,-3.727027E1,1.502270E1,2.900087E1,-2.577507E1,3.809205E1,4.750292E0,1.144783E1,2.964410E1
2.931034E0,-8.714936E0,-4.889067E0,-3.724203E1,1.497790E1,2.898628E1,-2.583991E1,3.810275E1,4.687201E0,1.136403E1,2.961736E1
2.965517E0,-8.740943E0,-4.778700E0,-3.718706E1,1.504535E1,2.906945E1,-2.566355E1,3.801655E1,4.664687E0,1.142899E1,2.961158E1
3.000000E0,-8.722672E0,-4.660727E0,-3.724935E1,1.507930E1,2.893463E1,-2.569213E1,3.798810E1,4.610670E0,1.134629E1,2.957210E1
3.034483E0,-8.630196E0,-4.673900E0,-3.717675E1,1.498089E1,2.898152E1,-2.576643E1,3.799131E1,4.595317E0,1.111550E1,2.965801E1
3.068966E0,-8.562060E0,-4.675137E0,-3.717765E1,1.500279E1,2.898017E1,-2.581856E1,3.799276E1,4.542082E0,1.118422E1,2.964546E1
3.103448E0,-8.591708E0,-4.649036E0,-3.714336E1,1.504559E1,2.899867E1,-2.584690E1,3.801929E1,4.434344E0,1.119696E1,2.967383E1
3.137931E0,-8.606681E0,-4.662928E0,-3.713783E1,1.501814E1,2.906659E1,-2.590039E1,3.801064E1,4.330583E0,1.122895E1,2.961487E1
3.172414E0,-8.651655E0,-4.620144E0,-3.717400E1,1.497655E1,2.914736E1,-2.591087E1,3.814920E1,4.310355E0,1.134256E1,2.966467E1
3.206897E0,-8.563038E0,-4.572569E0,-3.717849E1,1.503220E1,2.917678E1,-2.599386E1,3.811429E1,4.382656E0,1.126791E1,2.951007E1
3.241379E0,-8.585723E0,-4.592007E0,-3.716272E1,1.498126E1,2.912271E1,-2.607748E1,3.806799E1,4.301233E0,1.136945E1,2.969275E1
3.275862E0,-8.465563E0,-4.656502E0,-3.711700E1,1.500218E1,2.902169E1,-2.602283E1,3.814676E1,4.384712E0,1.134814E1,2.965426E1
3.310345E0,-8.456712E0,-4.651813E0,-3.715317E1,1.505668E1,2.893983E1,-2.599792E1,3.824647E1,4.412137E0,1.140262E1,2.969259E1
3.344828E0,-8.421369E0,-4.762505E0,-3.719722E1,1.501955E1,2.896420E1,-2.615516E1,3.819037E1,4.404901E0,1.144577E1,2.961369E1
3.379310E0,-8.404174E0,-4.760399E0,-3.719449E1,1.503483E1,2.894133E1,-2.617077E1,3.799316E1,4.381821E0,1.138464E1,2.956872E1
3.413793E0,-8.385342E0,-4.725903E0,-3.717243E1,1.499401E1,2.902176E1,-2.619846E1,3.815471E1,4.322026E0,1.136737E1,2.973225E1
3.448276E0,-8.411603E0,-4.818952E0,-3.717444E1,1.501528E1,2.894596E1,-2.628054E1,3.821134E1,4.206811E0,1.122536E1,2.967759E1
3.482759E0,-8.450017E0,-4.897475E0,-3.716764E1,1.496306E1,2.887525E1,-2.631009E1,3.839396E1,4.341660E0,1.130658E1,2.964095E1
3.517241E0,-8.473622E0,-4.822970E0,-3.718286E1,1.492511E1,2.899469E1,-2.626832E1,3.834938E1,4.478766E0,1.137919E1,2.968137E1
3.551724E0,-8.407615E0,-5.002388E0,-3.711761E1,1.498849E1,2.908824E1,-2.623865E1,3.825685E1,4.580116E0,1.132717E1,2.972372E1
3.586207E0,-8.502014E0,-5.036165E0,-3.707907E1,1.495130E1,2.917420E1,-2.622021E1,3.831354E1,4.595621E0,1.123277E1,2.966076E1
3.620690E0,-8.426097E0,-5.019844E0,-3.711692E1,1.506073E1,2.922331E1,-2.623310E1,3.819108E1,4.583479E0,1.137704E1,2.959958E1
3.655172E0,-8.390970E0,-5.088790E0,-3.717250E1,1.511573E1,2.928770E1,-2.612610E1,3.817845E1,4.765009E0,1.123005E1,2.952693E1
3.689655E0,-8.379360E0,-5.122651E0,-3.711710E1,1.503170E1,2.922550E1,-2.613587E1,3.822949E1,4.704877E0,1.129652E1,2.946357E1
3.724138E0,-8.357322E0,-5.030469E0,-3.722314E1,1.506006E1,2.924139E1,-2.618498E1,3.824726E1,4.748110E0,1.148478E1,2.955646E1
3.758621E0,-8.366459E0,-5.029263E0,-3.722539E1,1.501412E1,2.921168E1,-2.626148E1,3.818332E1,4.823975E0,1.148695E1,2.952138E1
3.793103E0,-8.289941E0,-5.065059E0,-3.712985E1,1.501388E1,2.906718E1,-2.635779E1,3.832192E1,4.979917E0,1.164682E1,2.946027E1
3.827586E0,-8.226159E0,-5.130402E0,-3.716571E1,1.500814E1,2.900801E1,-2.636364E1,3.823009E1,4.851709E0,1.157212E1,2.932571E1
3.862069E0,-8.264913E0,-5.151338E0,-3.716503E1,1.503948E1,2.894449E1,-2.638646E1,3.830960E1,4.828983E0,1.150334E1,2.932889E1
3.896552E0,-8.194457E0,-5.089999E0,-3.714711E1,1.502316E1,2.898703E1,-2.633115E1,3.820153E1,4.919302E0,1.144684E1,2.926582E1
3.931034E0,-8.223588E0,-5.066655E0,-3.716868E1,1.502639E1,2.906568E1,-2.636925E1,3.830488E1,4.866685E0,1.156886E1,2.905224E1
3.965517E0,-8.246597E0,-5.151922E0,-3.717401E1,1.499401E1,2.904237E1,-2.640840E1,3.816792E1,4.814405E0,1.168870E1,2.901714E1
4.000000E0,-8.241566E0,-5.139062E0,-3.714809E1,1.495949E1,2.904620E1,-2.636227E1,3.816633E1,4.715143E0,1.191103E1,2.911696E1
4.034483E0,-8.123657E0,-5.101271E0,-3.712519E1,1.501188E1,2.903322E1,-2.624122E1,3.825608E1,4.737334E0,1.204316E1,2.923245E1
4.068966E0,-8.319154E0,-5.055039E0,-3.715153E1,1.503234E1,2.898803E1,-2.615280E1,3.829977E1,4.660375E0,1.186030E1,2.920797E1
4.103448E0,-8.500306E0,-5.091135E0,-3.716593E1,1.496594E1,2.907785E1,-2.614318E1,3.828618E1,4.574572E0,1.169724E1,2.910192E1
4.137931E0,-8.369225E0,-5.053640E0,-3.719710E1,1.494462E1,2.913573E1,-2.613787E1,3.824030E1,4.576857E0,1.165834E1,2.935267E1
4.172414E0,-8.409583E0,-5.108207E0,-3.711998E1,1.500208E1,2.906976E1,-2.608595E1,3.817353E1,4.651326E0,1.164439E1,2.922014E1
4.206897E0,-8.518029E0,-5.114893E0,-3.718924E1,1.494354E1,2.900855E1,-2.600224E1,3.810026E1,4.589286E0,1.150629E1,2.904047E1
4.241379E0,-8.436361E0,-5.182006E0,-3.721574E1,1.495563E1,2.897023E1,-2.594421E1,3.814871E1,4.604889E0,1.138278E1,2.911984E1
4.275862E0,-8.434518E0,-5.178203E0,-3.725013E1,1.491020E1,2.885489E1,-2.593948E1,3.823368E1,4.656772E0,1.127125E1,2.911973E1
4.310345E0,-8.413537E0,-5.259828E0,-3.716466E1,1.492603E1,2.883290E1,-2.597667E1,3.822846E1,4.529252E0,1.136751E1,2.909795E1
4.344828E0,-8.362996E0,-5.328183E0,-3.718959E1,1.494913E1,2.891493E1,-2.604556E1,3.826178E1,4.552069E0,1.137076E1,2.913580E1
4.379310E0,-8.412167E0,-5.473493E0,-3.715004E1,1.494021E1,2.893495E1,-2.605770E1,3.811955E1,4.446566E0,1.144716E1,2.902000E1
4.413793E0,-8.530489E0,-5.337614E0,-3.716457E1,1.497419E1,2.895366E1,-2.604154E1,3.813351E1,4.376290E0,1.140217E1,2.905739E1
4.448276E0,-8.552670E0,-5.404148E0,-3.715269E1,1.503086E1,2.888929E1,-2.612808E1,3.822739E1,4.328636E0,1.144560E1,2.894272E1
4.482759E0,-8.537588E0,-5.410588E0,-3.719513E1,1.496700E1,2.885408E1,-2.607497E1,3.826741E1,4.169809E0,1.109827E1,2.878085E1
4.517241E0,-8.425002E0,-5.391080E0,-3.717379E1,1.499234E1,2.889123E1,-2.607511E1,3.815878E1,3.996246E0,1.107819E1,2.889271E1
4.551724E0,-8.375790E0,-5.367399E0,-3.719088E1,1.493955E1,2.881825E1,-2.622849E1,3.822629E1,3.964853E0,1.096632E1,2.881209E1
4.586207E0,-8.262912E0,-5.420998E0,-3.718700E1,1.489217E1,2.883540E1,-2.611169E1,3.821624E1,3.939122E0,1.099502E1,2.876234E1
4.620690E0,-8.334608E0,-5.439820E0,-3.727939E1,1.485586E1,2.874845E1,-2.619276E1,3.818463E1,3.897844E0,1.085251E1,2.860370E1
4.655172E0,-8.391432E0,-5.331594E0,-3.724294E1,1.496642E1,2.882064E1,-2.613592E1,3.817129E1,3.915317E0,1.100394E1,2.851595E1
4.689655E0,-8.477953E0,-5.258982E0,-3.721179E1,1.493623E1,2.886190E1,-2.601803E1,3.803784E1,3.883267E0,1.087387E1,2.845918E1
4.724138E0,-8.532214E0,-5.393452E0,-3.724861E1,1.484807E1,2.876043E1,-2.587600E1,3.798656E1,3.883561E0,1.066764E1,2.852368E1
4.758621E0,-8.367393E0,-5.429324E0,-3.721236E1,1.488585E1,2.881309E1,-2.587838E1,3.792938E1,3.765357E0,1.065654E1,2.849257E1
4.793103E0,-8.382539E0,-5.311811E0,-3.719345E1,1.489541E1,2.875254E1,-2.581091E1,3.795166E1,3.715526E0,1.056865E1,2.828993E1
4.827586E0,-8.461899E0,-5.204429E0,-3.717583E1,1.489603E1,2.879592E1,-2.580053E1,3.815452E1,3.739241E0,1.047621E1,2.829549E1
4.862069E0,-8.460376E0,-5.273311E0,-3.720283E1,1.485396E1,2.879009E1,-2.578426E1,3.821155E1,3.712318E0,1.025539E1,2.839094E1
4.896552E0,-8.362845E0,-5.194100E0,-3.723423E1,1.498162E1,2.884600E1,-2.569622E1,3.828214E1,3.665374E0,1.025235E1,2.836561E1
4.931034E0,-8.373783E0,-5.233647E0,-3.714044E1,1.495656E1,2.880621E1,-2.577130E1,3.818689E1,3.697838E0,1.013787E1,2.833315E1
4.965517E0,-8.329492E0,-5.336562E0,-3.715068E1,1.484464E1,2.882884E1,-2.581606E1,3.821987E1,3.725179E0,1.025464E1,2.829475E1
5.000000E0,-8.338188E0,-5.240487E0,-3.714301E1,1.502619E1,2.879647E1,-2.570971E1,3.821151E1,3.812543E0,1.025789E1,2.844682E1
5.034483E0,-8.408056E0,-5.252185E0,-3.715582E1,1.502060E1,2.879583E1,-2.582302E1,3.818737E1,3.789685E0,1.046234E1,2.831500E1
5.068966E0,-8.383738E0,-5.421075E0,-3.723939E1,1.494877E1,2.871730E1,-2.584157E1,3.816816E1,3.728614E0,1.036139E1,2.796528E1
5.103448E0,-8.389858E0,-5.388162E0,-3.724002E1,1.497467E1,2.874120E1,-2.570489E1,3.831340E1,3.811654E0,1.035018E1,2.809745E1
5.137931E0,-8.259719E0,-5.210577E0,-3.711590E1,1.498035E1,2.862726E1,-2.548529E1,3.835506E1,3.971966E0,1.035841E1,2.819252E1
5.172414E0,-8.235157E0,-5.339838E0,-3.720086E1,1.498011E1,2.856770E1,-2.560480E1,3.813260E1,3.931238E0,1.018915E1,2.813943E1
5.206897E0,-8.202706E0,-5.448150E0,-3.723578E1,1.489588E1,2.854332E1,-2.564525E1,3.805420E1,3.978578E0,1.024157E1,2.795550E1
5.241379E0,-8.196705E0,-5.320994E0,-3.723828E1,1.492143E1,2.857111E1,-2.546454E1,3.800527E1,4.062485E0,1.026364E1,2.797505E1
5.275862E0,-8.165572E0,-5.273214E0,-3.722441E1,1.506293E1,2.857856E1,-2.551152E1,3.810183E1,4.036154E0,1.040075E1,2.787727E1
5.310345E0,-8.067716E0,-5.430317E0,-3.719574E1,1.498473E1,2.864604E1,-2.568745E1,3.814711E1,3.964072E0,1.031723E1,2.783757E1
5.344828E0,-8.013520E0,-5.407530E0,-3.722073E1,1.501368E1,2.857058E1,-2.541566E1,3.816673E1,3.926265E0,1.021944E1,2.772797E1
5.379310E0,-8.002058E0,-5.342284E0,-3.719501E1,1.500030E1,2.860131E1,-2.549458E1,3.810500E1,3.855647E0,9.980374E0,2.772307E1
5.413793E0,-7.968680E0,-5.313790E0,-3.714208E1,1.499166E1,2.858003E1,-2.553019E1,3.803042E1,3.794797E0,9.856974E0,2.784959E1
5.448276E0,-8.056688E0,-5.285844E0,-3.716867E1,1.499536E1,2.871826E1,-2.564903E1,3.805063E1,3.892343E0,9.782992E0,2.792000E1
5.482759E0,-8.045602E0,-5.246190E0,-3.721668E1,1.510467E1,2.863534E1,-2.561215E1,3.806717E1,4.092799E0,9.815565E0,2.812112E1
5.517241E0,-8.204994E0,-5.339849E0,-3.725378E1,1.505846E1,2.860047E1,-2.566879E1,3.804616E1,4.013095E0,9.725747E0,2.808904E1
5.551724E0,-8.280423E0,-5.430256E0,-3.731495E1,1.499504E1,2.862095E1,-2.570216E1,3.795284E1,3.890510E0,9.543880E0,2.788386E1
5.586207E0,-8.291072E0,-5.371086E0,-3.722433E1,1.496919E1,2.863803E1,-2.552118E1,3.811312E1,3.891254E0,9.625649E0,2.793687E1
5.620690E0,-8.304075E0,-5.365527E0,-3.723405E1,1.505728E1,2.855227E1,-2.550874E1,3.810571E1,4.078284E0,9.744906E0,2.804543E1
5.655172E0,-8.298376E0,-5.445277E0,-3.718882E1,1.504442E1,2.838496E1,-2.565267E1,3.805427E1,4.088184E0,9.726507E0,2.790200E1
5.689655E0,-8.257494E0,-5.429728E0,-3.718377E1,1.496974E1,2.841153E1,-2.578525E1,3.808099E1,3.972876E0,9.743833E0,2.781868E1
5.724138E0,-8.174101E0,-5.338956E0,-3.726604E1,1.512979E1,2.833475E1,-2.572865E1,3.802843E1,3.983545E0,9.580204E0,2.791875E1
5.758621E0,-8.211694E0,-5.386609E0,-3.728469E1,1.511683E1,2.832071E1,-2.569684E1,3.801348E1,3.939368E0,9.639904E0,2.800181E1
5.793103E0,-8.104377E0,-5.270279E0,-3.726817E1,1.509468E1,2.843082E1,-2.564950E1,3.800289E1,3.910415E0,9.717161E0,2.809088E1
5.827586E0,-8.085577E0,-5.303657E0,-3.722465E1,1.508779E1,2.851869E1,-2.565852E1,3.800832E1,3.916009E0,9.775315E0,2.810324E1
5.862069E0,-7.948569E0,-5.191548E0,-3.720290E1,1.506317E1,2.862968E1,-2.553303E1,3.790526E1,3.867326E0,9.818574E0,2.811715E1
5.896552E0,-7.931972E0,-5.362985E0,-3.724629E1,1.507631E1,2.875707E1,-2.553732E1,3.792257E1,3.772433E0,9.772125E0,2.809925E1
5.931034E0,-7.871147E0,-5.217302E0,-3.726727E1,1.510421E1,2.882013E1,-2.551526E1,3.793967E1,3.800265E0,9.929864E0,2.812063E1
5.965517E0,-7.930657E0,-5.168161E0,-3.723205E1,1.507335E1,2.884169E1,-2.559828E1,3.796228E1,3.732625E0,9.867724E0,2.822791E1
6.000000E0,-7.999687E0,-5.015551E0,-3.722318E1,1.506726E1,2.888546E1,-2.565268E1,3.790275E1,3.679736E0,9.696884E0,2.798552E1
6.034483E0,-8.029567E0,-5.085379E0,-3.716023E1,1.508576E1,2.890738E1,-2.562196E1,3.805852E1,3.695379E0,9.702581E0,2.796022E1
6.068966E0,-7.949323E0,-5.173168E0,-3.715217E1,1.509107E1,2.886607E1,-2.556156E1,3.801037E1,3.625952E0,9.777904E0,2.786909E1
6.103448E0,-7.920976E0,-5.289120E0,-3.718810E1,1.498952E1,2.889722E1,-2.558233E1,3.813939E1,3.613067E0,9.774338E0,2.783745E1
6.137931E0,-7.964231E0,-5.222915E0,-3.725178E1,1.497234E1,2.885487E1,-2.562315E1,3.797191E1,3.649875E0,9.920593E0,2.794734E1
6.172414E0,-7.814186E0,-5.322045E0,-3.717667E1,1.502404E1,2.880756E1,-2.562499E1,3.794980E1,3.603655E0,9.972650E0,2.793641E1
6.206897E0,-7.963611E0,-5.314841E0,-3.713887E1,1.497117E1,2.869113E1,-2.559619E1,3.798617E1,3.579031E0,1.005323E1,2.781379E1
6.241379E0,-8.033318E0,-5.345731E0,-3.718616E1,1.499307E1,2.877483E1,-2.568810E1,3.786664E1,3.560758E0,1.015765E1,2.784307E1
6.275862E0,-8.095109E0,-5.493603E0,-3.719011E1,1.509337E1,2.874190E1,-2.571728E1,3.778984E1,3.578156E0,1.004026E1,2.775187E1
6.310345E0,-8.109834E0,-5.612562E0,-3.717788E1,1.509795E1,2.882917E1,-2.569022E1,3.783696E1,3.702747E0,9.994161E0,2.785813E1
6.344828E0,-8.141565E0,-5.603949E0,-3.712731E1,1.509482E1,2.890693E1,-2.575955E1,3.773359E1,3.720489E0,9.971901E0,2.790935E1
6.379310E0,-8.025406E0,-5.532381E0,-3.719463E1,1.505302E1,2.889841E1,-2.575256E1,3.785912E1,3.700525E0,1.013889E1,2.791358E1
6.413793E0,-7.954549E0,-5.587541E0,-3.721289E1,1.499571E1,2.874521E1,-2.581178E1,3.778841E1,3.639707E0,1.019931E1,2.798497E1
6.448276E0,-8.037558E0,-5.564479E0,-3.722715E1,1.502598E1,2.867318E1,-2.577417E1,3.769989E1,3.691298E0,1.013230E1,2.800112E1
6.482759E0,-7.950924E0,-5.817314E0,-3.723074E1,1.503715E1,2.868033E1,-2.568822E1,3.768355E1,3.603297E0,1.003010E1,2.798357E1
6.517241E0,-7.862986E0,-5.854800E0,-3.722939E1,1.500562E1,2.866141E1,-2.580909E1,3.768138E1,3.534838E0,1.002189E1,2.783582E1
6.551724E0,-7.815628E0,-5.765482E0,-3.722967E1,1.497527E1,2.856870E1,-2.587768E1,3.777968E1,3.544040E0,9.885700E0,2.767324E1
6.586207E0,-7.801865E0,-5.829953E0,-3.723544E1,1.498888E1,2.866171E1,-2.566693E1,3.765238E1,3.577471E0,9.725292E0,2.766165E1
6.620690E0,-7.815343E0,-5.895134E0,-3.725387E1,1.500549E1,2.864504E1,-2.576738E1,3.762850E1,3.474312E0,9.746560E0,2.765705E1
6.655172E0,-7.836642E0,-6.023642E0,-3.726640E1,1.496735E1,2.870469E1,-2.591457E1,3.760811E1,3.564307E0,9.762308E0,2.774756E1
6.689655E0,-7.694889E0,-6.017264E0,-3.728496E1,1.492117E1,2.874670E1,-2.587692E1,3.776591E1,3.531914E0,9.878953E0,2.781750E1
6.724138E0,-7.806166E0,-6.113366E0,-3.727760E1,1.497384E1,2.869973E1,-2.576598E1,3.775293E1,3.573175E0,9.793570E0,2.779109E1
6.758621E0,-7.850374E0,-6.238357E0,-3.728772E1,1.502946E1,2.870709E1,-2.581726E1,3.765379E1,3.540504E0,9.670072E0,2.784519E1
6.793103E0,-7.754782E0,-6.263271E0,-3.723798E1,1.501666E1,2.872268E1,-2.578422E1,3.765997E1,3.528681E0,9.597365E0,2.773799E1
6.827586E0,-7.856322E0,-6.324673E0,-3.717770E1,1.505012E1,2.872733E1,-2.574905E1,3.769896E1,3.556857E0,9.800865E0,2.779455E1
6.862069E0,-8.075742E0,-6.170032E0,-3.719871E1,1.506621E1,2.867844E1,-2.574578E1,3.758417E1,3.500246E0,9.800611E0,2.769412E1
6.896552E0,-8.201676E0,-6.212602E0,-3.719388E1,1.502169E1,2.869596E1,-2.566297E1,3.754819E1,3.455718E0,9.776227E0,2.781443E1
6.931034E0,-8.118262E0,-6.272811E0,-3.730380E1,1.501897E1,2.856701E1,-2.562343E1,3.765201E1,3.460558E0,9.873777E0,2.764774E1
6.965517E0,-8.017610E0,-6.416864E0,-3.722340E1,1.502604E1,2.860911E1,-2.561555E1,3.760065E1,3.529495E0,9.843688E0,2.762164E1
7.000000E0,-8.006752E0,-6.353838E0,-3.721089E1,1.501578E1,2.865041E1,-2.558704E1,3.755645E1,3.621885E0,9.788045E0,2.755951E1
7.034483E0,-8.067616E0,-6.272694E0,-3.723379E1,1.501132E1,2.870162E1,-2.565717E1,3.752298E1,3.614020E0,9.741476E0,2.743136E1
7.068966E0,-7.912195E0,-6.087609E0,-3.723696E1,1.497479E1,2.885416E1,-2.580647E1,3.750183E1,3.611055E0,9.583235E0,2.737028E1
7.103448E0,-7.833543E0,-6.168168E0,-3.722120E1,1.497762E1,2.880298E1,-2.587994E1,3.738150E1,3.688781E0,9.759652E0,2.745985E1
7.137931E0,-7.820992E0,-6.193304E0,-3.719693E1,1.509008E1,2.884732E1,-2.586971E1,3.738936E1,3.686185E0,9.720306E0,2.750812E1
7.172414E0,-7.902868E0,-6.247452E0,-3.717522E1,1.502064E1,2.877353E1,-2.588224E1,3.738030E1,3.693821E0,9.668381E0,2.752837E1
7.206897E0,-8.073485E0,-6.325682E0,-3.718596E1,1.501453E1,2.877336E1,-2.581579E1,3.745756E1,3.651977E0,9.671081E0,2.754903E1
7.241379E0,-7.999463E0,-6.474087E0,-3.723728E1,1.495366E1,2.881269E1,-2.580104E1,3.748722E1,3.505581E0,9.608104E0,2.752487E1
7.275862E0,-8.085569E0,-6.566927E0,-3.719618E1,1.495231E1,2.886033E1,-2.585389E1,3.748523E1,3.418295E0,9.693560E0,2.763148E1
7.310345E0,-8.064277E0,-6.533768E0,-3.719410E1,1.488670E1,2.872949E1,-2.587925E1,3.743057E1,3.269101E0,9.612715E0,2.749072E1
7.344828E0,-7.974397E0,-6.611350E0,-3.719099E1,1.488860E1,2.876075E1,-2.577395E1,3.745957E1,3.196030E0,9.482794E0,2.758730E1
7.379310E0,-7.960554E0,-6.692170E0,-3.722396E1,1.491900E1,2.875058E1,-2.577949E1,3.756830E1,3.274693E0,9.600357E0,2.771535E1
7.413793E0,-7.917726E0,-6.787100E0,-3.729376E1,1.492143E1,2.867019E1,-2.585336E1,3.754485E1,3.225801E0,9.577169E0,2.772138E1
7.448276E0,-7.861962E0,-6.820914E0,-3.722203E1,1.486319E1,2.869501E1,-2.583350E1,3.761706E1,3.295904E0,9.496281E0,2.761531E1
7.482759E0,-8.086862E0,-6.669444E0,-3.720416E1,1.491445E1,2.875029E1,-2.585252E1,3.761825E1,3.345462E0,9.569519E0,2.752926E1
7.517241E0,-8.117834E0,-6.784117E0,-3.724778E1,1.498293E1,2.873762E1,-2.586407E1,3.753430E1,3.388174E0,9.563238E0,2.755588E1
7.551724E0,-8.170411E0,-6.905439E0,-3.724854E1,1.498118E1,2.883140E1,-2.593108E1,3.759691E1,3.305790E0,9.489945E0,2.743840E1
7.586207E0,-8.084409E0,-6.982334E0,-3.717612E1,1.498885E1,2.876815E1,-2.591141E1,3.759603E1,3.368190E0,9.608581E0,2.757620E1
7.620690E0,-8.098132E0,-7.073068E0,-3.716200E1,1.505891E1,2.884849E1,-2.588068E1,3.761961E1,3.377168E0,9.582015E0,2.758290E1
7.655172E0,-8.153598E0,-6.937530E0,-3.714042E1,1.505669E1,2.881514E1,-2.589319E1,3.774951E1,3.285918E0,9.445670E0,2.748107E1
7.689655E0,-8.111743E0,-6.925117E0,-3.716766E1,1.508036E1,2.881938E1,-2.585976E1,3.766622E1,3.294848E0,9.506341E0,2.728710E1
7.724138E0,-8.107055E0,-6.941365E0,-3.714633E1,1.504085E1,2.896771E1,-2.593909E1,3.774621E1,3.265571E0,9.484413E0,2.730539E1
7.758621E0,-8.097258E0,-6.938746E0,-3.722400E1,1.497241E1,2.906154E1,-2.602000E1,3.770786E1,3.424689E0,9.455334E0,2.743481E1
7.793103E0,-8.091133E0,-6.823520E0,-3.718388E1,1.503155E1,2.915772E1,-2.596262E1,3.780007E1,3.324251E0,9.486344E0,2.753719E1
7.827586E0,-8.140726E0,-6.819238E0,-3.721501E1,1.502084E1,2.923500E1,-2.590368E1,3.774220E1,3.290340E0,9.732705E0,2.763788E1
7.862069E0,-8.167987E0,-6.865222E0,-3.726974E1,1.492605E1,2.922677E1,-2.595871E1,3.763311E1,3.208984E0,9.743282E0,2.757224E1
7.896552E0,-8.168673E0,-6.908932E0,-3.726287E1,1.496320E1,2.924844E1,-2.601537E1,3.752886E1,3.301384E0,9.622662E0,2.760657E1
7.931034E0,-8.162450E0,-6.785520E0,-3.719075E1,1.502534E1,2.929042E1,-2.583259E1,3.764050E1,3.270724E0,9.601909E0,2.762438E1
7.965517E0,-8.249945E0,-6.785012E0,-3.719614E1,1.510491E1,2.936225E1,-2.585423E1,3.761660E1,3.335587E0,9.642048E0,2.760647E1
8.000000E0,-8.269541E0,-6.818864E0,-3.726842E1,1.502529E1,2.931063E1,-2.594961E1,3.757710E1,3.246528E0,9.552308E0,2.742774E1
8.034483E0,-8.274404E0,-6.907960E0,-3.725610E1,1.492631E1,2.936912E1,-2.603228E1,3.754422E1,3.271642E0,9.599222E0,2.746333E1
8.068966E0,-8.259443E0,-6.955529E0,-3.721273E1,1.493636E1,2.943259E1,-2.603267E1,3.749349E1,3.320920E0,9.357210E0,2.735258E1
8.103448E0,-8.217461E0,-6.893750E0,-3.721629E1,1.506331E1,2.950401E1,-2.618200E1,3.743873E1,3.297826E0,9.428826E0,2.737386E1
8.137931E0,-8.118690E0,-6.872399E0,-3.723674E1,1.505456E1,2.943962E1,-2.621941E1,3.731545E1,3.241229E0,9.564220E0,2.739240E1
8.172414E0,-8.075916E0,-6.856639E0,-3.719404E1,1.501239E1,2.937896E1,-2.626041E1,3.738557E1,3.282682E0,9.587377E0,2.741898E1
8.206897E0,-8.044063E0,-6.960602E0,-3.724057E1,1.502658E1,2.933882E1,-2.628870E1,3.754452E1,3.342110E0,9.608119E0,2.727758E1
8.241379E0,-8.134114E0,-6.988628E0,-3.719669E1,1.505479E1,,,3.753530E1,3.255489E0,,
