,mass A,,
t,x,y,
0.000000E0,3.153451E1,5.417717E0
3.448276E-2,3.148320E1,5.435061E0
6.896552E-2,3.150679E1,5.491509E0
1.034483E-1,3.160167E1,5.349443E0
1.379310E-1,3.163452E1,5.284223E0
1.724138E-1,3.159838E1,5.220470E0
2.068966E-1,3.153683E1,5.213718E0
2.413793E-1,3.165507E1,5.126993E0
2.758621E-1,3.166827E1,5.004131E0
3.103448E-1,3.157271E1,4.972451E0
3.448276E-1,3.161978E1,4.985805E0
3.793103E-1,3.164917E1,4.943127E0
4.137931E-1,3.176721E1,4.951042E0
4.482759E-1,3.174711E1,4.938955E0
4.827586E-1,3.169484E1,4.814020E0
5.172414E-1,3.179194E1,4.936879E0
5.517241E-1,3.192001E1,4.947702E0
5.862069E-1,3.193805E1,4.977209E0
6.206897E-1,3.206073E1,5.011944E0
6.551724E-1,3.189609E1,4.934192E0
6.896552E-1,3.194867E1,4.953877E0
7.241379E-1,3.201626E1,4.865753E0
7.586207E-1,3.207357E1,4.907306E0
7.931034E-1,3.201838E1,4.869575E0
8.275862E-1,3.198155E1,4.751313E0
8.620690E-1,3.195811E1,4.885161E0
8.965517E-1,3.192838E1,4.795010E0
9.310345E-1,3.190539E1,4.831583E0
9.655172E-1,3.187156E1,4.821952E0
1.000000E0,3.185724E1,4.776213E0
1.034483E0,3.178476E1,4.877283E0
1.068966E0,3.174504E1,4.821389E0
1.103448E0,3.185023E1,4.824793E0
1.137931E0,3.192081E1,4.967579E0
1.172414E0,3.201134E1,4.729878E0
1.206897E0,3.194761E1,4.635991E0
1.241379E0,3.220780E1,4.792820E0
1.275862E0,3.211842E1,5.053091E0
1.310345E0,3.202067E1,4.930744E0
1.344828E0,3.207386E1,4.959590E0
1.379310E0,3.206307E1,5.099888E0
1.413793E0,3.211232E1,4.965360E0
1.448276E0,3.219839E1,4.920999E0
1.482759E0,3.215998E1,5.001365E0
1.517241E0,3.219480E1,4.946729E0
1.551724E0,3.216627E1,4.894908E0
1.586207E0,3.209614E1,4.959992E0
1.620690E0,3.211677E1,4.865413E0
1.655172E0,3.192456E1,4.691834E0
1.689655E0,3.186477E1,4.628435E0
1.724138E0,3.207539E1,4.675256E0
1.758621E0,3.200632E1,4.548311E0
1.793103E0,3.184208E1,4.443110E0
1.827586E0,3.182811E1,4.545376E0
1.862069E0,3.189738E1,4.567027E0
1.896552E0,3.207139E1,4.482271E0
1.931034E0,3.212056E1,4.468566E0
1.965517E0,3.222634E1,4.691047E0
2.000000E0,3.214809E1,4.592010E0
2.034483E0,3.229887E1,4.766639E0
2.068966E0,3.215137E1,4.822386E0
2.103448E0,3.212429E1,4.705971E0
2.137931E0,3.202334E1,4.763946E0
2.172414E0,3.200471E1,4.864852E0
2.206897E0,3.188897E1,4.960940E0
2.241379E0,3.189550E1,4.921177E0
2.275862E0,3.179654E1,4.892698E0
2.310345E0,3.173747E1,4.892181E0
2.344828E0,3.180561E1,4.884768E0
2.379310E0,3.170216E1,4.757999E0
2.413793E0,3.189611E1,4.793980E0
2.448276E0,3.187028E1,4.873732E0
2.482759E0,3.171668E1,4.690208E0
2.517241E0,3.174685E1,4.708274E0
2.551724E0,3.173173E1,4.862480E0
2.586207E0,3.162960E1,4.727979E0
2.620690E0,3.168366E1,4.735462E0
2.655172E0,3.184811E1,4.689837E0
2.689655E0,3.163522E1,4.505602E0
2.724138E0,3.167135E1,4.431072E0
2.758621E0,3.155961E1,4.420155E0
2.793103E0,3.157865E1,4.314338E0
2.827586E0,3.160928E1,4.459765E0
2.862069E0,3.169430E1,4.535513E0
2.896552E0,3.179788E1,4.584230E0
2.931034E0,3.180015E1,4.534894E0
2.965517E0,3.177774E1,4.569145E0
3.000000E0,3.177853E1,4.576647E0
3.034483E0,3.182553E1,4.559385E0
3.068966E0,3.174938E1,4.468899E0
3.103448E0,3.176317E1,4.395312E0
3.137931E0,3.188378E1,4.310325E0
3.172414E0,3.192087E1,4.273145E0
3.206897E0,3.181365E1,4.396980E0
3.241379E0,3.178896E1,4.394404E0
3.275862E0,3.190104E1,4.215458E0
3.310345E0,3.193610E1,4.214004E0
3.344828E0,3.204505E1,4.192995E0
3.379310E0,3.202302E1,4.258044E0
3.413793E0,3.193745E1,4.229685E0
3.448276E0,3.199339E1,4.194476E0
3.482759E0,3.194318E1,4.204005E0
3.517241E0,3.187218E1,4.198981E0
3.551724E0,3.177214E1,4.164757E0
3.586207E0,3.189077E1,4.124697E0
3.620690E0,3.191174E1,4.053916E0
3.655172E0,3.198772E1,4.160409E0
3.689655E0,3.190960E1,4.198057E0
3.724138E0,3.194516E1,4.239468E0
3.758621E0,3.198835E1,4.354230E0
3.793103E0,3.192388E1,4.378704E0
3.827586E0,3.194612E1,4.501745E0
3.862069E0,3.219556E1,4.534314E0
3.896552E0,3.211775E1,4.556055E0
3.931034E0,3.209160E1,4.653164E0
3.965517E0,3.194181E1,4.610925E0
4.000000E0,3.182986E1,4.596693E0
4.034483E0,3.175449E1,4.571038E0
4.068966E0,3.174228E1,4.463614E0
4.103448E0,3.183487E1,4.381285E0
4.137931E0,3.167845E1,4.357408E0
4.172414E0,3.166597E1,4.237413E0
4.206897E0,3.173201E1,4.275647E0
4.241379E0,3.165783E1,4.214357E0
4.275862E0,3.165561E1,4.177459E0
4.310345E0,3.144731E1,4.227523E0
4.344828E0,3.132553E1,4.288959E0
4.379310E0,3.118680E1,4.226418E0
4.413793E0,3.131106E1,4.334179E0
4.448276E0,3.139195E1,4.430565E0
4.482759E0,3.138988E1,4.469715E0
4.517241E0,3.132017E1,4.419190E0
4.551724E0,3.128073E1,4.206685E0
4.586207E0,3.140231E1,4.116407E0
4.620690E0,3.138877E1,4.128293E0
4.655172E0,3.135227E1,4.220715E0
4.689655E0,3.138792E1,4.055842E0
4.724138E0,3.147109E1,3.954734E0
4.758621E0,3.153556E1,4.048864E0
4.793103E0,3.157123E1,4.008739E0
4.827586E0,3.162614E1,4.066866E0
4.862069E0,3.165727E1,4.271071E0
4.896552E0,3.161084E1,4.259292E0
4.931034E0,3.147317E1,4.141580E0
4.965517E0,3.142429E1,4.283909E0
5.000000E0,3.144169E1,4.218582E0
5.034483E0,3.142400E1,4.079125E0
5.068966E0,3.146220E1,4.256475E0
5.103448E0,3.153285E1,4.236770E0
5.137931E0,3.147041E1,4.183842E0
5.172414E0,3.146960E1,4.218980E0
5.206897E0,3.143789E1,4.321838E0
5.241379E0,3.134590E1,4.079019E0
5.275862E0,3.140395E1,4.194653E0
5.310345E0,3.145045E1,4.345765E0
5.344828E0,3.142461E1,4.327127E0
5.379310E0,3.138114E1,4.366980E0
5.413793E0,3.139445E1,4.355842E0
5.448276E0,3.135535E1,4.357399E0
5.482759E0,3.134571E1,4.429689E0
5.517241E0,3.152984E1,4.416270E0
5.551724E0,3.137909E1,4.190500E0
5.586207E0,3.126476E1,4.183411E0
5.620690E0,3.128943E1,4.248186E0
5.655172E0,3.114393E1,4.067070E0
5.689655E0,3.115649E1,4.200040E0
5.724138E0,3.110973E1,4.147989E0
5.758621E0,3.106912E1,4.104629E0
5.793103E0,3.103905E1,4.143441E0
5.827586E0,3.105273E1,4.233565E0
5.862069E0,3.099999E1,4.190921E0
5.896552E0,3.104879E1,4.353954E0
5.931034E0,3.121894E1,4.531529E0
5.965517E0,3.114489E1,4.232065E0
6.000000E0,3.119993E1,4.235993E0
6.034483E0,3.128560E1,4.428666E0
6.068966E0,3.108074E1,4.251766E0
6.103448E0,3.114732E1,4.244815E0
6.137931E0,3.121592E1,4.255805E0
6.172414E0,3.121677E1,4.147883E0
6.206897E0,3.108184E1,4.187680E0
6.241379E0,3.123512E1,4.360271E0
6.275862E0,3.123804E1,4.310282E0
6.310345E0,3.116761E1,4.162914E0
6.344828E0,3.122507E1,4.302009E0
6.379310E0,3.121749E1,4.247290E0
6.413793E0,3.091761E1,4.034466E0
6.448276E0,3.091279E1,4.102398E0
6.482759E0,3.113002E1,4.192806E0
6.517241E0,3.108371E1,4.187344E0
6.551724E0,3.122939E1,4.280510E0
6.586207E0,3.124986E1,4.342784E0
6.620690E0,3.120319E1,4.281901E0
6.655172E0,3.130268E1,4.302628E0
6.689655E0,3.121967E1,4.278942E0
6.724138E0,3.116371E1,4.228164E0
6.758621E0,3.099944E1,3.979253E0
6.793103E0,3.115236E1,4.034133E0
6.827586E0,3.119769E1,3.995791E0
6.862069E0,3.119601E1,3.895600E0
6.896552E0,3.131554E1,3.897803E0
6.931034E0,3.149784E1,3.933754E0
6.965517E0,3.153880E1,3.840690E0
7.000000E0,3.143438E1,3.803809E0
7.034483E0,3.150503E1,3.805336E0
7.068966E0,3.153429E1,3.750246E0
7.103448E0,3.150816E1,3.819404E0
7.137931E0,3.154900E1,3.823729E0
7.172414E0,3.158533E1,3.972340E0
7.206897E0,3.159223E1,3.952172E0
7.241379E0,3.163832E1,3.817103E0
7.275862E0,3.166309E1,3.846234E0
7.310345E0,3.170685E1,3.856945E0
7.344828E0,3.160505E1,3.837811E0
7.379310E0,3.160015E1,3.827144E0
7.413793E0,3.163842E1,3.901654E0
7.448276E0,3.160478E1,3.912442E0
7.482759E0,3.146166E1,3.931308E0
7.517241E0,3.162287E1,3.967808E0
7.551724E0,3.167247E1,3.981536E0
7.586207E0,3.158100E1,4.028318E0
7.620690E0,3.155189E1,3.878055E0
7.655172E0,3.158336E1,3.740189E0
7.689655E0,3.145562E1,3.663052E0
7.724138E0,3.134471E1,3.720439E0
7.758621E0,3.134418E1,3.685168E0
7.793103E0,3.146176E1,3.637242E0
7.827586E0,3.148831E1,3.579788E0
7.862069E0,3.150360E1,3.627681E0
7.896552E0,3.162080E1,3.740554E0
7.931034E0,3.146428E1,3.740842E0
7.965517E0,3.146809E1,3.618774E0
8.000000E0,3.160761E1,3.784500E0
8.034483E0,3.160060E1,3.741740E0
8.068966E0,3.158941E1,3.521847E0
8.103448E0,3.160699E1,3.632036E0
8.137931E0,3.178319E1,3.741071E0
8.172414E0,3.180769E1,3.596897E0
8.206897E0,3.170069E1,3.595448E0
8.241379E0,3.165474E1,3.648939E0
