#multi:
,mass A,,mass B,,mass C,,
t,x,y,x,y,x,y,
0.000000E0,7.691828E0,-1.149683E1,-1.120141E1,-1.334892E1,-2.415304E1,2.195583E1
3.448276E-2,7.812285E0,-1.138551E1,-1.129209E1,-1.326518E1,-2.413700E1,2.202586E1
6.896552E-2,7.826118E0,-1.130481E1,-1.130258E1,-1.334633E1,-2.410799E1,2.204549E1
1.034483E-1,7.783121E0,-1.141341E1,-1.121167E1,-1.344819E1,-2.399806E1,2.196332E1
1.379310E-1,7.677646E0,-1.142160E1,-1.122136E1,-1.341445E1,-2.403937E1,2.198350E1
1.724138E-1,7.728312E0,-1.138361E1,-1.119820E1,-1.337586E1,-2.405856E1,2.203374E1
2.068966E-1,7.631754E0,-1.140979E1,-1.118290E1,-1.341686E1,-2.410056E1,2.192459E1
2.413793E-1,7.669084E0,-1.147784E1,-1.113419E1,-1.343252E1,-2.409262E1,2.197817E1
2.758621E-1,7.653753E0,-1.150696E1,-1.115590E1,-1.350601E1,-2.416283E1,2.200780E1
3.103448E-1,7.647642E0,-1.158518E1,-1.107301E1,-1.351408E1,-2.417746E1,2.195338E1
3.448276E-1,7.616380E0,-1.159118E1,-1.109254E1,-1.356364E1,-2.423823E1,2.201941E1
3.793103E-1,7.598753E0,-1.159624E1,-1.109135E1,-1.349149E1,-2.424682E1,2.199624E1
4.137931E-1,7.637923E0,-1.160121E1,-1.115621E1,-1.351871E1,-2.422499E1,2.212085E1
4.482759E-1,7.616832E0,-1.162139E1,-1.114633E1,-1.351297E1,-2.426729E1,2.211266E1
4.827586E-1,7.697901E0,-1.161459E1,-1.107936E1,-1.349326E1,-2.424753E1,2.216383E1
5.172414E-1,7.680642E0,-1.162423E1,-1.107124E1,-1.348743E1,-2.416833E1,2.219404E1
5.517241E-1,7.539075E0,-1.170916E1,-1.116646E1,-1.360176E1,-2.422976E1,2.209870E1
5.862069E-1,7.560802E0,-1.169896E1,-1.122759E1,-1.367064E1,-2.418170E1,2.202463E1
6.206897E-1,7.626502E0,-1.169491E1,-1.117137E1,-1.362797E1,-2.419904E1,2.210262E1
6.551724E-1,7.550709E0,-1.172805E1,-1.116906E1,-1.363175E1,-2.414031E1,2.203365E1
6.896552E-1,7.552542E0,-1.176932E1,-1.119884E1,-1.359811E1,-2.411864E1,2.206872E1
7.241379E-1,7.559901E0,-1.183495E1,-1.126667E1,-1.350000E1,-2.408168E1,2.211216E1
7.586207E-1,7.572693E0,-1.176666E1,-1.121861E1,-1.347246E1,-2.404729E1,2.213160E1
7.931034E-1,7.500709E0,-1.175066E1,-1.124930E1,-1.348601E1,-2.418906E1,2.213425E1
8.275862E-1,7.512758E0,-1.170342E1,-1.129182E1,-1.343804E1,-2.432259E1,2.216925E1
8.620690E-1,7.380090E0,-1.170711E1,-1.135945E1,-1.346918E1,-2.437056E1,2.230073E1
8.965517E-1,7.339498E0,-1.176213E1,-1.143827E1,-1.350822E1,-2.426208E1,2.218869E1
9.310345E-1,7.379223E0,-1.173776E1,-1.137061E1,-1.341076E1,-2.413323E1,2.221323E1
9.655172E-1,7.373761E0,-1.164611E1,-1.137088E1,-1.344759E1,-2.420640E1,2.229189E1
1.000000E0,7.333643E0,-1.162291E1,-1.134579E1,-1.330069E1,-2.418364E1,2.228719E1
1.034483E0,7.383954E0,-1.162822E1,-1.133689E1,-1.335351E1,-2.412594E1,2.233455E1
1.068966E0,7.393737E0,-1.169281E1,-1.145234E1,-1.327920E1,-2.414435E1,2.233056E1
1.103448E0,7.450256E0,-1.168273E1,-1.149667E1,-1.331172E1,-2.402461E1,2.233329E1
1.137931E0,7.421176E0,-1.176717E1,-1.147034E1,-1.324740E1,-2.397315E1,2.229611E1
1.172414E0,7.479723E0,-1.177729E1,-1.154543E1,-1.327599E1,-2.389086E1,2.224851E1
1.206897E0,7.417090E0,-1.185927E1,-1.154461E1,-1.329821E1,-2.388670E1,2.214432E1
1.241379E0,7.483832E0,-1.181684E1,-1.152687E1,-1.317977E1,-2.382839E1,2.218271E1
1.275862E0,7.448672E0,-1.189385E1,-1.164131E1,-1.321864E1,-2.379156E1,2.216364E1
1.310345E0,7.393028E0,-1.181507E1,-1.158380E1,-1.319074E1,-2.375611E1,2.215696E1
1.344828E0,7.415785E0,-1.174756E1,-1.164795E1,-1.312258E1,-2.373239E1,2.213134E1
1.379310E0,7.283365E0,-1.182695E1,-1.163845E1,-1.316697E1,-2.371789E1,2.215076E1
1.413793E0,7.227430E0,-1.186237E1,-1.167221E1,-1.315383E1,-2.375266E1,2.217780E1
1.448276E0,7.216112E0,-1.187162E1,-1.167971E1,-1.305205E1,-2.369449E1,2.217081E1
1.482759E0,7.213125E0,-1.195654E1,-1.172328E1,-1.304433E1,-2.379813E1,2.227450E1
1.517241E0,7.172477E0,-1.200829E1,-1.174252E1,-1.305071E1,-2.378220E1,2.221894E1
1.551724E0,7.156127E0,-1.199159E1,-1.170257E1,-1.305410E1,-2.387217E1,2.224258E1
1.586207E0,7.143081E0,-1.195599E1,-1.179127E1,-1.303018E1,-2.395660E1,2.223473E1
1.620690E0,7.043555E0,-1.201497E1,-1.174961E1,-1.308137E1,-2.385452E1,2.215942E1
1.655172E0,7.025322E0,-1.197964E1,-1.172217E1,-1.316487E1,-2.390100E1,2.222380E1
1.689655E0,6.991418E0,-1.190241E1,-1.174161E1,-1.302377E1,-2.384365E1,2.219912E1
1.724138E0,6.977001E0,-1.189006E1,-1.172848E1,-1.288838E1,-2.385052E1,2.213888E1
1.758621E0,7.025680E0,-1.189761E1,-1.174102E1,-1.295490E1,-2.389854E1,2.211823E1
1.793103E0,7.042723E0,-1.188747E1,-1.167149E1,-1.295079E1,-2.394056E1,2.211550E1
1.827586E0,7.141945E0,-1.190505E1,-1.161997E1,-1.296048E1,-2.398920E1,2.215566E1
1.862069E0,7.207042E0,-1.194191E1,-1.163215E1,-1.291591E1,-2.399647E1,2.210830E1
1.896552E0,7.189322E0,-1.189811E1,-1.150730E1,-1.298801E1,-2.403606E1,2.212696E1
1.931034E0,7.195598E0,-1.188658E1,-1.142295E1,-1.302552E1,-2.405852E1,2.222738E1
1.965517E0,7.287848E0,-1.181763E1,-1.141193E1,-1.304815E1,-2.408262E1,2.224134E1
2.000000E0,7.279166E0,-1.179606E1,-1.138536E1,-1.303925E1,-2.402515E1,2.224494E1
2.034483E0,7.215040E0,-1.178203E1,-1.145682E1,-1.296403E1,-2.403165E1,2.225893E1
2.068966E0,7.267487E0,-1.184261E1,-1.143836E1,-1.298770E1,-2.395320E1,2.213158E1
2.103448E0,7.280407E0,-1.178899E1,-1.144116E1,-1.292995E1,-2.395812E1,2.216252E1
2.137931E0,7.228136E0,-1.185142E1,-1.140757E1,-1.314276E1,,
2.172414E0,7.201889E0,-1.187094E1,-1.138839E1,-1.321303E1,-2.391492E1,2.202077E1
2.206897E0,7.264002E0,-1.184954E1,-1.139475E1,-1.321111E1,-2.383236E1,2.202520E1
2.241379E0,7.276753E0,-1.188827E1,-1.142477E1,-1.322370E1,-2.405794E1,2.213474E1
2.275862E0,7.308877E0,-1.192352E1,-1.148298E1,-1.322418E1,-2.377833E1,2.201444E1
2.310345E0,7.274035E0,-1.188809E1,-1.159286E1,-1.308747E1,-2.389010E1,2.215602E1
2.344828E0,7.329779E0,-1.187191E1,-1.154469E1,-1.308468E1,-2.379772E1,2.213844E1
2.379310E0,7.286137E0,-1.189073E1,-1.143617E1,-1.323550E1,-2.396013E1,2.213712E1
2.413793E0,7.247931E0,-1.181376E1,-1.142208E1,-1.322353E1,-2.394113E1,2.213436E1
2.448276E0,7.215547E0,-1.178718E1,-1.139109E1,-1.322152E1,-2.401547E1,2.213679E1
2.482759E0,7.292260E0,-1.183345E1,-1.138931E1,-1.309354E1,-2.377688E1,2.201217E1
2.517241E0,7.262433E0,-1.182743E1,-1.151133E1,-1.307821E1,-2.387362E1,2.200192E1
2.551724E0,7.238161E0,-1.183491E1,-1.136856E1,-1.330010E1,-2.381094E1,2.199533E1
2.586207E0,7.131006E0,-1.185883E1,-1.143547E1,-1.330475E1,-2.401650E1,2.213505E1
2.620690E0,7.195495E0,-1.179973E1,-1.135254E1,-1.329435E1,-2.391068E1,2.215130E1
2.655172E0,7.190090E0,-1.183097E1,-1.122263E1,-1.329706E1,-2.386800E1,2.214190E1
2.689655E0,7.239068E0,-1.176442E1,-1.116664E1,-1.328526E1,-2.388046E1,2.199318E1
2.724138E0,7.282566E0,-1.179452E1,-1.125715E1,-1.314603E1,-2.393261E1,2.200045E1
2.758621E0,7.310479E0,-1.176226E1,-1.116424E1,-1.313965E1,-2.386895E1,2.186643E1
2.793103E0,7.295139E0,-1.172235E1,-1.116136E1,-1.310331E1,-2.400121E1,2.186643E1
2.827586E0,7.316337E0,-1.171931E1,-1.118142E1,-1.301273E1,-2.411234E1,2.200621E1
2.862069E0,7.218595E0,-1.179980E1,-1.114333E1,-1.302037E1,-2.398606E1,2.187298E1
2.896552E0,7.221673E0,-1.177122E1,-1.108239E1,-1.300418E1,-2.414964E1,2.199532E1
2.931034E0,7.253793E0,-1.179593E1,-1.117603E1,-1.298781E1,-2.414856E1,2.213833E1
2.965517E0,7.278951E0,-1.184257E1,-1.127350E1,-1.302292E1,-2.411428E1,2.214910E1
3.000000E0,7.322381E0,-1.191409E1,-1.127513E1,-1.302049E1,-2.410566E1,2.214804E1
3.034483E0,7.371491E0,-1.189254E1,-1.143055E1,-1.288974E1,-2.411481E1,2.214827E1
3.068966E0,7.333310E0,-1.185867E1,-1.123429E1,-1.302173E1,-2.420103E1,2.213129E1
3.103448E0,7.372684E0,-1.191388E1,-1.115635E1,-1.301795E1,-2.412717E1,2.214372E1
3.137931E0,7.269889E0,-1.187390E1,-1.115726E1,-1.302570E1,-2.422792E1,2.227965E1
3.172414E0,7.206500E0,-1.184519E1,-1.106308E1,-1.299439E1,-2.426899E1,2.227507E1
3.206897E0,7.131153E0,-1.188508E1,-1.115300E1,-1.288572E1,-2.421644E1,2.227400E1
3.241379E0,7.076650E0,-1.180465E1,-1.123244E1,-1.275886E1,-2.411816E1,2.228613E1
3.275862E0,7.076785E0,-1.171821E1,-1.114391E1,-1.273902E1,-2.407297E1,2.213750E1
3.310345E0,7.095261E0,-1.165806E1,-1.104198E1,-1.272981E1,-2.416774E1,2.227628E1
3.344828E0,7.018781E0,-1.167307E1,-1.099192E1,-1.272392E1,-2.407545E1,2.213876E1
3.379310E0,6.963297E0,-1.164816E1,-1.118235E1,-1.260634E1,-2.415031E1,2.227262E1
3.413793E0,6.940615E0,-1.165301E1,-1.109936E1,-1.260184E1,-2.396046E1,2.215418E1
3.448276E0,6.977304E0,-1.160229E1,-1.110976E1,-1.273302E1,-2.404688E1,2.214544E1
3.482759E0,7.015589E0,-1.156716E1,-1.101688E1,-1.287093E1,-2.394568E1,2.214276E1
3.517241E0,6.948372E0,-1.153786E1,-1.102951E1,-1.288023E1,-2.399160E1,2.213985E1
3.551724E0,6.924786E0,-1.151173E1,-1.108055E1,-1.287565E1,-2.385270E1,2.215094E1
3.586207E0,6.994114E0,-1.153612E1,-1.111286E1,-1.287431E1,-2.396302E1,2.215156E1
3.620690E0,7.078353E0,-1.156872E1,-1.116695E1,-1.289079E1,-2.401779E1,2.212809E1
3.655172E0,7.079840E0,-1.155085E1,-1.110645E1,-1.299459E1,-2.395765E1,2.214955E1
3.689655E0,7.116283E0,-1.154274E1,-1.104940E1,-1.299107E1,-2.376038E1,2.216979E1
3.724138E0,7.101549E0,-1.152440E1,-1.113561E1,-1.301953E1,-2.382226E1,2.216340E1
3.758621E0,7.084033E0,-1.155055E1,-1.121629E1,-1.301789E1,-2.383157E1,2.217145E1
3.793103E0,7.093728E0,-1.153324E1,-1.111524E1,-1.300551E1,-2.384200E1,2.215355E1
3.827586E0,7.081205E0,-1.142503E1,-1.107964E1,-1.299963E1,-2.370359E1,2.203427E1
3.862069E0,7.140499E0,-1.145654E1,-1.106881E1,-1.300731E1,-2.388191E1,2.215012E1
3.896552E0,7.180644E0,-1.150334E1,-1.125104E1,-1.301947E1,-2.398918E1,2.213517E1
3.931034E0,7.121672E0,-1.141284E1,-1.111328E1,-1.300200E1,-2.398774E1,2.214360E1
3.965517E0,7.097644E0,-1.134584E1,-1.129096E1,-1.301930E1,-2.393166E1,2.216068E1
4.000000E0,7.119946E0,-1.138251E1,-1.136317E1,-1.289249E1,-2.390309E1,2.217618E1
4.034483E0,7.107612E0,-1.138981E1,-1.114162E1,-1.300096E1,-2.401230E1,2.214428E1
4.068966E0,7.038466E0,-1.141407E1,-1.124370E1,-1.306699E1,-2.401701E1,2.213365E1
4.103448E0,7.019892E0,-1.141248E1,-1.115885E1,-1.307829E1,-2.397890E1,2.228509E1
4.137931E0,7.076738E0,-1.142967E1,-1.112329E1,-1.305984E1,-2.380252E1,2.227797E1
4.172414E0,7.127274E0,-1.152332E1,-1.110445E1,-1.319667E1,-2.371616E1,2.230351E1
4.206897E0,7.130035E0,-1.154300E1,-1.124020E1,-1.320268E1,-2.371673E1,2.228363E1
4.241379E0,7.144527E0,-1.153537E1,-1.123798E1,-1.305561E1,-2.384207E1,2.228207E1
4.275862E0,7.195903E0,-1.152452E1,-1.134325E1,-1.314713E1,-2.387469E1,2.227288E1
4.310345E0,7.192527E0,-1.149051E1,-1.130999E1,-1.326704E1,-2.394558E1,2.227259E1
4.344828E0,7.128902E0,-1.144530E1,-1.130957E1,-1.313051E1,-2.394232E1,2.227377E1
4.379310E0,7.221259E0,-1.153813E1,-1.131606E1,-1.313242E1,-2.391218E1,2.228225E1
4.413793E0,7.126418E0,-1.153296E1,-1.132741E1,-1.313927E1,-2.390163E1,2.228150E1
4.448276E0,7.072946E0,-1.147084E1,-1.127436E1,-1.321261E1,-2.394681E1,2.226952E1
4.482759E0,7.150374E0,-1.144392E1,-1.135571E1,-1.322626E1,-2.385418E1,2.215049E1
4.517241E0,7.211263E0,-1.156151E1,-1.143677E1,-1.328422E1,-2.386941E1,2.201364E1
4.551724E0,7.192620E0,-1.170671E1,-1.141340E1,-1.321332E1,-2.403671E1,2.214175E1
4.586207E0,7.058932E0,-1.171615E1,-1.139767E1,-1.315000E1,-2.388156E1,2.216001E1
4.620690E0,7.091098E0,-1.175803E1,-1.135837E1,-1.314488E1,-2.365505E1,2.215910E1
4.655172E0,7.060507E0,-1.188017E1,-1.134483E1,-1.307847E1,-2.386617E1,2.227193E1
4.689655E0,7.026913E0,-1.175559E1,-1.136074E1,-1.308913E1,-2.372629E1,2.228269E1
4.724138E0,7.005882E0,-1.181796E1,-1.118970E1,-1.312982E1,-2.366728E1,2.228940E1
4.758621E0,7.068947E0,-1.193841E1,-1.112168E1,-1.320088E1,-2.372349E1,2.230221E1
4.793103E0,7.078240E0,-1.189573E1,-1.109240E1,-1.320589E1,-2.376662E1,2.243051E1
4.827586E0,7.030112E0,-1.194352E1,-1.111822E1,-1.327699E1,-2.381611E1,2.243746E1
4.862069E0,7.045215E0,-1.195924E1,-1.109126E1,-1.327511E1,-2.383501E1,2.236123E1
4.896552E0,7.036060E0,-1.195437E1,-1.114664E1,-1.322413E1,-2.393194E1,2.248529E1
4.931034E0,7.060578E0,-1.190236E1,-1.118685E1,-1.314560E1,-2.403572E1,2.249719E1
4.965517E0,7.169363E0,-1.204143E1,-1.112041E1,-1.319688E1,-2.396228E1,2.244600E1
5.000000E0,7.237951E0,-1.204718E1,-1.109935E1,-1.312520E1,-2.397204E1,2.255865E1
5.034483E0,7.301958E0,-1.212933E1,-1.107723E1,-1.315753E1,-2.383300E1,2.237537E1
5.068966E0,7.246519E0,-1.219142E1,-1.100392E1,-1.322122E1,-2.382458E1,2.225170E1
5.103448E0,7.191736E0,-1.219208E1,-1.105338E1,-1.327552E1,-2.376205E1,2.231343E1
5.137931E0,7.215859E0,-1.214141E1,-1.096290E1,-1.325563E1,-2.377299E1,2.242332E1
5.172414E0,7.210951E0,-1.209356E1,-1.109226E1,-1.329544E1,-2.375158E1,2.243924E1
5.206897E0,7.257974E0,-1.202146E1,-1.091484E1,-1.325953E1,-2.375623E1,2.250600E1
5.241379E0,7.235823E0,-1.193910E1,-1.085410E1,-1.326056E1,-2.382716E1,2.235897E1
5.275862E0,7.245300E0,-1.192783E1,-1.092981E1,-1.321209E1,-2.382596E1,2.229735E1
5.310345E0,7.217302E0,-1.185375E1,-1.087627E1,-1.307785E1,-2.376643E1,2.229712E1
5.344828E0,7.292824E0,-1.177463E1,-1.083685E1,-1.312629E1,-2.379664E1,2.221538E1
5.379310E0,7.242246E0,-1.182202E1,-1.079094E1,-1.319851E1,-2.380674E1,2.229241E1
5.413793E0,7.207177E0,-1.180969E1,-1.074746E1,-1.314848E1,-2.376697E1,2.230969E1
5.448276E0,7.172055E0,-1.179293E1,-1.076785E1,-1.313306E1,-2.380743E1,2.216879E1
5.482759E0,7.149360E0,-1.167161E1,-1.079488E1,-1.314536E1,-2.374084E1,2.217296E1
5.517241E0,7.130624E0,-1.167599E1,-1.089801E1,-1.299910E1,-2.363479E1,2.224423E1
5.551724E0,7.093909E0,-1.179116E1,-1.085428E1,-1.300646E1,-2.368477E1,2.229556E1
5.586207E0,7.173784E0,-1.175564E1,-1.071266E1,-1.299554E1,-2.363853E1,2.230969E1
5.620690E0,7.155331E0,-1.177550E1,-1.079521E1,-1.295019E1,-2.369123E1,2.249966E1
5.655172E0,7.171320E0,-1.173115E1,-1.075938E1,-1.298415E1,-2.381444E1,2.250939E1
5.689655E0,7.215690E0,-1.166345E1,-1.066880E1,-1.300312E1,-2.378663E1,2.243130E1
5.724138E0,7.277543E0,-1.161923E1,-1.058569E1,-1.299428E1,-2.361445E1,2.251706E1
5.758621E0,7.247059E0,-1.156994E1,-1.075993E1,-1.285934E1,-2.363701E1,2.243292E1
5.793103E0,7.264586E0,-1.153774E1,-1.070369E1,-1.292067E1,-2.356422E1,2.250239E1
5.827586E0,7.247701E0,-1.155449E1,-1.076910E1,-1.285185E1,-2.358519E1,2.249483E1
5.862069E0,7.346075E0,-1.169049E1,-1.077789E1,-1.284915E1,-2.357584E1,2.250234E1
5.896552E0,7.408128E0,-1.164584E1,-1.071527E1,-1.278526E1,-2.358088E1,2.255565E1
5.931034E0,7.424924E0,-1.166162E1,-1.069594E1,-1.285482E1,-2.360904E1,2.258385E1
5.965517E0,7.364480E0,-1.161055E1,-1.060471E1,-1.299954E1,-2.357544E1,2.264608E1
6.000000E0,7.303490E0,-1.149567E1,-1.051973E1,-1.292566E1,-2.349321E1,2.265129E1
6.034483E0,7.248923E0,-1.151332E1,-1.051974E1,-1.293905E1,-2.343916E1,2.257286E1
6.068966E0,7.223198E0,-1.159558E1,-1.057066E1,-1.294183E1,-2.343102E1,2.250887E1
6.103448E0,7.241040E0,-1.152002E1,-1.049540E1,-1.292412E1,-2.347084E1,2.258129E1
6.137931E0,7.287657E0,-1.148119E1,-1.037795E1,-1.292953E1,-2.350594E1,2.257586E1
6.172414E0,7.358829E0,-1.144535E1,-1.048366E1,-1.285418E1,-2.358844E1,2.262790E1
6.206897E0,7.308325E0,-1.138068E1,-1.041937E1,-1.278478E1,-2.359337E1,2.269218E1
6.241379E0,7.354924E0,-1.131311E1,-1.030512E1,-1.280139E1,-2.353335E1,2.270072E1
6.275862E0,7.339245E0,-1.141287E1,-1.028456E1,-1.285569E1,-2.333648E1,2.272626E1
6.310345E0,7.457701E0,-1.141595E1,-1.042153E1,-1.285104E1,-2.340142E1,2.278988E1
6.344828E0,7.464654E0,-1.140659E1,-1.055592E1,-1.272390E1,-2.334038E1,2.272281E1
6.379310E0,7.461752E0,-1.148181E1,-1.056709E1,-1.285088E1,-2.345317E1,2.263583E1
6.413793E0,7.315054E0,-1.146302E1,-1.052524E1,-1.279690E1,-2.348663E1,2.258229E1
6.448276E0,7.375363E0,-1.137350E1,-1.051820E1,-1.273994E1,-2.359923E1,2.262193E1
6.482759E0,7.408836E0,-1.133261E1,-1.056061E1,-1.278596E1,-2.352523E1,2.270633E1
6.517241E0,7.483387E0,-1.128461E1,-1.043529E1,-1.279393E1,-2.341284E1,2.264874E1
6.551724E0,7.528243E0,-1.131262E1,-1.049341E1,-1.258126E1,-2.344730E1,2.269323E1
6.586207E0,7.442202E0,-1.129010E1,-1.039930E1,-1.272558E1,-2.354888E1,2.271504E1
6.620690E0,7.431410E0,-1.140415E1,-1.033195E1,-1.286678E1,-2.353749E1,2.258850E1
6.655172E0,7.372958E0,-1.133827E1,-1.030063E1,-1.264679E1,-2.360193E1,2.262609E1
6.689655E0,7.363564E0,-1.150186E1,-1.033833E1,-1.272973E1,-2.355514E1,2.265358E1
6.724138E0,7.380437E0,-1.159653E1,-1.029862E1,-1.279197E1,-2.355518E1,2.257479E1
6.758621E0,7.315744E0,-1.158642E1,-1.037532E1,-1.279233E1,-2.364543E1,2.256414E1
6.793103E0,7.259441E0,-1.167876E1,-1.042541E1,-1.286151E1,-2.353185E1,2.249873E1
6.827586E0,7.306421E0,-1.173473E1,-1.044949E1,-1.293692E1,-2.359149E1,2.248416E1
6.862069E0,7.349296E0,-1.177576E1,-1.048640E1,-1.292643E1,-2.356835E1,2.256634E1
6.896552E0,7.395016E0,-1.178204E1,-1.042922E1,-1.292392E1,-2.348869E1,2.258125E1
6.931034E0,7.377664E0,-1.194411E1,-1.042156E1,-1.306176E1,-2.345876E1,2.263266E1
6.965517E0,7.419863E0,-1.184116E1,-1.054958E1,-1.306015E1,-2.341443E1,2.270950E1
7.000000E0,7.466217E0,-1.184024E1,-1.055066E1,-1.305514E1,-2.329354E1,2.278032E1
7.034483E0,7.411254E0,-1.181585E1,-1.045110E1,-1.314237E1,-2.330745E1,2.276233E1
7.068966E0,7.399130E0,-1.179826E1,-1.047389E1,-1.314161E1,-2.333152E1,2.279459E1
7.103448E0,7.347770E0,-1.174166E1,-1.054168E1,-1.313936E1,-2.334380E1,2.279303E1
7.137931E0,7.384943E0,-1.182004E1,-1.056190E1,-1.313235E1,-2.342138E1,2.277062E1
7.172414E0,7.359693E0,-1.191934E1,-1.050570E1,-1.312044E1,-2.345043E1,2.276495E1
7.206897E0,7.380098E0,-1.205683E1,-1.053559E1,-1.306897E1,-2.335592E1,2.278698E1
7.241379E0,7.380354E0,-1.205558E1,-1.048339E1,-1.298417E1,-2.332951E1,2.278307E1
7.275862E0,7.365058E0,-1.210922E1,-1.038147E1,-1.298624E1,-2.347054E1,2.291861E1
7.310345E0,7.435343E0,-1.210743E1,-1.033868E1,-1.299431E1,-2.347822E1,2.292421E1
7.344828E0,7.421838E0,-1.209395E1,-1.043169E1,-1.300883E1,-2.359916E1,2.289897E1
7.379310E0,7.464249E0,-1.208934E1,-1.046265E1,-1.301300E1,-2.363820E1,2.290364E1
7.413793E0,7.456214E0,-1.205685E1,-1.044069E1,-1.299777E1,-2.361712E1,2.286345E1
7.448276E0,7.492860E0,-1.203435E1,-1.053493E1,-1.288026E1,-2.374324E1,2.285983E1
7.482759E0,7.421471E0,-1.202320E1,-1.059805E1,-1.274235E1,-2.374349E1,2.293203E1
7.517241E0,7.395975E0,-1.203985E1,-1.058571E1,-1.274056E1,-2.376741E1,2.284920E1
7.551724E0,7.422049E0,-1.202697E1,-1.050911E1,-1.273818E1,-2.380492E1,2.282627E1
7.586207E0,7.418425E0,-1.213158E1,-1.052823E1,-1.274145E1,-2.382325E1,2.278464E1
7.620690E0,7.408117E0,-1.210562E1,-1.041700E1,-1.278135E1,-2.375070E1,2.279119E1
7.655172E0,7.308744E0,-1.217123E1,-1.040341E1,-1.273266E1,-2.368207E1,2.265710E1
7.689655E0,7.258061E0,-1.217702E1,-1.047066E1,-1.266878E1,-2.362770E1,2.258412E1
7.724138E0,7.276425E0,-1.215958E1,-1.055623E1,-1.264917E1,-2.364328E1,2.262999E1
7.758621E0,7.218494E0,-1.215586E1,-1.069089E1,-1.265263E1,-2.365149E1,2.257293E1
7.793103E0,7.248865E0,-1.214125E1,-1.065489E1,-1.266203E1,-2.374903E1,2.264925E1
7.827586E0,7.243110E0,-1.216244E1,-1.069258E1,-1.265188E1,-2.370407E1,2.257975E1
7.862069E0,7.268344E0,-1.214328E1,-1.067916E1,-1.273840E1,-2.374657E1,2.258934E1
7.896552E0,7.294814E0,-1.217846E1,-1.069767E1,-1.279217E1,-2.390413E1,2.257612E1
7.931034E0,7.295685E0,-1.219776E1,-1.063070E1,-1.284898E1,-2.388647E1,2.251364E1
7.965517E0,7.332592E0,-1.221822E1,-1.057179E1,-1.285324E1,-2.400081E1,2.242149E1
8.000000E0,7.467531E0,-1.214263E1,-1.069693E1,-1.272157E1,-2.396474E1,2.237243E1
8.034483E0,7.439045E0,-1.223557E1,-1.063273E1,-1.272065E1,-2.385343E1,2.237337E1
8.068966E0,7.403597E0,-1.227103E1,-1.067721E1,-1.273613E1,-2.397831E1,2.243544E1
8.103448E0,7.451247E0,-1.222862E1,-1.060633E1,-1.280209E1,-2.398247E1,2.237339E1
8.137931E0,7.398570E0,-1.226712E1,-1.055864E1,-1.278584E1,-2.411936E1,2.235987E1
8.172414E0,7.441096E0,-1.229769E1,-1.056151E1,-1.279338E1,-2.407768E1,2.235923E1
8.206897E0,7.480717E0,-1.222677E1,-1.052967E1,-1.274152E1,-2.397366E1,2.231109E1
8.241379E0,7.455512E0,-1.218899E1,-1.027369E1,-1.273044E1,-2.393656E1,2.263772E1
