#multi:
,mass A,,mass B,,
t,x,y,x,y,
0.000000E0,2.255877E1,1.190687E1,-3.517561E0,1.863762E1
3.448276E-2,2.254581E1,1.189378E1,-3.568867E0,1.859890E1
6.896552E-2,2.256033E1,1.177634E1,-3.613269E0,1.861630E1
1.034483E-1,2.254470E1,1.178462E1,-3.673834E0,1.859975E1
1.379310E-1,2.259658E1,1.178461E1,-3.657343E0,1.867799E1
1.724138E-1,2.258892E1,1.168196E1,-3.692510E0,1.863096E1
2.068966E-1,2.261514E1,1.178905E1,-3.631236E0,1.870032E1
2.413793E-1,2.258008E1,1.180289E1,-3.651982E0,1.877827E1
2.758621E-1,2.256359E1,1.180413E1,-3.676961E0,1.875670E1
3.103448E-1,2.263786E1,1.190632E1,-3.689594E0,1.874292E1
3.448276E-1,2.273590E1,1.187467E1,-3.724197E0,1.879407E1
3.793103E-1,2.271778E1,1.189600E1,-3.706885E0,1.880544E1
4.137931E-1,2.279637E1,1.183986E1,-3.642235E0,1.877495E1
4.482759E-1,2.278312E1,1.184135E1,-3.610032E0,1.870441E1
4.827586E-1,2.272306E1,1.185237E1,-3.564462E0,1.863833E1
5.172414E-1,2.270732E1,1.176565E1,-3.617620E0,1.867335E1
5.517241E-1,2.272117E1,1.179591E1,-3.675205E0,1.874904E1
5.862069E-1,2.271699E1,1.181401E1,-3.702382E0,1.872119E1
6.206897E-1,2.276876E1,1.174452E1,-3.684907E0,1.871823E1
6.551724E-1,2.274115E1,1.179304E1,-3.688477E0,1.871159E1
6.896552E-1,2.265546E1,1.177851E1,-3.720610E0,1.869333E1
7.241379E-1,2.268290E1,1.182278E1,-3.700125E0,1.865890E1
7.586207E-1,2.275717E1,1.190084E1,-3.696884E0,1.868807E1
7.931034E-1,2.271228E1,1.188760E1,-3.662811E0,1.869055E1
8.275862E-1,2.262967E1,1.191300E1,-3.660506E0,1.863683E1
8.620690E-1,2.257100E1,1.194023E1,-3.674328E0,1.869797E1
8.965517E-1,2.257079E1,1.188385E1,-3.781845E0,1.866298E1
9.310345E-1,2.262663E1,1.188687E1,-3.797491E0,1.865467E1
9.655172E-1,2.259419E1,1.190789E1,-3.845542E0,1.861389E1
1.000000E0,2.260318E1,1.196258E1,-3.816884E0,1.849056E1
1.034483E0,2.271682E1,1.186043E1,-3.847276E0,1.854481E1
1.068966E0,2.276436E1,1.188103E1,-3.820414E0,1.844983E1
1.103448E0,2.280675E1,1.187592E1,-3.840089E0,1.851758E1
1.137931E0,2.277327E1,1.193152E1,-3.758237E0,1.851811E1
1.172414E0,2.278257E1,1.192698E1,-3.827132E0,1.849755E1
1.206897E0,2.274090E1,1.193684E1,-3.853949E0,1.852168E1
1.241379E0,2.275003E1,1.191834E1,-3.820218E0,1.854104E1
1.275862E0,2.276573E1,1.192394E1,-3.840265E0,1.849275E1
1.310345E0,2.276962E1,1.189221E1,-3.798919E0,1.845613E1
1.344828E0,2.281200E1,1.194541E1,-3.940080E0,1.842527E1
1.379310E0,2.275599E1,1.198549E1,-3.954005E0,1.831459E1
1.413793E0,2.271795E1,1.197750E1,-4.022450E0,1.834035E1
1.448276E0,2.266676E1,1.199140E1,-3.937871E0,1.832468E1
1.482759E0,2.269738E1,1.190427E1,-3.903087E0,1.829432E1
1.517241E0,2.269131E1,1.194633E1,-3.886690E0,1.829517E1
1.551724E0,2.266483E1,1.193665E1,-3.940469E0,1.836182E1
1.586207E0,2.267896E1,1.197946E1,-3.862943E0,1.835212E1
1.620690E0,2.260110E1,1.198269E1,-3.830354E0,1.834919E1
1.655172E0,2.257041E1,1.201514E1,-3.792125E0,1.835263E1
1.689655E0,2.255680E1,1.196223E1,-3.737633E0,1.836900E1
1.724138E0,2.250666E1,1.200461E1,-3.667339E0,1.838141E1
1.758621E0,2.245453E1,1.195529E1,-3.664063E0,1.826718E1
1.793103E0,2.238885E1,1.185436E1,-3.601009E0,1.827141E1
1.827586E0,2.249703E1,1.181193E1,-3.671228E0,1.830777E1
1.862069E0,2.254880E1,1.189013E1,-3.699455E0,1.822365E1
1.896552E0,2.256811E1,1.187652E1,-3.696083E0,1.824749E1
1.931034E0,2.256418E1,1.182329E1,-3.680074E0,1.827327E1
1.965517E0,2.266246E1,1.188829E1,-3.679142E0,1.829048E1
2.000000E0,2.262429E1,1.185756E1,-3.701494E0,1.821432E1
2.034483E0,2.268476E1,1.180230E1,-3.657026E0,1.814193E1
2.068966E0,2.261987E1,1.186689E1,-3.648798E0,1.819191E1
2.103448E0,2.259032E1,1.188414E1,-3.712063E0,1.825867E1
2.137931E0,2.262861E1,1.184179E1,-3.742663E0,1.822044E1
2.172414E0,2.253717E1,1.192682E1,-3.751826E0,1.831124E1
2.206897E0,2.261937E1,1.194629E1,-3.779303E0,1.830270E1
2.241379E0,2.265577E1,1.191590E1,-3.818727E0,1.826603E1
2.275862E0,2.266940E1,1.189605E1,-3.906134E0,1.825321E1
2.310345E0,2.269581E1,1.189841E1,-3.859001E0,1.833423E1
2.344828E0,2.262295E1,1.188685E1,-3.853490E0,1.835465E1
2.379310E0,2.264788E1,1.184345E1,-3.803867E0,1.839562E1
2.413793E0,2.269300E1,1.184921E1,-3.763802E0,1.841191E1
2.448276E0,2.269212E1,1.182350E1,-3.800699E0,1.837088E1
2.482759E0,2.268335E1,1.185166E1,-3.788801E0,1.824457E1
2.517241E0,2.271259E1,1.188340E1,-3.805903E0,1.821874E1
2.551724E0,2.282949E1,1.185545E1,-3.784498E0,1.812286E1
2.586207E0,2.280256E1,1.188200E1,-3.744748E0,1.810887E1
2.620690E0,2.286895E1,1.193007E1,-3.757555E0,1.811972E1
2.655172E0,2.289159E1,1.184429E1,-3.776946E0,1.806012E1
2.689655E0,2.285105E1,1.189994E1,-3.805449E0,1.809540E1
2.724138E0,2.288811E1,1.198390E1,-3.789308E0,1.808734E1
2.758621E0,2.283498E1,1.195226E1,-3.778825E0,1.801125E1
2.793103E0,2.287446E1,1.192124E1,-3.825908E0,1.801156E1
2.827586E0,2.287739E1,1.197694E1,-3.812812E0,1.803752E1
2.862069E0,2.281408E1,1.186806E1,-3.820840E0,1.807500E1
2.896552E0,2.287584E1,1.180332E1,-3.767595E0,1.804864E1
2.931034E0,2.289250E1,1.175670E1,-3.715725E0,1.812237E1
2.965517E0,2.280589E1,1.180421E1,-3.736082E0,1.811115E1
3.000000E0,2.279604E1,1.177307E1,-3.741186E0,1.814488E1
3.034483E0,2.278095E1,1.171233E1,-3.759150E0,1.808395E1
3.068966E0,2.272918E1,1.173949E1,-3.878356E0,1.814349E1
3.103448E0,2.271174E1,1.182615E1,-3.799614E0,1.818024E1
3.137931E0,2.274492E1,1.182442E1,-3.761443E0,1.819090E1
3.172414E0,2.263170E1,1.180974E1,-3.807629E0,1.813819E1
3.206897E0,2.269905E1,1.182022E1,-3.775370E0,1.818146E1
3.241379E0,2.268774E1,1.179163E1,-3.799035E0,1.816299E1
3.275862E0,2.267370E1,1.180727E1,-3.741294E0,1.824507E1
3.310345E0,2.277493E1,1.191988E1,-3.644739E0,1.826174E1
3.344828E0,2.281232E1,1.195343E1,-3.681375E0,1.817408E1
3.379310E0,2.286131E1,1.195401E1,-3.659782E0,1.816983E1
3.413793E0,2.284202E1,1.199062E1,-3.750819E0,1.821421E1
3.448276E0,2.285858E1,1.196281E1,-3.879891E0,1.816378E1
3.482759E0,2.284734E1,1.201112E1,-3.888458E0,1.813771E1
3.517241E0,2.283096E1,1.198264E1,-3.860891E0,1.818776E1
3.551724E0,2.283854E1,1.190132E1,-3.869056E0,1.825858E1
3.586207E0,2.283760E1,1.189574E1,-3.775403E0,1.820896E1
3.620690E0,2.280931E1,1.191241E1,-3.753918E0,1.826793E1
3.655172E0,2.284668E1,1.193384E1,-3.712010E0,1.830560E1
3.689655E0,2.279715E1,1.192017E1,-3.688050E0,1.835146E1
3.724138E0,2.278143E1,1.189593E1,-3.685714E0,1.832755E1
3.758621E0,2.289061E1,1.179749E1,-3.679068E0,1.830648E1
3.793103E0,2.284571E1,1.180510E1,-3.774091E0,1.829144E1
3.827586E0,2.281809E1,1.186564E1,-3.795992E0,1.824936E1
3.862069E0,2.282191E1,1.183660E1,-3.678133E0,1.827973E1
3.896552E0,2.275450E1,1.191574E1,-3.643240E0,1.833114E1
3.931034E0,2.274309E1,1.192982E1,-3.715491E0,1.840775E1
3.965517E0,2.264422E1,1.189070E1,-3.708576E0,1.838020E1
4.000000E0,2.271611E1,1.190759E1,-3.621405E0,1.845396E1
4.034483E0,2.267505E1,1.187682E1,-3.645479E0,1.847521E1
4.068966E0,2.273833E1,1.192713E1,-3.684277E0,1.843204E1
4.103448E0,2.280278E1,1.195121E1,-3.729228E0,1.841720E1
4.137931E0,2.286076E1,1.194190E1,-3.680394E0,1.845473E1
4.172414E0,2.287510E1,1.195853E1,-3.768674E0,1.836515E1
4.206897E0,2.278230E1,1.193466E1,-3.783205E0,1.843857E1
4.241379E0,2.274820E1,1.196128E1,-3.804539E0,1.845982E1
4.275862E0,2.278221E1,1.193997E1,-3.827589E0,1.847731E1
4.310345E0,2.278945E1,1.195582E1,-3.827238E0,1.848923E1
4.344828E0,2.277536E1,1.192268E1,-3.765609E0,1.847611E1
4.379310E0,2.272166E1,1.195042E1,-3.782299E0,1.842118E1
4.413793E0,2.282749E1,1.193464E1,-3.784923E0,1.849015E1
4.448276E0,2.272851E1,1.196089E1,-3.754321E0,1.851011E1
4.482759E0,2.275549E1,1.195903E1,-3.752172E0,1.844810E1
4.517241E0,2.279044E1,1.190996E1,-3.803069E0,1.843464E1
4.551724E0,2.268932E1,1.194299E1,-3.892936E0,1.840011E1
4.586207E0,2.271733E1,1.198249E1,-3.827906E0,1.838769E1
4.620690E0,2.264894E1,1.198010E1,-3.794809E0,1.838998E1
4.655172E0,2.258258E1,1.190998E1,-3.796810E0,1.848536E1
4.689655E0,2.260622E1,1.197597E1,-3.905496E0,1.841676E1
4.724138E0,2.270040E1,1.187714E1,-3.943038E0,1.840678E1
4.758621E0,2.275356E1,1.185289E1,-3.899175E0,1.846691E1
4.793103E0,2.274759E1,1.184352E1,-3.961581E0,1.852061E1
4.827586E0,2.273113E1,1.185129E1,-3.945946E0,1.854733E1
4.862069E0,2.267280E1,1.186581E1,-3.934381E0,1.854354E1
4.896552E0,2.270509E1,1.177822E1,-3.905898E0,1.862935E1
4.931034E0,2.269268E1,1.177854E1,-4.005634E0,1.862908E1
4.965517E0,2.279025E1,1.172533E1,-4.016174E0,1.868430E1
5.000000E0,2.274021E1,1.175617E1,-3.980456E0,1.872700E1
5.034483E0,2.283110E1,1.173816E1,-3.986162E0,1.879353E1
5.068966E0,2.273554E1,1.177296E1,-3.905770E0,1.875474E1
5.103448E0,2.274532E1,1.180733E1,-3.937209E0,1.880517E1
5.137931E0,2.271837E1,1.184451E1,-3.967849E0,1.885819E1
5.172414E0,2.268924E1,1.183432E1,-3.949279E0,1.889814E1
5.206897E0,2.273031E1,1.182531E1,-3.926303E0,1.877416E1
5.241379E0,2.267372E1,1.192089E1,-3.904802E0,1.879115E1
5.275862E0,2.271582E1,1.191202E1,-3.860280E0,1.878350E1
5.310345E0,2.269402E1,1.197476E1,-3.899055E0,1.873729E1
5.344828E0,2.269883E1,1.189597E1,-3.950361E0,1.873429E1
5.379310E0,2.276505E1,1.185804E1,-4.006272E0,1.879851E1
5.413793E0,2.280707E1,1.190375E1,-4.052831E0,1.880809E1
5.448276E0,2.279542E1,1.188657E1,-3.994996E0,1.890489E1
5.482759E0,2.271269E1,1.190257E1,-3.980087E0,1.896622E1
5.517241E0,2.274468E1,1.190461E1,-3.915873E0,1.893978E1
5.551724E0,2.265856E1,1.192450E1,-3.892612E0,1.891153E1
5.586207E0,2.276127E1,1.188431E1,-3.858114E0,1.895204E1
5.620690E0,2.269978E1,1.182736E1,-3.840573E0,1.892316E1
5.655172E0,2.275253E1,1.178563E1,-3.786251E0,1.893296E1
5.689655E0,2.275971E1,1.180215E1,-3.852445E0,1.891503E1
5.724138E0,2.265004E1,1.181394E1,-3.896415E0,1.885832E1
5.758621E0,2.265763E1,1.179968E1,-3.834006E0,1.881278E1
5.793103E0,2.267051E1,1.185980E1,-3.891248E0,1.886460E1
5.827586E0,2.263230E1,1.177910E1,-3.876763E0,1.870143E1
5.862069E0,2.268778E1,1.176216E1,-3.883814E0,1.863016E1
5.896552E0,2.271565E1,1.179175E1,-3.936112E0,1.875149E1
5.931034E0,2.269889E1,1.182894E1,-3.933077E0,1.879521E1
5.965517E0,2.270263E1,1.179812E1,-3.833514E0,1.879432E1
6.000000E0,2.278381E1,1.183767E1,-3.745609E0,1.879361E1
6.034483E0,2.276508E1,1.186920E1,-3.801051E0,1.869575E1
6.068966E0,2.273963E1,1.193571E1,-3.767895E0,1.861372E1
6.103448E0,2.279898E1,1.188554E1,-3.793379E0,1.863361E1
6.137931E0,2.278460E1,1.185961E1,-3.774198E0,1.860256E1
6.172414E0,2.277694E1,1.191759E1,-3.760580E0,1.858580E1
6.206897E0,2.277733E1,1.193811E1,-3.858372E0,1.868158E1
6.241379E0,2.278484E1,1.193944E1,-3.863607E0,1.873403E1
6.275862E0,2.274086E1,1.191351E1,-3.842160E0,1.875923E1
6.310345E0,2.271987E1,1.187275E1,-3.885090E0,1.880597E1
6.344828E0,2.265258E1,1.188776E1,-3.777497E0,1.887273E1
6.379310E0,2.264726E1,1.188848E1,-3.769147E0,1.888110E1
6.413793E0,2.264445E1,1.194345E1,-3.701272E0,1.882985E1
6.448276E0,2.265518E1,1.198338E1,-3.756587E0,1.884376E1
6.482759E0,2.265991E1,1.198915E1,-3.748716E0,1.872333E1
6.517241E0,2.266492E1,1.201536E1,-3.832227E0,1.876356E1
6.551724E0,2.275981E1,1.205969E1,-3.794193E0,1.876358E1
6.586207E0,2.279828E1,1.200083E1,-3.815302E0,1.874109E1
6.620690E0,2.274613E1,1.202114E1,-3.788163E0,1.874384E1
6.655172E0,2.269026E1,1.200610E1,-3.847986E0,1.861802E1
6.689655E0,2.265965E1,1.196356E1,-3.862388E0,1.863113E1
6.724138E0,2.271485E1,1.196927E1,-3.878117E0,1.868423E1
6.758621E0,2.275018E1,1.194529E1,-3.882548E0,1.862580E1
6.793103E0,2.269953E1,1.190494E1,-3.875493E0,1.855603E1
6.827586E0,2.271184E1,1.195360E1,-3.789978E0,1.862147E1
6.862069E0,2.269321E1,1.186636E1,-3.708752E0,1.865285E1
6.896552E0,2.273903E1,1.184459E1,-3.741301E0,1.866381E1
6.931034E0,2.273770E1,1.189834E1,-3.760356E0,1.866575E1
6.965517E0,2.278345E1,1.190993E1,-3.855763E0,1.868206E1
7.000000E0,2.269252E1,1.189827E1,-3.756898E0,1.870359E1
7.034483E0,2.268546E1,1.185905E1,-3.798461E0,1.874582E1
7.068966E0,2.270285E1,1.181517E1,-3.820855E0,1.877732E1
7.103448E0,2.270737E1,1.179901E1,-3.821422E0,1.875730E1
7.137931E0,2.264886E1,1.179369E1,-3.706093E0,1.874401E1
7.172414E0,2.265484E1,1.170457E1,-3.659691E0,1.875939E1
7.206897E0,2.271629E1,1.171187E1,-3.667617E0,1.869676E1
7.241379E0,2.274668E1,1.175169E1,-3.727093E0,1.861310E1
7.275862E0,2.274052E1,1.174222E1,-3.701649E0,1.860751E1
7.310345E0,2.264206E1,1.165787E1,-3.725118E0,1.863282E1
7.344828E0,2.254647E1,1.155244E1,-3.700895E0,1.855276E1
7.379310E0,2.252961E1,1.161341E1,-3.700437E0,1.856119E1
7.413793E0,2.256011E1,1.155750E1,-3.692871E0,1.847294E1
7.448276E0,2.260141E1,1.157197E1,-3.648231E0,1.838412E1
7.482759E0,2.264348E1,1.163763E1,-3.674129E0,1.851525E1
7.517241E0,2.265869E1,1.161021E1,-3.703161E0,1.853013E1
7.551724E0,2.261600E1,1.158485E1,-3.664419E0,1.846265E1
7.586207E0,2.267362E1,1.152815E1,-3.665148E0,1.843683E1
7.620690E0,2.262588E1,1.156185E1,-3.650285E0,1.853897E1
7.655172E0,2.267271E1,1.157517E1,-3.738430E0,1.854865E1
7.689655E0,2.268942E1,1.157149E1,-3.760167E0,1.852648E1
7.724138E0,2.274755E1,1.153264E1,-3.790069E0,1.857925E1
7.758621E0,2.271334E1,1.152272E1,-3.820442E0,1.854711E1
7.793103E0,2.269604E1,1.154886E1,-3.882065E0,1.849090E1
7.827586E0,2.272704E1,1.162711E1,-3.950442E0,1.851793E1
7.862069E0,2.265089E1,1.164150E1,-3.910401E0,1.849045E1
7.896552E0,2.264666E1,1.173248E1,-3.898780E0,1.841676E1
7.931034E0,2.261190E1,1.178450E1,-3.838981E0,1.846837E1
7.965517E0,2.253603E1,1.182716E1,-3.844056E0,1.849259E1
8.000000E0,2.255541E1,1.191902E1,-3.845707E0,1.848253E1
8.034483E0,2.251136E1,1.190864E1,-3.787485E0,1.853870E1
8.068966E0,2.258496E1,1.197838E1,-3.798730E0,1.855707E1
8.103448E0,2.252548E1,1.198474E1,-3.843343E0,1.857834E1
8.137931E0,2.257908E1,1.201547E1,-3.944621E0,1.862057E1
8.172414E0,2.256379E1,1.198267E1,-3.939624E0,1.861546E1
8.206897E0,2.256424E1,1.201090E1,-3.971684E0,1.866036E1
8.241379E0,2.252208E1,1.197047E1,-3.899312E0,1.882850E1
