#multi:
,mass A,,mass B,,mass C,,mass D,,
t,x,y,x,y,x,y,x,y,
0.000000E0,1.783558E0,1.868397E1,2.079532E1,-6.729315E0,4.332068E1,1.396045E1,5.787615E0,-1.224329E1
3.448276E-2,1.620759E0,1.862918E1,2.095876E1,-6.674662E0,4.321859E1,1.415888E1,5.719358E0,-1.212453E1
6.896552E-2,1.415881E0,1.871168E1,2.079837E1,-6.730089E0,4.330581E1,1.407785E1,5.892237E0,-1.216323E1
1.034483E-1,1.297941E0,1.847170E1,2.077915E1,-6.968421E0,4.321134E1,1.403039E1,6.041608E0,-1.230351E1
1.379310E-1,1.226280E0,1.865665E1,2.084329E1,-6.824581E0,4.316473E1,1.408454E1,6.230248E0,-1.234230E1
1.724138E-1,1.330332E0,1.859814E1,2.082013E1,-6.773200E0,4.325186E1,1.417713E1,6.118379E0,-1.255611E1
2.068966E-1,1.302597E0,1.858127E1,2.090473E1,-6.998733E0,4.342089E1,1.426717E1,6.091719E0,-1.247278E1
2.413793E-1,1.534052E0,1.843180E1,2.079613E1,-7.032432E0,4.344221E1,1.438342E1,6.197159E0,-1.270921E1
2.758621E-1,1.588089E0,1.834350E1,2.087678E1,-6.800068E0,4.360979E1,1.449976E1,6.014154E0,-1.263798E1
3.103448E-1,1.574317E0,1.857874E1,2.063846E1,-6.631606E0,4.370066E1,1.464506E1,6.159727E0,-1.261255E1
3.448276E-1,1.930857E0,1.832121E1,2.067746E1,-6.942450E0,4.367800E1,1.457290E1,6.380529E0,-1.268847E1
3.793103E-1,2.017280E0,1.834139E1,2.072268E1,-7.070404E0,4.349403E1,1.463673E1,6.273125E0,-1.274290E1
4.137931E-1,1.900020E0,1.836333E1,2.065332E1,-7.013097E0,4.338957E1,1.454142E1,6.299172E0,-1.259966E1
4.482759E-1,2.034530E0,1.829308E1,2.037533E1,-7.168204E0,4.345350E1,1.414441E1,6.122415E0,-1.278855E1
4.827586E-1,1.900258E0,1.827432E1,2.030714E1,-7.193417E0,4.337682E1,1.411571E1,6.208951E0,-1.277490E1
5.172414E-1,2.077138E0,1.843428E1,2.014778E1,-7.086141E0,4.345479E1,1.423192E1,6.375219E0,-1.293882E1
5.517241E-1,2.294425E0,1.816658E1,2.008972E1,-7.201453E0,4.336928E1,1.398328E1,6.453954E0,-1.319928E1
5.862069E-1,2.167776E0,1.814390E1,2.021842E1,-7.168516E0,4.340284E1,1.385418E1,6.319340E0,-1.323857E1
6.206897E-1,2.329061E0,1.823616E1,2.012046E1,-7.095667E0,4.358041E1,1.415525E1,6.496581E0,-1.332038E1
6.551724E-1,2.343735E0,1.821073E1,2.018257E1,-6.925716E0,4.354166E1,1.406547E1,6.437309E0,-1.339015E1
6.896552E-1,2.356196E0,1.788769E1,1.997694E1,-6.821019E0,4.355395E1,1.409414E1,6.607420E0,-1.349605E1
7.241379E-1,2.297169E0,1.815956E1,1.985052E1,-6.825723E0,4.349383E1,1.413360E1,6.373875E0,-1.348398E1
7.586207E-1,2.212543E0,1.820982E1,2.002405E1,-6.767878E0,4.342890E1,1.428511E1,6.428411E0,-1.325221E1
7.931034E-1,2.274795E0,1.812631E1,1.994692E1,-6.787160E0,4.371027E1,1.439333E1,6.169366E0,-1.345672E1
8.275862E-1,2.176269E0,1.832957E1,1.998001E1,-6.669319E0,4.385118E1,1.449766E1,6.276240E0,-1.360924E1
8.620690E-1,2.285861E0,1.839517E1,1.996457E1,-6.596861E0,4.369483E1,1.438959E1,6.420221E0,-1.349211E1
8.965517E-1,2.278953E0,1.842033E1,1.988908E1,-6.632906E0,4.388343E1,1.454484E1,6.387509E0,-1.332038E1
9.310345E-1,2.207755E0,1.856828E1,2.004333E1,-6.806442E0,4.347219E1,1.432840E1,6.155732E0,-1.340218E1
9.655172E-1,2.019997E0,1.868133E1,1.985323E1,-6.745121E0,4.340206E1,1.437709E1,5.704187E0,-1.330672E1
1.000000E0,1.903255E0,1.897529E1,2.025512E1,-6.624371E0,4.349960E1,1.419981E1,5.749372E0,-1.315115E1
1.034483E0,2.083837E0,1.881499E1,2.032002E1,-6.637575E0,4.335129E1,1.419136E1,5.674318E0,-1.301376E1
1.068966E0,2.284882E0,1.876110E1,2.023615E1,-6.478653E0,4.349383E1,1.385223E1,5.923955E0,-1.304770E1
1.103448E0,2.450074E0,1.867420E1,2.035919E1,-6.430814E0,4.328687E1,1.409702E1,6.068460E0,-1.321033E1
1.137931E0,2.296322E0,1.856230E1,2.031063E1,-6.564689E0,4.320537E1,1.422640E1,6.038669E0,-1.319813E1
1.172414E0,2.139652E0,1.866703E1,2.029464E1,-6.567755E0,4.333901E1,1.421605E1,6.039850E0,-1.313633E1
1.206897E0,2.204439E0,1.856447E1,2.042590E1,-6.474248E0,4.325969E1,1.436166E1,6.128608E0,-1.313277E1
1.241379E0,2.444654E0,1.847000E1,2.041513E1,-6.305186E0,4.353989E1,1.434388E1,6.284375E0,-1.317723E1
1.275862E0,2.572663E0,1.824811E1,2.034578E1,-6.342101E0,4.358292E1,1.424768E1,6.377907E0,-1.328656E1
1.310345E0,2.822243E0,1.822397E1,2.026264E1,-6.428217E0,4.343144E1,1.442983E1,6.615803E0,-1.328884E1
1.344828E0,2.858572E0,1.813791E1,2.005651E1,-6.330090E0,4.330562E1,1.444511E1,6.760184E0,-1.327288E1
1.379310E0,3.082369E0,1.822045E1,2.009127E1,-6.166491E0,4.339455E1,1.453044E1,6.968438E0,-1.357381E1
1.413793E0,3.018270E0,1.801708E1,2.008190E1,-6.208709E0,,,6.769260E0,-1.352489E1
1.448276E0,3.149668E0,1.824883E1,2.007754E1,-6.262686E0,4.334232E1,1.454484E1,,
1.482759E0,3.262831E0,1.806002E1,1.999355E1,-6.484870E0,4.349357E1,1.453660E1,6.469313E0,-1.333401E1
1.517241E0,3.371049E0,1.795096E1,1.976410E1,-6.432354E0,4.362796E1,1.452740E1,6.338043E0,-1.320273E1
1.551724E0,3.331768E0,1.809808E1,1.999010E1,-6.418102E0,4.370563E1,1.459057E1,6.674987E0,-1.333316E1
1.586207E0,3.084402E0,1.817672E1,2.000173E1,-6.376685E0,4.371230E1,1.450653E1,6.724177E0,-1.353396E1
1.620690E0,3.333038E0,1.789143E1,2.004048E1,-6.389857E0,4.370478E1,1.452223E1,6.604138E0,-1.368618E1
1.655172E0,3.259586E0,1.807077E1,2.010383E1,-6.314076E0,4.368927E1,1.447438E1,6.547592E0,-1.362838E1
1.689655E0,3.091622E0,1.796982E1,2.001496E1,-6.224470E0,4.349102E1,1.423370E1,6.302656E0,-1.364309E1
1.724138E0,3.204990E0,1.789302E1,1.979895E1,-6.372196E0,4.343027E1,1.406767E1,6.529922E0,-1.362216E1
1.758621E0,3.133493E0,1.802650E1,1.987595E1,-6.334985E0,4.352624E1,1.415145E1,6.854880E0,-1.375071E1
1.793103E0,3.226187E0,1.803411E1,1.994321E1,-6.360968E0,4.358475E1,1.414378E1,6.874598E0,-1.334645E1
1.827586E0,3.202662E0,1.782419E1,1.971554E1,-6.324399E0,4.345055E1,1.404703E1,,
1.862069E0,2.908590E0,1.792431E1,1.974813E1,-6.216783E0,4.346993E1,1.420753E1,6.810162E0,-1.325221E1
1.896552E0,2.910377E0,1.828352E1,1.977880E1,-6.265355E0,4.344962E1,1.417466E1,6.570167E0,-1.327970E1
1.931034E0,3.037644E0,1.807195E1,1.983265E1,-6.336412E0,4.342464E1,1.384501E1,6.358548E0,-1.344437E1
1.965517E0,3.111441E0,1.808661E1,2.014735E1,-6.455621E0,4.367557E1,1.387782E1,6.221388E0,-1.353241E1
2.000000E0,3.003124E0,1.806693E1,2.001118E1,-6.402452E0,4.354839E1,1.430484E1,6.431162E0,-1.345914E1
2.034483E0,3.028660E0,1.798693E1,1.988717E1,-6.435420E0,4.342730E1,1.434659E1,6.330948E0,-1.345348E1
2.068966E0,3.065290E0,1.786447E1,1.978164E1,-6.630917E0,4.325290E1,1.433469E1,6.483581E0,-1.367437E1
2.103448E0,3.070743E0,1.801035E1,1.966717E1,-6.700088E0,4.333391E1,1.439661E1,6.333027E0,-1.362699E1
2.137931E0,2.977001E0,1.806689E1,1.954658E1,-6.672604E0,4.327144E1,1.442365E1,6.571063E0,-1.373143E1
2.172414E0,3.007796E0,1.791695E1,1.937069E1,-6.991202E0,4.327299E1,1.445518E1,6.389784E0,-1.370385E1
2.206897E0,3.191805E0,1.791928E1,1.939726E1,-7.121467E0,4.341338E1,1.453375E1,6.399376E0,-1.376562E1
2.241379E0,3.253989E0,1.796203E1,1.923567E1,-6.920127E0,4.339272E1,1.474415E1,6.384451E0,-1.361993E1
2.275862E0,3.461066E0,1.812480E1,1.921422E1,-6.960695E0,4.327739E1,1.463142E1,,
2.310345E0,3.706150E0,1.817941E1,1.932993E1,-7.006253E0,4.326702E1,1.469396E1,6.482947E0,-1.382483E1
2.344828E0,3.557415E0,1.823839E1,1.971084E1,-6.947777E0,4.332432E1,1.479197E1,6.266105E0,-1.399121E1
2.379310E0,3.629019E0,1.840778E1,1.984509E1,-7.038059E0,4.322001E1,1.473941E1,6.405357E0,-1.402291E1
2.413793E0,3.503967E0,1.836866E1,1.983123E1,-6.806442E0,4.319082E1,1.493443E1,,
2.448276E0,3.583116E0,1.823592E1,1.990455E1,-6.700759E0,4.312680E1,1.494419E1,6.728358E0,-1.393391E1
2.482759E0,3.576421E0,1.828700E1,1.987957E1,-6.454990E0,4.328341E1,1.514278E1,6.360540E0,-1.403012E1
2.517241E0,3.476031E0,1.823382E1,1.990024E1,-6.595581E0,4.329615E1,1.488212E1,6.166737E0,-1.432741E1
2.551724E0,3.759319E0,1.818434E1,1.993597E1,-6.746361E0,4.331462E1,1.493671E1,6.138224E0,-1.435881E1
2.586207E0,3.788855E0,1.812480E1,1.981195E1,-6.594343E0,4.295273E1,1.465306E1,,
2.620690E0,4.008523E0,1.799032E1,1.992763E1,-6.594990E0,4.286483E1,1.470031E1,6.005759E0,-1.431566E1
2.655172E0,4.072554E0,1.806513E1,1.967893E1,-6.828927E0,4.279623E1,1.446238E1,5.840219E0,-1.459960E1
2.689655E0,3.934960E0,1.831646E1,1.953481E1,-6.905566E0,4.278469E1,1.441836E1,5.878139E0,-1.463891E1
2.724138E0,4.003532E0,1.838915E1,1.951753E1,-6.978844E0,4.287977E1,1.445999E1,5.946309E0,-1.443935E1
2.758621E0,3.979091E0,1.853187E1,1.956374E1,-7.089649E0,4.290047E1,1.443890E1,5.875122E0,-1.464336E1
2.793103E0,3.921517E0,1.860794E1,1.931063E1,-7.153512E0,4.286615E1,1.450155E1,,
2.827586E0,3.689500E0,1.862523E1,1.940486E1,-7.228235E0,4.263906E1,1.434998E1,5.569472E0,-1.495645E1
2.862069E0,3.767338E0,1.874585E1,1.944934E1,-7.417643E0,4.271234E1,1.439500E1,5.647052E0,-1.515624E1
2.896552E0,3.808137E0,1.864541E1,1.938775E1,-7.577710E0,4.323410E1,1.441498E1,,
2.931034E0,3.607683E0,1.844999E1,1.955638E1,-7.669387E0,4.329802E1,1.466481E1,5.923955E0,-1.521550E1
2.965517E0,3.360027E0,1.842454E1,1.930176E1,-7.571535E0,4.330383E1,1.470968E1,5.938656E0,-1.524001E1
3.000000E0,3.384047E0,1.836823E1,1.948013E1,-7.659000E0,4.322157E1,1.467197E1,6.140964E0,-1.535155E1
3.034483E0,3.287531E0,1.820193E1,,,4.314753E1,1.467470E1,6.278438E0,-1.516096E1
3.068966E0,3.353571E0,1.829438E1,1.967698E1,-7.654837E0,4.282287E1,1.484786E1,,
3.103448E0,3.495885E0,1.832199E1,1.966517E1,-7.958902E0,4.281837E1,1.489486E1,6.278438E0,-1.524277E1
3.137931E0,3.402915E0,1.842123E1,1.952273E1,-8.021189E0,4.273629E1,1.517252E1,,
3.172414E0,3.257386E0,1.838776E1,1.947993E1,-7.954033E0,4.270977E1,1.507253E1,6.523849E0,-1.497009E1
3.206897E0,3.106847E0,1.831766E1,1.939065E1,-7.921258E0,4.271387E1,1.517826E1,6.565048E0,-1.503164E1
3.241379E0,3.207648E0,1.837762E1,1.942652E1,-8.044150E0,4.286003E1,1.548009E1,6.647034E0,-1.510025E1
3.275862E0,3.398868E0,1.850774E1,1.967591E1,-8.209965E0,4.279949E1,1.546323E1,6.752807E0,-1.494735E1
3.310345E0,3.480348E0,1.845259E1,1.942632E1,-8.233288E0,4.327739E1,1.534567E1,,
3.344828E0,3.599518E0,1.844765E1,1.950344E1,-8.368260E0,4.312588E1,1.504265E1,6.987404E0,-1.509279E1
3.379310E0,3.379120E0,1.840723E1,1.947884E1,-8.439361E0,4.305593E1,1.498107E1,7.184004E0,-1.519956E1
3.413793E0,3.418363E0,1.864322E1,1.974078E1,-8.627077E0,4.318681E1,1.513150E1,6.972366E0,-1.516111E1
3.448276E0,3.642320E0,1.875696E1,1.973077E1,-8.459890E0,4.317051E1,1.505575E1,6.861274E0,-1.511287E1
3.482759E0,3.620259E0,1.868610E1,1.962156E1,-8.665618E0,4.281526E1,1.479940E1,6.884926E0,-1.526446E1
3.517241E0,3.592819E0,1.846200E1,1.956129E1,-8.676767E0,4.277958E1,1.478293E1,,
3.551724E0,3.370244E0,1.851891E1,1.940751E1,-8.690068E0,4.312245E1,1.474455E1,6.823796E0,-1.532457E1
3.586207E0,3.273687E0,1.848414E1,1.944855E1,-8.627227E0,4.294290E1,1.481580E1,6.592032E0,-1.545840E1
3.620690E0,2.923695E0,1.852880E1,1.946888E1,-8.724882E0,4.316844E1,1.489114E1,6.546631E0,-1.558832E1
3.655172E0,2.709080E0,1.843331E1,1.925278E1,-8.753894E0,4.321246E1,1.489115E1,,
3.689655E0,2.779424E0,1.820959E1,1.939879E1,-8.734700E0,4.322763E1,1.490574E1,6.946502E0,-1.507916E1
3.724138E0,2.602527E0,1.804920E1,1.936204E1,-8.876971E0,4.318056E1,1.493351E1,7.120511E0,-1.510626E1
3.758621E0,2.292835E0,1.811300E1,1.944017E1,-8.906161E0,4.310455E1,1.510448E1,7.229138E0,-1.486702E1
3.793103E0,2.357430E0,1.809091E1,1.936847E1,-8.734612E0,4.271465E1,1.493443E1,,
3.827586E0,2.419000E0,1.813507E1,1.921096E1,-9.057125E0,4.272710E1,1.487684E1,7.041939E0,-1.506552E1
3.862069E0,2.320536E0,1.817831E1,1.927179E1,-8.899846E0,4.270327E1,1.494981E1,7.081769E0,-1.480670E1
3.896552E0,2.081519E0,1.803647E1,1.918682E1,-9.074932E0,4.269970E1,1.494889E1,6.910831E0,-1.480960E1
3.931034E0,2.262547E0,1.788106E1,1.890708E1,-9.116650E0,4.257559E1,1.500390E1,7.014769E0,-1.482205E1
3.965517E0,2.194867E0,1.779003E1,1.869715E1,-9.022403E0,4.268163E1,1.494162E1,7.121076E0,-1.485074E1
4.000000E0,2.421774E0,1.779115E1,1.887577E1,-8.996352E0,4.269942E1,1.493942E1,7.100017E0,-1.493565E1
4.034483E0,2.432786E0,1.775842E1,1.908328E1,-9.050789E0,4.271072E1,1.519297E1,7.054595E0,-1.501502E1
4.068966E0,2.403333E0,1.766267E1,1.900852E1,-9.098716E0,4.278978E1,1.531454E1,7.095508E0,-1.505966E1
4.103448E0,2.327805E0,1.771340E1,1.927747E1,-9.210060E0,4.280762E1,1.540812E1,6.981458E0,-1.485000E1
4.137931E0,2.301842E0,1.745014E1,1.944003E1,-8.946168E0,4.286053E1,1.544442E1,7.025351E0,-1.504915E1
4.172414E0,2.243986E0,1.737288E1,1.941515E1,-8.863313E0,4.285635E1,1.554439E1,7.066785E0,-1.492906E1
4.206897E0,2.282951E0,1.765532E1,1.936092E1,-8.967857E0,4.277230E1,1.555483E1,7.157421E0,-1.490523E1
4.241379E0,2.131855E0,1.759859E1,1.925061E1,-8.963384E0,4.299122E1,1.555283E1,6.949676E0,-1.469337E1
4.275862E0,2.205573E0,1.778014E1,1.910674E1,-8.985272E0,4.281122E1,1.570925E1,6.510215E0,-1.486101E1
4.310345E0,2.170175E0,1.786222E1,1.896873E1,-9.098235E0,4.278514E1,1.572855E1,6.417058E0,-1.498076E1
4.344828E0,1.762495E0,1.799315E1,1.922027E1,-9.057128E0,4.312448E1,1.547611E1,6.261536E0,-1.500870E1
4.379310E0,1.902858E0,1.803562E1,1.936633E1,-9.024557E0,4.346278E1,1.537719E1,6.417038E0,-1.513061E1
4.413793E0,1.798593E0,1.815080E1,1.946312E1,-8.977959E0,4.343375E1,1.516800E1,6.106368E0,-1.509851E1
4.448276E0,1.706358E0,1.809099E1,1.933054E1,-9.032593E0,4.316779E1,1.520460E1,6.078325E0,-1.495948E1
4.482759E0,1.635554E0,1.816320E1,1.923537E1,-8.938127E0,4.341598E1,1.505406E1,6.131763E0,-1.489609E1
4.517241E0,1.601413E0,1.825044E1,1.952978E1,-8.926155E0,4.358388E1,1.502791E1,6.178679E0,-1.497192E1
4.551724E0,1.780758E0,1.868845E1,1.966907E1,-8.723218E0,4.372237E1,1.514278E1,5.907515E0,-1.487401E1
4.586207E0,1.716685E0,1.848725E1,1.951047E1,-8.879255E0,4.324977E1,1.490640E1,5.847623E0,-1.511785E1
4.620690E0,1.721885E0,1.838673E1,1.955243E1,-8.948290E0,4.298646E1,1.488576E1,5.806574E0,-1.516551E1
4.655172E0,1.580876E0,1.832962E1,1.920776E1,-9.039874E0,4.371027E1,1.517252E1,5.787615E0,-1.512006E1
4.689655E0,1.900823E0,1.833931E1,1.920506E1,-8.935388E0,4.371709E1,1.522013E1,5.707554E0,-1.532231E1
4.724138E0,1.809679E0,1.828733E1,1.924112E1,-9.012148E0,4.357587E1,1.501478E1,5.854615E0,-1.529371E1
4.758621E0,2.050832E0,1.845792E1,1.923792E1,-9.001517E0,4.379685E1,1.523745E1,5.705811E0,-1.521550E1
4.793103E0,2.101441E0,1.831045E1,1.958154E1,-9.040343E0,4.389291E1,1.514483E1,5.706409E0,-1.525892E1
4.827586E0,1.922603E0,1.831006E1,1.928776E1,-9.048408E0,4.404406E1,1.529038E1,5.559034E0,-1.508787E1
4.862069E0,1.773118E0,1.829231E1,1.928996E1,-9.206185E0,4.389480E1,1.508472E1,5.726128E0,-1.505798E1
4.896552E0,1.654522E0,1.828786E1,1.948228E1,-8.819267E0,4.382991E1,1.515816E1,5.752962E0,-1.492214E1
4.931034E0,1.591436E0,1.827211E1,1.945216E1,-9.046661E0,4.367920E1,1.507118E1,5.746517E0,-1.475350E1
4.965517E0,1.467824E0,1.816671E1,1.932594E1,-8.996756E0,4.356649E1,1.489000E1,5.496812E0,-1.465746E1
5.000000E0,1.457265E0,1.820166E1,1.937275E1,-8.868827E0,4.368169E1,1.478886E1,5.505604E0,-1.458580E1
5.034483E0,1.455476E0,1.833808E1,1.939026E1,-9.048063E0,4.375055E1,1.471999E1,5.660907E0,-1.476611E1
5.068966E0,1.517244E0,1.834849E1,1.947895E1,-9.148198E0,4.377128E1,1.492203E1,5.535075E0,-1.460324E1
5.103448E0,1.694477E0,1.837578E1,1.975028E1,-9.251835E0,4.393345E1,1.498662E1,5.555838E0,-1.446563E1
5.137931E0,1.733875E0,1.828129E1,1.993682E1,-9.235100E0,4.382726E1,1.512810E1,5.425005E0,-1.462891E1
5.172414E0,1.703744E0,1.816889E1,2.007427E1,-9.196334E0,4.382633E1,1.512670E1,5.349998E0,-1.439903E1
5.206897E0,1.588372E0,1.826240E1,1.996683E1,-9.362236E0,4.383036E1,1.530012E1,5.298616E0,-1.435946E1
5.241379E0,1.562207E0,1.832948E1,1.987362E1,-9.547825E0,4.378858E1,1.546116E1,5.280614E0,-1.431263E1
5.275862E0,1.407051E0,1.820867E1,1.985969E1,-9.733927E0,4.378899E1,1.546683E1,5.078649E0,-1.434292E1
5.310345E0,1.689300E0,1.823248E1,1.965355E1,-9.822434E0,4.371810E1,1.548894E1,5.103566E0,-1.431692E1
5.344828E0,1.640196E0,1.827613E1,1.995931E1,-1.001341E1,4.386188E1,1.551509E1,5.144930E0,-1.431341E1
5.379310E0,1.798330E0,1.831516E1,1.983328E1,-1.014314E1,4.381850E1,1.519416E1,5.296793E0,-1.437019E1
5.413793E0,1.817610E0,1.845028E1,1.974498E1,-1.016614E1,4.390276E1,1.529143E1,5.427093E0,-1.422710E1
5.448276E0,1.955361E0,1.841485E1,1.968999E1,-1.010811E1,4.371055E1,1.547015E1,5.312319E0,-1.417861E1
5.482759E0,1.963594E0,1.834661E1,1.968363E1,-1.012915E1,4.369429E1,1.550163E1,5.437845E0,-1.395187E1
5.517241E0,1.954700E0,1.843409E1,1.956504E1,-1.017525E1,4.344363E1,1.523737E1,5.280121E0,-1.402752E1
5.551724E0,1.981390E0,1.856499E1,1.949261E1,-1.014863E1,4.338149E1,1.517932E1,5.101689E0,-1.402752E1
5.586207E0,1.688774E0,1.876700E1,1.926098E1,-9.980451E0,4.366699E1,1.530238E1,5.119551E0,-1.378393E1
5.620690E0,1.546226E0,1.896550E1,1.919568E1,-9.886399E0,4.362634E1,1.545476E1,4.987514E0,-1.392810E1
5.655172E0,1.616389E0,1.891993E1,1.906440E1,-9.867331E0,4.370315E1,1.544366E1,4.923330E0,-1.399284E1
5.689655E0,1.700865E0,1.891353E1,1.900378E1,-9.760196E0,4.351659E1,1.525996E1,4.857910E0,-1.384881E1
5.724138E0,1.495420E0,1.881453E1,1.887934E1,-9.827523E0,4.354837E1,1.521549E1,4.587827E0,-1.362032E1
5.758621E0,1.480330E0,1.861433E1,1.876134E1,-9.976287E0,4.367416E1,1.528183E1,4.522699E0,-1.392619E1
5.793103E0,1.391907E0,1.851504E1,1.874123E1,-9.938892E0,4.347081E1,1.512290E1,4.409935E0,-1.382351E1
5.827586E0,1.475085E0,1.818466E1,1.879945E1,-9.952727E0,4.335678E1,1.512147E1,4.402476E0,-1.401422E1
5.862069E0,1.573372E0,1.825977E1,1.896188E1,-1.008801E1,4.353146E1,1.526263E1,4.486010E0,-1.376988E1
5.896552E0,1.867980E0,1.830602E1,1.895906E1,-1.008978E1,4.365062E1,1.553150E1,4.456360E0,-1.383139E1
5.931034E0,1.791748E0,1.844463E1,1.888010E1,-1.036812E1,4.308260E1,1.547554E1,4.655997E0,-1.390664E1
5.965517E0,1.560373E0,1.856187E1,1.875077E1,-1.050647E1,4.320299E1,1.559059E1,4.639431E0,-1.393044E1
6.000000E0,1.569985E0,1.865289E1,1.881398E1,-1.018746E1,4.327279E1,1.560621E1,4.667194E0,-1.396481E1
6.034483E0,1.563965E0,1.876997E1,1.879559E1,-1.014525E1,4.351724E1,1.563899E1,4.508837E0,-1.402335E1
6.068966E0,1.669390E0,1.883866E1,1.885371E1,-1.027872E1,4.330825E1,1.541794E1,4.641306E0,-1.388022E1
6.103448E0,1.629998E0,1.870054E1,1.891963E1,-1.023380E1,4.317540E1,1.547941E1,4.559381E0,-1.360040E1
6.137931E0,1.534195E0,1.856605E1,1.878272E1,-1.007368E1,4.308149E1,1.547993E1,4.513150E0,-1.362271E1
6.172414E0,1.578127E0,1.843591E1,1.880795E1,-9.950432E0,4.303620E1,1.540353E1,4.514136E0,-1.358520E1
6.206897E0,1.727719E0,1.842721E1,1.871129E1,-1.017224E1,4.307173E1,1.544946E1,4.502673E0,-1.364360E1
6.241379E0,1.908257E0,1.877351E1,1.848443E1,-1.004666E1,4.291595E1,1.553332E1,4.459400E0,-1.350365E1
6.275862E0,2.002449E0,1.908603E1,1.853696E1,-1.003043E1,4.340726E1,1.580020E1,4.519657E0,-1.359306E1
6.310345E0,2.130628E0,1.905032E1,1.880930E1,-1.021930E1,4.371027E1,1.599500E1,4.519657E0,-1.362032E1
6.344828E0,2.286140E0,1.917343E1,1.874539E1,-1.030083E1,4.365825E1,1.598268E1,4.553839E0,-1.351130E1
6.379310E0,2.593389E0,1.885751E1,1.888643E1,-1.023859E1,4.353712E1,1.575691E1,4.642363E0,-1.344308E1
6.413793E0,2.845447E0,1.890642E1,1.886049E1,-1.020735E1,4.357680E1,1.590847E1,4.504917E0,-1.377229E1
6.448276E0,2.735345E0,1.867184E1,1.893200E1,-1.019029E1,4.342480E1,1.579104E1,4.485206E0,-1.382108E1
6.482759E0,2.513634E0,1.843381E1,1.888128E1,-1.024916E1,4.345198E1,1.568167E1,4.545198E0,-1.392367E1
6.517241E0,2.328457E0,1.844703E1,1.898705E1,-1.019744E1,4.365006E1,1.602194E1,4.530740E0,-1.394921E1
6.551724E0,2.166744E0,1.840530E1,1.897702E1,-1.037931E1,4.370281E1,1.587633E1,4.726268E0,-1.403782E1
6.586207E0,2.108108E0,1.842789E1,1.904071E1,-1.031003E1,4.365484E1,1.598332E1,4.677973E0,-1.395185E1
6.620690E0,2.317704E0,1.849886E1,1.874125E1,-1.038127E1,4.375063E1,1.602240E1,4.804944E0,-1.372501E1
6.655172E0,2.409292E0,1.834309E1,1.877074E1,-1.043140E1,4.355877E1,1.595171E1,4.805970E0,-1.381120E1
6.689655E0,2.675716E0,1.826430E1,1.876239E1,-1.052652E1,4.367775E1,1.582335E1,4.722227E0,-1.388430E1
6.724138E0,2.391024E0,1.809290E1,1.893122E1,-1.043768E1,4.377847E1,1.607314E1,4.632473E0,-1.401969E1
6.758621E0,2.342193E0,1.807665E1,1.902553E1,-1.046730E1,4.375758E1,1.614755E1,4.794943E0,-1.383166E1
6.793103E0,2.188473E0,1.781630E1,1.892499E1,-1.033499E1,4.392672E1,1.599500E1,4.819604E0,-1.381120E1
6.827586E0,2.074643E0,1.787080E1,1.920829E1,-1.034711E1,4.387153E1,1.603103E1,4.837197E0,-1.379327E1
6.862069E0,2.080265E0,1.792815E1,1.922147E1,-1.037509E1,4.373009E1,1.616458E1,4.836628E0,-1.370207E1
6.896552E0,1.892545E0,1.771545E1,1.948217E1,-1.032742E1,4.375666E1,1.600429E1,4.875931E0,-1.374301E1
6.931034E0,1.822937E0,1.773382E1,1.959522E1,-1.045447E1,4.378901E1,1.597716E1,4.700143E0,-1.369720E1
6.965517E0,1.613286E0,1.771117E1,1.959985E1,-1.045068E1,4.373192E1,1.573527E1,4.805970E0,-1.357942E1
7.000000E0,1.531324E0,1.762460E1,1.953121E1,-1.078176E1,4.384618E1,1.565290E1,4.800384E0,-1.358324E1
7.034483E0,1.524809E0,1.751899E1,1.947348E1,-1.073715E1,4.348243E1,1.558931E1,4.902734E0,-1.334032E1
7.068966E0,1.540194E0,1.731928E1,1.942632E1,-1.075919E1,4.373192E1,1.556211E1,4.942310E0,-1.334764E1
7.103448E0,1.673047E0,1.756060E1,1.970402E1,-1.066616E1,4.367391E1,1.555487E1,4.964202E0,-1.334353E1
7.137931E0,1.727160E0,1.751388E1,1.974084E1,-1.073274E1,4.353785E1,1.579516E1,4.976107E0,-1.334960E1
7.172414E0,1.786549E0,1.757262E1,1.994802E1,-1.079992E1,4.339600E1,1.576324E1,5.066465E0,-1.334386E1
7.206897E0,1.674443E0,1.758292E1,2.016962E1,-1.077601E1,4.322498E1,1.585475E1,5.117752E0,-1.319287E1
7.241379E0,1.461217E0,1.759676E1,2.016305E1,-1.081221E1,4.332654E1,1.594323E1,4.949180E0,-1.319862E1
7.275862E0,1.534399E0,1.762187E1,2.008112E1,-1.051180E1,4.329632E1,1.598056E1,4.937261E0,-1.335813E1
7.310345E0,1.610022E0,1.771989E1,2.015902E1,-1.060494E1,4.375356E1,1.595171E1,4.546925E0,-1.327948E1
7.344828E0,1.470905E0,1.777062E1,1.994396E1,-1.057734E1,4.371445E1,1.589504E1,4.570683E0,-1.302681E1
7.379310E0,1.396846E0,1.760518E1,1.992349E1,-1.053074E1,4.384247E1,1.611839E1,4.546655E0,-1.305492E1
7.413793E0,1.171990E0,1.776011E1,1.993556E1,-1.073059E1,4.392327E1,1.615312E1,4.319030E0,-1.283674E1
7.448276E0,1.214902E0,1.754652E1,1.994899E1,-1.060121E1,4.374439E1,1.621289E1,4.284013E0,-1.273129E1
7.482759E0,9.241796E-1,1.764249E1,1.988323E1,-1.060076E1,4.393106E1,1.614412E1,4.351500E0,-1.288170E1
7.517241E0,8.064495E-1,1.760531E1,1.973235E1,-1.041737E1,4.393922E1,1.618533E1,4.393072E0,-1.271369E1
7.551724E0,6.040446E-1,1.764517E1,1.984346E1,-1.031923E1,4.394109E1,1.632177E1,4.106548E0,-1.294750E1
7.586207E0,6.806594E-1,1.749879E1,1.973525E1,-1.076098E1,4.385622E1,1.615670E1,4.109611E0,-1.301153E1
7.620690E0,8.624896E-1,1.752022E1,1.973133E1,-1.084794E1,4.396571E1,1.605111E1,3.986067E0,-1.297935E1
7.655172E0,8.194725E-1,1.760420E1,1.958057E1,-1.075919E1,4.375356E1,1.597335E1,3.933397E0,-1.282955E1
7.689655E0,8.918921E-1,1.752476E1,1.938231E1,-1.057392E1,4.393396E1,1.583961E1,3.879611E0,-1.293891E1
7.724138E0,8.603398E-1,1.768057E1,1.928073E1,-1.051892E1,4.372159E1,1.598056E1,3.966891E0,-1.284163E1
7.758621E0,8.001907E-1,1.771989E1,1.931063E1,-1.048925E1,4.384014E1,1.597335E1,4.151540E0,-1.262505E1
7.793103E0,7.470690E-1,1.773976E1,1.932723E1,-1.069845E1,4.387455E1,1.579044E1,4.145800E0,-1.270738E1
7.827586E0,5.901486E-1,1.775605E1,1.926837E1,-1.048977E1,4.370945E1,1.590230E1,4.219638E0,-1.281949E1
7.862069E0,6.105747E-1,1.794549E1,1.921717E1,-1.046844E1,4.370779E1,1.594416E1,4.094660E0,-1.282366E1
7.896552E0,4.689554E-1,1.781113E1,1.941272E1,-1.073118E1,4.374491E1,1.614271E1,4.112166E0,-1.301572E1
7.931034E0,4.375375E-1,1.802607E1,1.931063E1,-1.085560E1,4.384014E1,1.603828E1,4.301514E0,-1.284319E1
7.965517E0,5.137922E-1,1.798517E1,1.932159E1,-1.085057E1,4.402874E1,1.616932E1,4.349686E0,-1.275367E1
8.000000E0,7.008328E-1,1.785841E1,1.927206E1,-1.079775E1,4.418645E1,1.603828E1,4.546925E0,-1.280229E1
8.034483E0,7.564614E-1,1.809182E1,1.953060E1,-1.082744E1,4.393286E1,1.591052E1,4.550713E0,-1.280541E1
8.068966E0,7.809090E-1,1.798983E1,1.938775E1,-1.079775E1,4.409987E1,1.564869E1,4.574193E0,-1.312950E1
8.103448E0,8.907030E-1,1.784719E1,1.926755E1,-1.070085E1,4.409794E1,1.555095E1,4.573351E0,-1.322183E1
8.137931E0,9.741413E-1,1.770779E1,1.912579E1,-1.078047E1,4.417694E1,1.579518E1,4.481805E0,-1.333675E1
8.172414E0,8.902786E-1,1.775949E1,1.912715E1,-1.081327E1,4.425366E1,1.587602E1,4.418813E0,-1.333188E1
8.206897E0,9.132964E-1,1.762585E1,1.921715E1,-1.085928E1,4.431819E1,1.595930E1,4.354438E0,-1.327196E1
8.241379E0,7.917508E-1,1.775609E1,1.913709E1,-1.081704E1,,,4.301514E0,-1.318404E1
