#multi:
,mass A,,mass B,,mass C,,
t,x,y,x,y,x,y,
0.000000E0,-3.804549E1,-1.567008E1,-2.605181E1,1.171375E1,-2.254446E1,3.032438E1
3.448276E-2,-3.798538E1,-1.554532E1,-2.596329E1,1.185309E1,-2.244919E1,3.027680E1
6.896552E-2,-3.804312E1,-1.570920E1,-2.604138E1,1.172922E1,-2.253760E1,3.015116E1
1.034483E-1,-3.802746E1,-1.571458E1,-2.593267E1,1.177740E1,-2.260969E1,3.027942E1
1.379310E-1,-3.788754E1,-1.557322E1,-2.604217E1,1.176123E1,-2.267992E1,3.032779E1
1.724138E-1,-3.790247E1,-1.570915E1,-2.616770E1,1.176784E1,-2.265919E1,3.029951E1
2.068966E-1,-3.788917E1,-1.568585E1,-2.619856E1,1.177082E1,-2.253417E1,3.038447E1
2.413793E-1,-3.785647E1,-1.560553E1,-2.614994E1,1.193436E1,-2.232374E1,3.060715E1
2.758621E-1,-3.783849E1,-1.569249E1,-2.623962E1,1.187140E1,-2.251142E1,3.055637E1
3.103448E-1,-3.768301E1,-1.548548E1,-2.612215E1,1.178225E1,-2.245519E1,3.049356E1
3.448276E-1,-3.761297E1,-1.557589E1,-2.601016E1,1.189245E1,-2.236466E1,3.069245E1
3.793103E-1,-3.756664E1,-1.560299E1,-2.606596E1,1.184001E1,-2.237528E1,3.070901E1
4.137931E-1,-3.757313E1,-1.541190E1,-2.599068E1,1.155205E1,-2.227410E1,3.063554E1
4.482759E-1,-3.764976E1,-1.538702E1,-2.583683E1,1.143324E1,-2.210947E1,3.060890E1
4.827586E-1,-3.748228E1,-1.536984E1,-2.589182E1,1.146047E1,-2.205305E1,3.074980E1
5.172414E-1,-3.760522E1,-1.538140E1,-2.581925E1,1.126164E1,-2.187686E1,3.070666E1
5.517241E-1,-3.771569E1,-1.531103E1,-2.603127E1,1.127879E1,-2.164116E1,3.079922E1
5.862069E-1,-3.759306E1,-1.512624E1,-2.607606E1,1.119485E1,-2.182016E1,3.079602E1
6.206897E-1,-3.766641E1,-1.526114E1,-2.610351E1,1.103901E1,-2.182010E1,3.079833E1
6.551724E-1,-3.761665E1,-1.507630E1,-2.601738E1,1.106913E1,-2.179842E1,3.070554E1
6.896552E-1,-3.775808E1,-1.519702E1,-2.595025E1,1.115348E1,-2.172073E1,3.075311E1
7.241379E-1,-3.781575E1,-1.526004E1,-2.593251E1,1.110569E1,-2.164996E1,3.080737E1
7.586207E-1,-3.777590E1,-1.530756E1,-2.595443E1,1.110098E1,-2.162714E1,3.082441E1
7.931034E-1,-3.770807E1,-1.524442E1,-2.586039E1,1.110491E1,,
8.275862E-1,-3.786020E1,-1.513731E1,-2.580224E1,1.105619E1,,
8.620690E-1,-3.792289E1,-1.520804E1,-2.578589E1,1.106573E1,,
8.965517E-1,-3.805022E1,-1.535125E1,-2.583580E1,1.103680E1,,
9.310345E-1,-3.805207E1,-1.516645E1,-2.589159E1,1.099897E1,,
9.655172E-1,-3.811948E1,-1.516664E1,-2.593667E1,1.080315E1,-2.184489E1,3.048755E1
1.000000E0,-3.819411E1,-1.537471E1,-2.605884E1,1.071908E1,-2.178880E1,3.052528E1
1.034483E0,-3.838418E1,-1.545388E1,-2.601057E1,1.068104E1,-2.179824E1,3.056334E1
1.068966E0,-3.843688E1,-1.551113E1,-2.605984E1,1.072132E1,-2.177412E1,3.057850E1
1.103448E0,-3.837569E1,-1.540949E1,-2.584043E1,1.072750E1,-2.177168E1,3.060238E1
1.137931E0,-3.841283E1,-1.536102E1,-2.592921E1,1.047956E1,-2.182604E1,3.068636E1
1.172414E0,-3.821956E1,-1.543235E1,-2.598595E1,1.031371E1,-2.180665E1,3.069682E1
1.206897E0,-3.820908E1,-1.544419E1,-2.604812E1,1.042076E1,-2.168252E1,3.065790E1
1.241379E0,-3.819569E1,-1.553671E1,-2.613670E1,1.055788E1,-2.166222E1,3.076986E1
1.275862E0,-3.804121E1,-1.549884E1,-2.591677E1,1.056429E1,-2.176742E1,3.063123E1
1.310345E0,-3.813087E1,-1.546294E1,-2.570345E1,1.060976E1,-2.158999E1,3.059324E1
1.344828E0,-3.809754E1,-1.533163E1,-2.565088E1,1.067754E1,-2.153925E1,3.048160E1
1.379310E0,-3.810636E1,-1.530788E1,-2.570689E1,1.065111E1,-2.147162E1,3.043537E1
1.413793E0,-3.822344E1,-1.523106E1,-2.560866E1,1.067542E1,-2.135220E1,3.059456E1
1.448276E0,-3.819324E1,-1.512425E1,-2.568676E1,1.072987E1,-2.124770E1,3.065674E1
1.482759E0,-3.804474E1,-1.522271E1,-2.563309E1,1.060724E1,-2.110187E1,3.065039E1
1.517241E0,-3.805087E1,-1.521102E1,-2.577305E1,1.065488E1,-2.139113E1,3.066530E1
1.551724E0,-3.810254E1,-1.528177E1,-2.572256E1,1.071452E1,-2.145371E1,3.072601E1
1.586207E0,-3.809578E1,-1.530784E1,-2.576910E1,1.093876E1,-2.143246E1,3.068236E1
1.620690E0,-3.794179E1,-1.537833E1,-2.570039E1,1.077923E1,-2.152856E1,3.073405E1
1.655172E0,-3.796339E1,-1.550680E1,-2.576384E1,1.059365E1,-2.153269E1,3.077538E1
1.689655E0,-3.795293E1,-1.556835E1,-2.571270E1,1.047631E1,-2.151607E1,3.076244E1
1.724138E0,-3.797488E1,-1.544737E1,-2.559738E1,1.052859E1,-2.158312E1,3.079607E1
1.758621E0,-3.805486E1,-1.539704E1,-2.560169E1,1.035679E1,-2.153154E1,3.081060E1
1.793103E0,-3.805641E1,-1.534092E1,-2.565399E1,1.032188E1,-2.157419E1,3.080749E1
1.827586E0,-3.816097E1,-1.520433E1,-2.568906E1,1.020477E1,-2.152137E1,3.060116E1
1.862069E0,-3.820784E1,-1.529363E1,-2.573543E1,1.028006E1,-2.155043E1,3.058836E1
1.896552E0,-3.828811E1,-1.535264E1,-2.571163E1,1.026621E1,-2.172276E1,3.055579E1
1.931034E0,-3.830754E1,-1.532352E1,-2.571499E1,1.029075E1,-2.189267E1,3.042859E1
1.965517E0,-3.834988E1,-1.539111E1,-2.579238E1,1.024312E1,-2.183171E1,3.037070E1
2.000000E0,-3.832185E1,-1.549741E1,-2.586737E1,1.017583E1,-2.166224E1,3.046591E1
2.034483E0,-3.828097E1,-1.543891E1,-2.590023E1,1.016795E1,-2.148825E1,3.047167E1
2.068966E0,-3.841130E1,-1.535454E1,-2.589184E1,1.014024E1,-2.145431E1,3.031137E1
2.103448E0,-3.827140E1,-1.543402E1,-2.578368E1,1.006152E1,-2.146974E1,3.027654E1
2.137931E0,-3.838009E1,-1.551458E1,-2.587323E1,1.014658E1,-2.149969E1,3.027977E1
2.172414E0,-3.829341E1,-1.545409E1,,,-2.172134E1,3.037191E1
2.206897E0,-3.825478E1,-1.544231E1,,,-2.178804E1,3.039329E1
2.241379E0,-3.832144E1,-1.534493E1,,,-2.180884E1,3.043864E1
2.275862E0,-3.831694E1,-1.528425E1,-2.574522E1,1.009937E1,-2.176717E1,3.039278E1
2.310345E0,-3.828677E1,-1.525638E1,-2.589143E1,1.028595E1,,
2.344828E0,-3.814927E1,-1.530152E1,-2.586648E1,1.020828E1,-2.160615E1,3.022800E1
2.379310E0,-3.806519E1,-1.532172E1,-2.576356E1,1.031423E1,-2.162928E1,3.017029E1
2.413793E0,-3.804319E1,-1.529627E1,-2.578869E1,1.045147E1,-2.149320E1,3.022919E1
2.448276E0,-3.820849E1,-1.527934E1,-2.581471E1,1.040582E1,-2.135353E1,3.011507E1
2.482759E0,-3.817078E1,-1.529414E1,-2.570288E1,1.049077E1,,
2.517241E0,-3.818460E1,-1.531213E1,-2.565046E1,1.040004E1,,
2.551724E0,-3.814556E1,-1.527968E1,-2.563608E1,1.038505E1,,
2.586207E0,-3.809189E1,-1.493145E1,-2.558253E1,1.047748E1,-2.131417E1,3.038257E1
2.620690E0,-3.801805E1,-1.506554E1,-2.560606E1,1.046941E1,-2.127824E1,3.021814E1
2.655172E0,-3.799290E1,-1.520703E1,-2.560257E1,1.031197E1,-2.134530E1,3.010827E1
2.689655E0,-3.785481E1,-1.489827E1,-2.557922E1,1.049984E1,-2.108527E1,3.042147E1
2.724138E0,-3.780758E1,-1.482766E1,-2.554615E1,1.059156E1,-2.106078E1,3.050394E1
2.758621E0,-3.793561E1,-1.498697E1,,,-2.097914E1,3.032795E1
2.793103E0,-3.773821E1,-1.467000E1,,,-2.091762E1,3.058667E1
2.827586E0,-3.779626E1,-1.473674E1,,,,
2.862069E0,-3.778201E1,-1.478190E1,,,-2.086651E1,3.021714E1
2.896552E0,-3.779231E1,-1.477467E1,,,-2.081873E1,3.022061E1
2.931034E0,-3.790832E1,-1.486788E1,,,,
2.965517E0,-3.787018E1,-1.470417E1,,,-2.086531E1,2.995970E1
3.000000E0,-3.773392E1,-1.477827E1,-2.548563E1,1.114757E1,,
3.034483E0,-3.761749E1,-1.463413E1,-2.552892E1,1.099637E1,-2.097067E1,2.997037E1
3.068966E0,-3.756672E1,-1.467122E1,-2.547645E1,1.084814E1,-2.087889E1,2.977079E1
3.103448E0,-3.754368E1,-1.458064E1,-2.562945E1,1.076221E1,-2.103007E1,2.957701E1
3.137931E0,-3.749396E1,-1.438173E1,-2.565098E1,1.087011E1,-2.082093E1,2.973275E1
3.172414E0,-3.774775E1,-1.430116E1,-2.559944E1,1.073783E1,-2.072378E1,2.981649E1
3.206897E0,-3.773724E1,-1.433587E1,-2.559610E1,1.094032E1,-2.058183E1,2.976008E1
3.241379E0,-3.767527E1,-1.423967E1,-2.552528E1,1.093292E1,-2.064419E1,2.966683E1
3.275862E0,,,-2.565701E1,1.093638E1,-2.061419E1,2.961828E1
3.310345E0,-3.764477E1,-1.405595E1,-2.547738E1,1.068609E1,-2.064515E1,2.968546E1
3.344828E0,-3.772275E1,-1.417924E1,-2.561649E1,1.038302E1,-2.044565E1,2.947183E1
3.379310E0,-3.768986E1,-1.391940E1,-2.562492E1,1.052985E1,-2.043477E1,2.964849E1
3.413793E0,-3.771584E1,-1.386747E1,-2.565622E1,1.052428E1,-2.050899E1,2.975070E1
3.448276E0,-3.778971E1,-1.385761E1,-2.570970E1,1.043226E1,-2.042568E1,2.972740E1
3.482759E0,-3.800382E1,-1.374924E1,-2.576061E1,1.038732E1,-2.032629E1,2.972940E1
3.517241E0,-3.796651E1,-1.355691E1,-2.581160E1,1.070147E1,-2.031694E1,2.999842E1
3.551724E0,-3.796968E1,-1.356641E1,-2.589359E1,1.052587E1,-2.043746E1,2.971152E1
3.586207E0,-3.785363E1,-1.341310E1,-2.596238E1,1.059238E1,-2.048639E1,2.961692E1
3.620690E0,-3.782725E1,-1.329074E1,-2.595118E1,1.052694E1,-2.041732E1,2.966812E1
3.655172E0,-3.799198E1,-1.329790E1,-2.599939E1,1.066399E1,-2.052614E1,2.965130E1
3.689655E0,-3.803454E1,-1.330191E1,-2.590141E1,1.070267E1,-2.053345E1,2.970758E1
3.724138E0,-3.794256E1,-1.340545E1,-2.580945E1,1.065017E1,-2.058215E1,2.972085E1
3.758621E0,-3.792221E1,-1.351410E1,-2.572537E1,1.047998E1,-2.065879E1,2.968676E1
3.793103E0,-3.792702E1,-1.334517E1,-2.559766E1,1.074565E1,-2.060938E1,2.963624E1
3.827586E0,-3.795995E1,-1.331158E1,-2.563815E1,1.084918E1,-2.057315E1,2.963300E1
3.862069E0,-3.789160E1,-1.319720E1,-2.569389E1,1.064148E1,-2.056937E1,2.967891E1
3.896552E0,-3.789421E1,-1.306606E1,-2.560835E1,1.066875E1,-2.053227E1,2.960936E1
3.931034E0,-3.778467E1,-1.292135E1,-2.552857E1,1.074726E1,-2.046874E1,2.964335E1
3.965517E0,-3.778764E1,-1.305250E1,-2.542224E1,1.061581E1,-2.047114E1,2.947629E1
4.000000E0,-3.778535E1,-1.313514E1,-2.542139E1,1.072196E1,-2.038496E1,2.940800E1
4.034483E0,-3.789849E1,-1.313904E1,-2.549944E1,1.090254E1,-2.058032E1,2.946591E1
4.068966E0,-3.782246E1,-1.321687E1,-2.539666E1,1.081246E1,-2.057639E1,2.944605E1
4.103448E0,-3.776216E1,-1.329369E1,-2.554840E1,1.063600E1,,
4.137931E0,-3.770710E1,-1.308101E1,-2.553635E1,1.076022E1,-2.065066E1,2.951093E1
4.172414E0,-3.761382E1,-1.311550E1,-2.538154E1,1.086322E1,-2.054073E1,2.964530E1
4.206897E0,-3.782726E1,-1.318539E1,-2.546352E1,1.087821E1,-2.070911E1,2.962288E1
4.241379E0,-3.786208E1,-1.305744E1,-2.548894E1,1.094388E1,,
4.275862E0,-3.777946E1,-1.322961E1,-2.553753E1,1.111756E1,,
4.310345E0,-3.777570E1,-1.332394E1,-2.571999E1,1.099198E1,,
4.344828E0,-3.765530E1,-1.329367E1,,,-2.040390E1,2.952382E1
4.379310E0,-3.762324E1,-1.318721E1,-2.576107E1,1.082623E1,-2.023215E1,2.974710E1
4.413793E0,-3.778240E1,-1.311003E1,-2.571174E1,1.062871E1,-2.024890E1,2.960695E1
4.448276E0,-3.778046E1,-1.325521E1,,,-2.027869E1,2.957766E1
4.482759E0,-3.783911E1,-1.310743E1,-2.586319E1,1.050451E1,-1.999133E1,2.951407E1
4.517241E0,-3.777257E1,-1.300944E1,-2.589531E1,1.043356E1,-1.990587E1,2.942542E1
4.551724E0,-3.782600E1,-1.307552E1,-2.581410E1,1.040790E1,-1.984301E1,2.944537E1
4.586207E0,,,-2.567557E1,1.029233E1,-1.989607E1,2.936234E1
4.620690E0,,,-2.555689E1,1.033538E1,-2.004857E1,2.948106E1
4.655172E0,,,-2.552321E1,1.030087E1,-2.007005E1,2.935489E1
4.689655E0,,,-2.553015E1,1.031426E1,-2.020485E1,2.917912E1
4.724138E0,-3.803316E1,-1.309228E1,-2.543972E1,1.035186E1,-1.997452E1,2.931772E1
4.758621E0,-3.821239E1,-1.325855E1,-2.531305E1,1.035083E1,-2.006861E1,2.932773E1
4.793103E0,-3.825927E1,-1.332369E1,-2.522395E1,1.040125E1,-2.005989E1,2.945855E1
4.827586E0,-3.837302E1,-1.312032E1,-2.521536E1,1.042118E1,-2.011538E1,2.960051E1
4.862069E0,,,-2.521988E1,1.052768E1,-2.039849E1,2.953945E1
4.896552E0,-3.816813E1,-1.320797E1,-2.513368E1,1.041307E1,-2.031802E1,2.955817E1
4.931034E0,-3.831814E1,-1.321991E1,-2.516718E1,1.036605E1,-2.030533E1,2.944436E1
4.965517E0,-3.812960E1,-1.302702E1,,,-1.993153E1,2.961012E1
5.000000E0,,,,,-2.001870E1,2.940892E1
5.034483E0,-3.822598E1,-1.324653E1,-2.525610E1,1.041307E1,,
5.068966E0,-3.820500E1,-1.322779E1,-2.520317E1,1.035252E1,-2.000887E1,2.952382E1
5.103448E0,-3.827055E1,-1.319632E1,-2.528625E1,1.034581E1,-2.014846E1,2.954832E1
5.137931E0,-3.824741E1,-1.308760E1,-2.525559E1,1.041360E1,-2.011158E1,2.961571E1
5.172414E0,-3.807507E1,-1.305068E1,-2.544391E1,1.026016E1,-2.022676E1,2.969389E1
5.206897E0,,,-2.538920E1,1.023144E1,-2.026402E1,2.978699E1
5.241379E0,-3.843531E1,-1.291715E1,-2.538773E1,1.015777E1,-2.017350E1,2.983278E1
5.275862E0,,,-2.552034E1,1.012275E1,,
5.310345E0,,,-2.549288E1,1.019415E1,-2.017717E1,2.991223E1
5.344828E0,-3.844048E1,-1.279167E1,-2.560769E1,1.024821E1,,
5.379310E0,-3.849935E1,-1.270011E1,-2.568411E1,1.027100E1,,
5.413793E0,-3.848181E1,-1.254343E1,-2.567083E1,1.029075E1,-1.994008E1,2.964956E1
5.448276E0,-3.839334E1,-1.257347E1,-2.567555E1,1.043553E1,-1.987015E1,2.980450E1
5.482759E0,-3.839969E1,-1.277460E1,-2.563153E1,1.037939E1,-2.000631E1,2.979438E1
5.517241E0,-3.831743E1,-1.281741E1,-2.555779E1,1.033944E1,,
5.551724E0,-3.820244E1,-1.281445E1,-2.550968E1,1.035656E1,,
5.586207E0,-3.812301E1,-1.273027E1,-2.559869E1,1.037143E1,,
5.620690E0,-3.784812E1,-1.268369E1,-2.556047E1,1.028970E1,,
5.655172E0,,,-2.567959E1,1.021388E1,,
5.689655E0,-3.789819E1,-1.255239E1,,,-2.024932E1,2.978145E1
5.724138E0,-3.801336E1,-1.247373E1,-2.548563E1,1.039777E1,-2.026650E1,2.978145E1
5.758621E0,-3.798113E1,-1.240026E1,-2.556222E1,1.031738E1,-2.036667E1,2.962699E1
5.793103E0,-3.807616E1,-1.253490E1,-2.566766E1,1.038902E1,-2.033328E1,2.951117E1
5.827586E0,-3.814945E1,-1.267383E1,-2.569031E1,1.035013E1,-2.040161E1,2.933473E1
5.862069E0,-3.808064E1,-1.269627E1,,,-2.045383E1,2.937748E1
5.896552E0,-3.807861E1,-1.246743E1,,,-2.046616E1,2.936042E1
5.931034E0,-3.815736E1,-1.242794E1,,,-2.042360E1,2.938574E1
5.965517E0,-3.807965E1,-1.230442E1,-2.569638E1,1.049509E1,-2.041361E1,2.939777E1
6.000000E0,-3.802854E1,-1.240435E1,,,-2.024620E1,2.937573E1
6.034483E0,-3.814067E1,-1.230848E1,-2.581740E1,1.039057E1,-2.016638E1,2.934097E1
6.068966E0,-3.810040E1,-1.223836E1,-2.576951E1,1.043840E1,-2.011637E1,2.928281E1
6.103448E0,-3.815840E1,-1.232148E1,-2.553553E1,1.035291E1,-1.992878E1,2.924543E1
6.137931E0,-3.827370E1,-1.229885E1,,,-1.996804E1,2.931714E1
6.172414E0,-3.836913E1,-1.231039E1,,,-2.005057E1,2.947621E1
6.206897E0,-3.847026E1,-1.227487E1,-2.570979E1,1.024089E1,-2.009219E1,2.948629E1
6.241379E0,-3.858681E1,-1.228995E1,,,-2.004869E1,2.945448E1
6.275862E0,-3.847367E1,-1.223956E1,,,-1.994153E1,2.957521E1
6.310345E0,-3.847180E1,-1.216028E1,,,-1.986347E1,2.962241E1
6.344828E0,-3.848952E1,-1.227878E1,,,-1.986694E1,2.962107E1
6.379310E0,,,-2.554684E1,9.923404E0,,
6.413793E0,-3.849592E1,-1.226316E1,,,-2.000887E1,2.976427E1
6.448276E0,-3.853319E1,-1.213099E1,-2.586818E1,1.001522E1,,
6.482759E0,-3.850593E1,-1.217984E1,-2.579281E1,9.926947E0,-1.985430E1,2.981580E1
6.517241E0,-3.847587E1,-1.219876E1,-2.580718E1,9.914415E0,-1.987891E1,2.976227E1
6.551724E0,-3.824207E1,-1.208778E1,-2.584327E1,9.795630E0,-1.993390E1,2.994813E1
6.586207E0,-3.828559E1,-1.227455E1,-2.592470E1,9.635709E0,-2.001333E1,2.981374E1
6.620690E0,-3.817571E1,-1.225787E1,-2.606624E1,9.710599E0,-2.010594E1,2.981561E1
6.655172E0,-3.796660E1,-1.216311E1,-2.608025E1,9.799523E0,-1.998417E1,2.981316E1
6.689655E0,-3.792905E1,-1.209597E1,-2.616883E1,9.653051E0,-1.991957E1,2.972763E1
6.724138E0,-3.798057E1,-1.195546E1,-2.622476E1,9.605151E0,-1.979546E1,2.970999E1
6.758621E0,-3.782366E1,-1.201454E1,-2.614740E1,9.742053E0,-1.981269E1,2.984406E1
6.793103E0,-3.805016E1,-1.198778E1,-2.612379E1,9.725487E0,-1.999260E1,2.967946E1
6.827586E0,-3.816187E1,-1.209896E1,-2.595091E1,9.576521E0,-1.999272E1,2.962121E1
6.862069E0,-3.811826E1,-1.209033E1,-2.590757E1,9.492241E0,-2.003279E1,2.968202E1
6.896552E0,-3.824546E1,-1.202001E1,-2.587973E1,9.492181E0,-2.012567E1,2.972262E1
6.931034E0,,,-2.587883E1,9.418359E0,-2.009150E1,2.973530E1
6.965517E0,-3.840836E1,-1.191282E1,-2.580563E1,9.312109E0,-2.023633E1,2.988169E1
7.000000E0,-3.850524E1,-1.185942E1,-2.579770E1,9.253130E0,-2.011423E1,2.974222E1
7.034483E0,-3.852728E1,-1.183572E1,-2.573334E1,9.309620E0,-2.011737E1,2.987862E1
7.068966E0,-3.841312E1,-1.186535E1,-2.571913E1,9.405661E0,,
7.103448E0,-3.843650E1,-1.175790E1,-2.566153E1,9.342290E0,-2.024932E1,3.005625E1
7.137931E0,-3.865650E1,-1.181971E1,-2.581857E1,9.235368E0,-2.023715E1,3.013008E1
7.172414E0,-3.882277E1,-1.177156E1,-2.608038E1,9.164166E0,-2.033519E1,2.998427E1
7.206897E0,-3.883812E1,-1.187657E1,-2.608235E1,9.071191E0,-2.027147E1,2.991377E1
7.241379E0,-3.879273E1,-1.187212E1,-2.601496E1,9.160250E0,-2.023774E1,2.997853E1
7.275862E0,-3.884035E1,-1.191522E1,-2.594031E1,9.201803E0,-2.024049E1,2.995729E1
7.310345E0,-3.890433E1,-1.197944E1,-2.585460E1,9.092453E0,-2.021809E1,2.973380E1
7.344828E0,-3.897741E1,-1.188913E1,-2.581404E1,9.164290E0,-2.020951E1,2.968665E1
7.379310E0,-3.909931E1,-1.198191E1,-2.580915E1,9.061146E0,-2.041328E1,2.962328E1
7.413793E0,-3.906566E1,-1.206581E1,-2.567672E1,9.155963E0,-2.034134E1,2.966206E1
7.448276E0,-3.900784E1,-1.201272E1,,,-2.026762E1,2.975267E1
7.482759E0,-3.896855E1,-1.209348E1,,,-2.038867E1,2.992436E1
7.517241E0,-3.894416E1,-1.210589E1,,,-2.063133E1,2.988394E1
7.551724E0,-3.893347E1,-1.209719E1,-2.559032E1,9.430281E0,-2.063391E1,2.992105E1
7.586207E0,-3.891004E1,-1.203236E1,-2.567726E1,9.504166E0,-2.065046E1,2.986426E1
7.620690E0,-3.898115E1,-1.207325E1,,,-2.056263E1,2.989042E1
7.655172E0,-3.891341E1,-1.202848E1,,,-2.062748E1,2.989338E1
7.689655E0,-3.878828E1,-1.202799E1,-2.565395E1,9.326623E0,,
7.724138E0,-3.890202E1,-1.205880E1,-2.570779E1,9.367612E0,-2.076458E1,2.985015E1
7.758621E0,-3.877699E1,-1.196837E1,-2.585715E1,9.347927E0,-2.080094E1,2.988401E1
7.793103E0,-3.888016E1,-1.201965E1,-2.586136E1,9.474129E0,-2.080686E1,2.983415E1
7.827586E0,-3.904619E1,-1.206032E1,-2.569885E1,9.422369E0,-2.081891E1,2.972923E1
7.862069E0,-3.902272E1,-1.201807E1,-2.576496E1,9.559558E0,-2.089535E1,2.960080E1
7.896552E0,-3.903810E1,-1.211660E1,-2.579122E1,9.661480E0,-2.098848E1,2.960795E1
7.931034E0,-3.910707E1,-1.205554E1,-2.583709E1,9.832665E0,,
7.965517E0,-3.915709E1,-1.217900E1,-2.585805E1,9.798636E0,-2.109090E1,2.947230E1
8.000000E0,-3.917563E1,-1.217590E1,-2.586553E1,9.863361E0,-2.104444E1,2.926369E1
8.034483E0,-3.916433E1,-1.217998E1,-2.580522E1,9.940164E0,-2.094927E1,2.931223E1
8.068966E0,-3.916045E1,-1.212856E1,,,-2.088913E1,2.930149E1
8.103448E0,-3.921751E1,-1.235006E1,,,-2.094777E1,2.906236E1
8.137931E0,-3.914504E1,-1.222021E1,-2.605785E1,1.001396E1,-2.104599E1,2.945139E1
8.172414E0,-3.898938E1,-1.210853E1,-2.591944E1,9.934501E0,-2.095225E1,2.935190E1
8.206897E0,-3.907481E1,-1.204917E1,-2.604002E1,9.843758E0,-2.104732E1,2.929652E1
8.241379E0,-3.914246E1,-1.230108E1,-2.606065E1,9.779399E0,-2.098564E1,2.931498E1
