#multi:
,mass A,,mass B,,mass C,,mass D,,
t,x,y,x,y,x,y,x,y,
0.000000E0,1.226295E1,-1.075155E1,-6.698250E0,3.435000E-2,9.837247E0,2.623266E1,-3.911294E1,-2.389003E1
3.448276E-2,1.237063E1,-1.072006E1,-6.603596E0,-3.653395E-2,9.816944E0,2.610052E1,-3.920659E1,-2.399761E1
6.896552E-2,1.239652E1,-1.065815E1,-6.600213E0,7.267667E-2,9.859115E0,2.631916E1,-3.917782E1,-2.388802E1
1.034483E-1,1.240870E1,-1.074408E1,-6.547026E0,-6.564897E-2,9.897871E0,2.627710E1,-3.915859E1,-2.393056E1
1.379310E-1,1.251716E1,-1.085005E1,-6.517175E0,-1.505634E-1,9.712857E0,2.630433E1,-3.910563E1,-2.389842E1
1.724138E-1,1.259517E1,-1.085814E1,-6.557701E0,-2.104352E-1,9.660743E0,2.649815E1,-3.905685E1,-2.382312E1
2.068966E-1,1.268230E1,-1.063252E1,-6.471714E0,-2.032115E-1,9.585274E0,2.657934E1,-3.915825E1,-2.377527E1
2.413793E-1,1.277960E1,-1.059122E1,-6.513769E0,-1.856027E-1,9.568564E0,2.651403E1,-3.920970E1,-2.390669E1
2.758621E-1,1.274385E1,-1.040805E1,-6.320400E0,-1.717500E-1,9.555873E0,2.649239E1,-3.892012E1,-2.392860E1
3.103448E-1,1.290157E1,-1.023938E1,-6.191968E0,-9.322465E-2,9.588137E0,2.650975E1,-3.872243E1,-2.402554E1
3.448276E-1,1.280163E1,-1.019186E1,-6.089199E0,-5.995229E-2,9.628773E0,2.645383E1,-3.892012E1,-2.404429E1
3.793103E-1,1.280336E1,-1.001369E1,-6.069312E0,3.746211E-2,9.622693E0,2.643439E1,-3.887022E1,-2.403423E1
4.137931E-1,1.284914E1,-1.000857E1,-6.034991E0,1.771916E-2,9.638480E0,2.633798E1,-3.872959E1,-2.394275E1
4.482759E-1,1.276051E1,-1.008150E1,-5.974356E0,-8.009513E-3,9.701711E0,2.624006E1,-3.877877E1,-2.394821E1
4.827586E-1,1.280685E1,-9.959936E0,-5.908967E0,1.489628E-2,9.868959E0,2.631560E1,-3.874064E1,-2.395673E1
5.172414E-1,1.279570E1,-9.930537E0,-5.854831E0,9.850556E-2,1.006962E1,2.639771E1,-3.864880E1,-2.411498E1
5.517241E-1,1.275778E1,-9.963878E0,-5.805150E0,6.870000E-2,1.009698E1,2.653568E1,-3.868874E1,-2.381291E1
5.862069E-1,1.273442E1,-9.849354E0,-5.930226E0,2.589477E-2,1.009421E1,2.653994E1,-3.865809E1,-2.367428E1
6.206897E-1,1.262458E1,-9.691868E0,-5.906258E0,1.350147E-1,1.006496E1,2.642001E1,-3.869916E1,-2.352121E1
6.551724E-1,1.256442E1,-9.773040E0,-5.947727E0,2.021085E-1,1.012411E1,2.647619E1,-3.874349E1,-2.346509E1
6.896552E-1,1.252570E1,-9.934397E0,-5.962435E0,1.854691E-1,1.008395E1,2.643069E1,-3.864117E1,-2.345909E1
7.241379E-1,1.246439E1,-9.916226E0,-6.038202E0,3.591615E-1,1.004548E1,2.643625E1,-3.870748E1,-2.352933E1
7.586207E-1,1.255718E1,-1.006970E1,-6.152019E0,3.225245E-1,9.999901E0,2.640717E1,-3.855352E1,-2.348810E1
7.931034E-1,1.271856E1,-1.022740E1,-6.389100E0,3.778500E-1,9.880535E0,2.638417E1,-3.863090E1,-2.367793E1
8.275862E-1,1.273763E1,-1.028846E1,-6.356486E0,3.148847E-1,1.001835E1,2.650406E1,-3.843110E1,-2.372215E1
8.620690E-1,1.258342E1,-1.059546E1,-6.316218E0,2.828481E-1,1.000377E1,2.630366E1,-3.862411E1,-2.368965E1
8.965517E-1,1.264080E1,-9.927150E0,,,9.988756E0,2.634088E1,-3.884299E1,-2.379362E1
9.310345E-1,1.258390E1,-9.955743E0,-6.217350E0,2.061000E-1,9.988756E0,2.642746E1,-3.866946E1,-2.346583E1
9.655172E-1,1.273621E1,-9.905168E0,-6.255829E0,1.554160E-1,9.914886E0,2.643541E1,-3.894008E1,-2.349118E1
1.000000E0,1.267952E1,-9.891081E0,-6.218029E0,1.736727E-1,9.917582E0,2.626431E1,-3.877689E1,-2.333223E1
1.034483E0,1.251132E1,-1.000027E1,-6.296284E0,1.394443E-1,9.744410E0,2.627695E1,-3.867329E1,-2.348669E1
1.068966E0,1.235810E1,-1.018997E1,-6.375396E0,1.966471E-1,9.806002E0,2.629331E1,-3.867522E1,-2.347447E1
1.103448E0,1.239992E1,-1.001588E1,-6.287244E0,1.904869E-1,9.744875E0,2.630071E1,-3.866749E1,-2.335524E1
1.137931E0,1.249215E1,-1.000019E1,-6.374492E0,1.695848E-1,9.963951E0,2.635673E1,-3.866946E1,-2.336943E1
1.172414E0,1.252919E1,-1.001353E1,-6.462277E0,1.724845E-1,9.983799E0,2.641256E1,-3.868993E1,-2.342691E1
1.206897E0,1.243922E1,-1.008522E1,-6.394284E0,1.780176E-1,1.002100E1,2.655394E1,-3.865920E1,-2.332138E1
1.241379E0,1.236185E1,-9.918976E0,-6.321520E0,1.237887E-1,9.909913E0,2.639375E1,-3.856861E1,-2.348169E1
1.275862E0,1.224101E1,-1.006607E1,-6.350480E0,-5.808878E-2,1.001918E1,2.647902E1,-3.866227E1,-2.363311E1
1.310345E0,1.231574E1,-1.012186E1,-6.187354E0,3.215420E-2,1.000492E1,2.653188E1,-3.859561E1,-2.360353E1
1.344828E0,1.227931E1,-1.007655E1,-6.355063E0,-4.375448E-2,9.926996E0,2.669426E1,-3.845736E1,-2.373578E1
1.379310E0,1.245632E1,-1.015986E1,-6.592201E0,-2.643565E-2,9.908134E0,2.672974E1,-3.833854E1,-2.371200E1
1.413793E0,1.263274E1,-1.024588E1,-6.730343E0,-2.877511E-2,9.871140E0,2.679377E1,-3.844659E1,-2.360514E1
1.448276E0,1.275298E1,-1.034571E1,-6.668645E0,3.033225E-2,9.899737E0,2.677024E1,-3.876587E1,-2.344655E1
1.482759E0,1.279314E1,-1.028274E1,-6.663256E0,-2.221527E-2,9.868035E0,2.671897E1,-3.871509E1,-2.347091E1
1.517241E0,1.282328E1,-1.035863E1,-6.733884E0,1.885669E-2,9.802168E0,2.665029E1,-3.894139E1,-2.337260E1
1.551724E0,1.287980E1,-1.035108E1,-6.763959E0,-5.705378E-3,9.877674E0,2.666850E1,-3.881410E1,-2.343990E1
1.586207E0,1.280083E1,-1.032310E1,-6.834801E0,-6.127652E-2,9.958213E0,2.673605E1,-3.889618E1,-2.357928E1
1.620690E0,1.284853E1,-1.020144E1,-6.809435E0,-1.505365E-2,9.979683E0,2.664362E1,-3.885582E1,-2.332512E1
1.655172E0,1.283474E1,-1.029829E1,-6.793197E0,6.575615E-2,9.943809E0,2.655568E1,-3.883473E1,-2.332245E1
1.689655E0,1.290214E1,-1.023965E1,-6.814467E0,4.512941E-2,1.009978E1,2.667946E1,-3.881770E1,-2.327485E1
1.724138E0,1.289828E1,-1.017120E1,-6.823307E0,1.360881E-1,1.026041E1,2.668391E1,-3.873658E1,-2.337567E1
1.758621E0,1.282354E1,-1.002777E1,-6.750774E0,8.438390E-3,1.035680E1,2.659389E1,-3.864421E1,-2.338073E1
1.793103E0,1.282069E1,-9.907864E0,-6.747086E0,6.058740E-3,1.041027E1,2.664062E1,-3.861379E1,-2.347926E1
1.827586E0,1.286584E1,-9.994510E0,-6.732600E0,2.404500E-1,1.057315E1,2.653568E1,-3.849592E1,-2.350440E1
1.862069E0,1.277098E1,-1.006901E1,-6.830388E0,4.302280E-1,1.047370E1,2.643706E1,-3.844835E1,-2.366910E1
1.896552E0,1.292797E1,-9.962889E0,-6.854315E0,4.691903E-1,1.046813E1,2.660952E1,-3.850727E1,-2.367108E1
1.931034E0,1.290858E1,-1.010757E1,-6.874914E0,5.317237E-1,1.039459E1,2.663582E1,-3.848971E1,-2.361854E1
1.965517E0,1.292449E1,-1.014442E1,-6.956120E0,5.505430E-1,1.027755E1,2.667541E1,-3.863326E1,-2.351820E1
2.000000E0,1.296490E1,-1.017574E1,-7.065153E0,4.284871E-1,1.038662E1,2.683443E1,-3.859381E1,-2.338324E1
2.034483E0,1.299049E1,-1.013049E1,-7.062622E0,3.972924E-1,1.042048E1,2.676309E1,-3.865343E1,-2.316927E1
2.068966E0,1.304409E1,-1.018706E1,-7.005401E0,3.077121E-1,1.036400E1,2.654174E1,-3.871912E1,-2.316066E1
2.103448E0,1.307811E1,-1.015268E1,-6.941331E0,3.720622E-1,1.035024E1,2.649050E1,-3.869334E1,-2.334371E1
2.137931E0,1.314823E1,-1.008278E1,-6.989641E0,4.201160E-1,1.035090E1,2.647368E1,-3.874409E1,-2.349118E1
2.172414E0,1.314513E1,-1.015221E1,-6.871142E0,4.928552E-1,1.027012E1,2.633515E1,-3.887631E1,-2.351445E1
2.206897E0,1.321104E1,-1.020757E1,-6.901610E0,5.225132E-1,1.049328E1,2.631898E1,-3.901279E1,-2.351636E1
2.241379E0,1.334104E1,-1.033298E1,-6.831675E0,5.147178E-1,1.033408E1,2.637608E1,-3.890033E1,-2.360788E1
2.275862E0,1.333222E1,-1.040724E1,-6.854957E0,4.330767E-1,1.032468E1,2.623418E1,-3.891175E1,-2.364512E1
2.310345E0,1.334490E1,-1.037905E1,-6.772909E0,3.847919E-1,1.023953E1,2.622987E1,-3.888115E1,-2.360445E1
2.344828E0,1.327362E1,-1.030503E1,-6.793701E0,5.332991E-1,1.026774E1,2.628852E1,-3.883544E1,-2.383129E1
2.379310E0,1.309852E1,-1.039623E1,-6.880731E0,3.850019E-1,1.021201E1,2.621894E1,-3.893611E1,-2.391170E1
2.413793E0,1.302905E1,-1.028071E1,-6.916004E0,5.306301E-1,1.026335E1,2.615555E1,-3.891689E1,-2.400078E1
2.448276E0,1.304875E1,-1.008435E1,-7.146050E0,5.410276E-1,1.025712E1,2.634748E1,-3.897278E1,-2.409501E1
2.482759E0,1.293040E1,-1.011726E1,-7.125298E0,5.431919E-1,1.021070E1,2.636179E1,-3.899725E1,-2.425638E1
2.517241E0,1.294995E1,-1.006455E1,-7.007400E0,5.152500E-1,1.029177E1,2.627595E1,-3.874659E1,-2.396716E1
2.551724E0,1.273278E1,-1.003584E1,-7.008948E0,4.649781E-1,1.042939E1,2.615695E1,-3.867614E1,-2.399415E1
2.586207E0,1.269177E1,-9.967865E0,-7.158954E0,4.326780E-1,1.046771E1,2.624896E1,-3.870489E1,-2.429301E1
2.620690E0,1.260347E1,-1.000447E1,-7.208160E0,4.654529E-1,1.043173E1,2.629773E1,-3.889688E1,-2.436406E1
2.655172E0,1.267141E1,-9.957924E0,-7.059003E0,4.959025E-1,1.041128E1,2.626328E1,-3.865746E1,-2.417889E1
2.689655E0,1.252498E1,-1.001688E1,-7.044912E0,5.944074E-1,1.026445E1,2.629594E1,-3.871344E1,-2.417942E1
2.724138E0,1.258114E1,-1.011088E1,-7.151411E0,3.849150E-1,1.033431E1,2.617090E1,-3.885809E1,-2.403635E1
2.758621E0,1.261665E1,-1.009585E1,-7.095590E0,2.238408E-1,1.030143E1,2.619587E1,-3.884375E1,-2.404502E1
2.793103E0,1.255506E1,-1.003171E1,-6.995726E0,2.734322E-1,1.026447E1,2.621693E1,-3.878243E1,-2.419101E1
2.827586E0,1.237187E1,-1.005536E1,-6.975544E0,3.373153E-1,1.027404E1,2.629279E1,-3.894964E1,-2.427998E1
2.862069E0,1.235821E1,-1.024646E1,-6.936275E0,2.402557E-1,1.019734E1,2.618396E1,-3.889532E1,-2.424799E1
2.896552E0,1.222860E1,-1.033935E1,-6.766950E0,2.748000E-1,1.003204E1,2.636252E1,-3.870802E1,-2.423710E1
2.931034E0,1.243435E1,-1.051110E1,-6.786785E0,2.929469E-1,9.835184E0,2.629814E1,-3.872809E1,-2.451171E1
2.965517E0,1.242973E1,-1.055366E1,-6.675278E0,2.740556E-1,9.920094E0,2.629240E1,-3.845736E1,-2.435279E1
3.000000E0,1.245146E1,-1.039264E1,-6.701470E0,2.143866E-1,9.897413E0,2.634799E1,-3.866946E1,-2.439136E1
3.034483E0,1.238603E1,-1.042442E1,-6.764612E0,1.628635E-1,9.856582E0,2.631996E1,-3.865922E1,-2.438476E1
3.068966E0,1.234203E1,-1.046464E1,-6.603936E0,6.120686E-2,9.873266E0,2.620323E1,-3.862006E1,-2.418936E1
3.103448E0,1.241878E1,-1.049037E1,-6.456975E0,2.761703E-2,9.852164E0,2.619474E1,-3.867544E1,-2.419125E1
3.137931E0,1.227397E1,-1.043603E1,-6.495697E0,7.433891E-2,9.677981E0,2.612073E1,-3.867853E1,-2.422370E1
3.172414E0,1.240175E1,-1.061872E1,-6.509667E0,4.944146E-2,9.819944E0,2.619144E1,-3.849234E1,-2.407035E1
3.206897E0,1.250008E1,-1.075222E1,-6.566236E0,-6.598718E-2,9.785965E0,2.623267E1,-3.850854E1,-2.409468E1
3.241379E0,1.257206E1,-1.076513E1,-6.401382E0,-2.134265E-1,9.601476E0,2.635989E1,-3.865732E1,-2.406508E1
3.275862E0,1.279206E1,-1.065870E1,-6.402375E0,-1.841515E-1,9.659230E0,2.643941E1,-3.824526E1,-2.435279E1
3.310345E0,1.269196E1,-1.057524E1,-6.391167E0,-2.631624E-1,9.907917E0,2.638636E1,-3.820593E1,-2.427862E1
3.344828E0,1.280347E1,-1.035659E1,-6.441250E0,-3.101232E-1,9.819066E0,2.643491E1,-3.814037E1,-2.422840E1
3.379310E0,1.280397E1,-1.034586E1,-6.391370E0,-2.534867E-1,9.868240E0,2.648892E1,-3.820127E1,-2.414653E1
3.413793E0,1.281715E1,-1.048561E1,-6.347624E0,-3.058445E-1,9.699323E0,2.657854E1,-3.813822E1,-2.407857E1
3.448276E0,1.277648E1,-1.049601E1,-6.398605E0,-4.288385E-1,9.779155E0,2.671916E1,-3.811521E1,-2.412170E1
3.482759E0,1.271393E1,-1.059327E1,-6.448107E0,-4.966248E-1,9.722930E0,2.658270E1,-3.822035E1,-2.413260E1
3.517241E0,1.271556E1,-1.075666E1,-6.425367E0,-4.647096E-1,9.667688E0,2.643397E1,-3.825183E1,-2.407172E1
3.551724E0,1.276971E1,-1.087052E1,-6.320396E0,-3.846946E-1,9.742944E0,2.639883E1,-3.836588E1,-2.423807E1
3.586207E0,1.268491E1,-1.084590E1,-6.234563E0,-3.908348E-1,9.868158E0,2.632046E1,-3.847035E1,-2.412681E1
3.620690E0,1.266234E1,-1.075375E1,-6.319927E0,-2.951930E-1,9.815730E0,2.630858E1,-3.848968E1,-2.411601E1
3.655172E0,1.287281E1,-1.072184E1,-6.468147E0,-3.580962E-1,9.807615E0,2.624932E1,-3.866753E1,-2.402285E1
3.689655E0,1.276682E1,-1.064038E1,-6.397341E0,-3.440390E-1,9.711699E0,2.635613E1,-3.841393E1,-2.406197E1
3.724138E0,1.283686E1,-1.064896E1,-6.329918E0,-3.276961E-1,9.691152E0,2.629959E1,-3.843080E1,-2.411947E1
3.758621E0,1.270004E1,-1.053540E1,-6.442269E0,-4.726633E-1,9.640862E0,2.630468E1,-3.846098E1,-2.414734E1
3.793103E0,1.259229E1,-1.055174E1,-6.611075E0,-4.515845E-1,9.705135E0,2.625822E1,-3.851495E1,-2.406862E1
3.827586E0,1.246905E1,-1.064850E1,-6.870000E0,-3.435000E-1,9.750670E0,2.618937E1,-3.861161E1,-2.398644E1
3.862069E0,1.271522E1,-1.068134E1,-6.843011E0,-3.304351E-1,9.891774E0,2.615868E1,-3.849176E1,-2.395933E1
3.896552E0,1.258993E1,-1.068838E1,-6.944362E0,-2.654684E-1,9.764603E0,2.626989E1,-3.854039E1,-2.395783E1
3.931034E0,1.260132E1,-1.064639E1,-6.996218E0,-1.605607E-1,9.872875E0,2.633530E1,-3.856479E1,-2.389593E1
3.965517E0,1.269905E1,-1.073249E1,-7.039306E0,-1.059580E-1,9.934621E0,2.641674E1,-3.860945E1,-2.393272E1
4.000000E0,1.254398E1,-1.085998E1,-7.092071E0,-1.256716E-1,9.919349E0,2.650060E1,-3.851100E1,-2.409984E1
4.034483E0,1.249771E1,-1.102261E1,-7.068343E0,-1.517247E-1,1.003770E1,2.654870E1,-3.854484E1,-2.400059E1
4.068966E0,1.251468E1,-1.109064E1,-7.072053E0,-1.383226E-1,1.020043E1,2.661942E1,-3.852271E1,-2.398044E1
4.103448E0,1.253153E1,-1.109174E1,-7.069031E0,1.387441E-2,1.023461E1,2.658201E1,-3.845812E1,-2.391202E1
4.137931E0,1.252378E1,-1.095677E1,-6.916615E0,3.289481E-2,1.036822E1,2.658893E1,-3.833532E1,-2.392915E1
4.172414E0,1.251688E1,-1.105556E1,-6.892062E0,1.410699E-2,1.042272E1,2.659375E1,-3.843839E1,-2.400603E1
4.206897E0,1.265144E1,-1.110889E1,-6.984185E0,-4.919580E-2,1.047963E1,2.664542E1,-3.843808E1,-2.394788E1
4.241379E0,1.273062E1,-1.123250E1,-6.902997E0,-8.014595E-2,1.022685E1,2.644877E1,-3.838179E1,-2.396563E1
4.275862E0,1.291560E1,-1.130115E1,-6.904350E0,-1.030500E-1,1.016584E1,2.660214E1,-3.820670E1,-2.396716E1
4.310345E0,1.304811E1,-1.122054E1,-6.981525E0,-2.323088E-1,1.003264E1,2.653040E1,-3.822185E1,-2.389776E1
4.344828E0,1.300916E1,-1.119657E1,-6.887957E0,-3.932758E-1,9.929108E0,2.665059E1,-3.824349E1,-2.388997E1
4.379310E0,1.304861E1,-1.121149E1,-6.895117E0,-3.360896E-1,1.000469E1,2.647523E1,-3.832459E1,-2.391622E1
4.413793E0,1.312148E1,-1.114397E1,-6.974998E0,-2.664449E-1,1.005956E1,2.656582E1,-3.812543E1,-2.381188E1
4.448276E0,1.317073E1,-1.120108E1,-6.950449E0,-3.435696E-1,1.016663E1,2.664509E1,-3.806639E1,-2.366362E1
4.482759E0,1.311776E1,-1.114774E1,-7.012461E0,-4.115148E-1,1.026070E1,2.666463E1,-3.802135E1,-2.378085E1
4.517241E0,1.308193E1,-1.105186E1,-7.014756E0,-4.915695E-1,1.031291E1,2.680432E1,-3.807894E1,-2.385388E1
4.551724E0,1.292642E1,-1.116502E1,-6.983507E0,-5.519929E-1,1.018034E1,2.665735E1,-3.807350E1,-2.387085E1
4.586207E0,1.283085E1,-1.108091E1,-7.074930E0,-5.926739E-1,1.005463E1,2.663076E1,-3.812848E1,-2.404209E1
4.620690E0,1.270510E1,-1.109718E1,-7.010135E0,-5.992320E-1,9.874481E0,2.660374E1,-3.809767E1,-2.410192E1
4.655172E0,1.278223E1,-1.128340E1,-6.991446E0,-7.152533E-1,1.019511E1,2.677765E1,-3.800816E1,-2.420962E1
4.689655E0,1.274698E1,-1.115742E1,-6.902170E0,-7.523236E-1,1.027045E1,2.685975E1,-3.800300E1,-2.441065E1
4.724138E0,1.278886E1,-1.113049E1,-6.931332E0,-8.418676E-1,1.014334E1,2.691735E1,-3.793777E1,-2.439228E1
4.758621E0,1.280848E1,-1.106472E1,-6.997750E0,-8.507463E-1,1.018844E1,2.688240E1,-3.774557E1,-2.447856E1
4.793103E0,1.279970E1,-1.106128E1,-7.035715E0,-7.546382E-1,9.899696E0,2.688999E1,-3.774690E1,-2.461596E1
4.827586E0,1.264021E1,-1.107608E1,-6.967283E0,-7.669119E-1,9.934892E0,2.702058E1,-3.762655E1,-2.472409E1
4.862069E0,1.257425E1,-1.113078E1,-6.836946E0,-9.228902E-1,9.960786E0,2.710468E1,-3.776172E1,-2.454552E1
4.896552E0,1.256640E1,-1.112942E1,-6.698314E0,-8.817506E-1,1.000903E1,2.709967E1,-3.768442E1,-2.440699E1
4.931034E0,1.258148E1,-1.109125E1,-6.643304E0,-9.757179E-1,9.935257E0,2.700125E1,-3.768020E1,-2.427499E1
4.965517E0,1.236600E1,-1.116375E1,-6.801300E0,-1.030500E0,9.949427E0,2.694839E1,-3.764753E1,-2.417926E1
5.000000E0,1.245511E1,-1.121544E1,-6.897822E0,-9.740926E-1,9.788357E0,2.695347E1,-3.761178E1,-2.421213E1
5.034483E0,1.243495E1,-1.112660E1,-6.683542E0,-1.049385E0,9.816383E0,2.675639E1,-3.763630E1,-2.449714E1
5.068966E0,1.243024E1,-1.116828E1,-6.771340E0,-1.012419E0,9.863701E0,2.686908E1,-3.749889E1,-2.452231E1
5.103448E0,1.250542E1,-1.111982E1,-6.817532E0,-9.184746E-1,1.000353E1,2.682937E1,-3.770537E1,-2.469986E1
5.137931E0,1.237224E1,-1.116297E1,-6.805956E0,-7.667504E-1,9.941248E0,2.691129E1,-3.787844E1,-2.467999E1
5.172414E0,1.253275E1,-1.102083E1,-6.868078E0,-7.306112E-1,9.895325E0,2.708906E1,-3.799460E1,-2.452633E1
5.206897E0,1.248473E1,-1.106428E1,-6.814752E0,-5.386689E-1,9.909208E0,2.711759E1,-3.796076E1,-2.436725E1
5.241379E0,1.249361E1,-1.102878E1,-6.949100E0,-4.526866E-1,9.987496E0,2.712243E1,-3.790456E1,-2.430718E1
5.275862E0,1.250340E1,-1.102635E1,-7.041750E0,-2.061000E-1,1.010091E1,2.709988E1,-3.791747E1,-2.427567E1
5.310345E0,1.262470E1,-1.113150E1,-7.010499E0,-3.729982E-1,1.025472E1,2.700678E1,-3.783565E1,-2.446500E1
5.344828E0,1.266123E1,-1.103628E1,-7.052282E0,-5.025654E-1,1.027973E1,2.685632E1,-3.772265E1,-2.446828E1
5.379310E0,1.247852E1,-1.100887E1,-7.137809E0,-5.459493E-1,1.037174E1,2.700152E1,-3.770150E1,-2.420163E1
5.413793E0,1.246605E1,-1.105589E1,-6.969368E0,-4.828415E-1,1.042938E1,2.717337E1,-3.778567E1,-2.434602E1
5.448276E0,1.255904E1,-1.118806E1,-6.901513E0,-4.720177E-1,1.051792E1,2.721256E1,-3.787882E1,-2.439267E1
5.482759E0,1.249658E1,-1.132094E1,-6.802695E0,-2.204044E-1,1.047768E1,2.727123E1,-3.804305E1,-2.429434E1
5.517241E0,1.244018E1,-1.133438E1,-6.878009E0,-3.483227E-1,1.035310E1,2.719835E1,-3.810180E1,-2.425996E1
5.551724E0,1.248099E1,-1.124807E1,-6.922243E0,-3.401003E-1,1.041603E1,2.714745E1,-3.813892E1,-2.418069E1
5.586207E0,1.241608E1,-1.133426E1,-6.805830E0,-2.553752E-1,1.043048E1,2.705195E1,-3.816337E1,-2.415789E1
5.620690E0,1.239414E1,-1.136569E1,-6.774916E0,-2.911149E-1,1.034893E1,2.700339E1,-3.823548E1,-2.426518E1
5.655172E0,1.249205E1,-1.113363E1,-6.795916E0,-3.071931E-1,1.035082E1,2.718657E1,-3.824841E1,-2.442888E1
5.689655E0,1.263798E1,-1.105239E1,-6.865133E0,-3.526954E-1,1.048864E1,2.718308E1,-3.801399E1,-2.458202E1
5.724138E0,1.261740E1,-1.108937E1,-6.901151E0,-3.709228E-1,1.037412E1,2.731128E1,-3.789400E1,-2.453453E1
5.758621E0,1.251859E1,-1.101510E1,-6.915230E0,-4.000029E-1,1.024237E1,2.720871E1,-3.782436E1,-2.461024E1
5.793103E0,1.238918E1,-1.075682E1,-6.842347E0,-3.207644E-1,1.016638E1,2.720954E1,-3.781297E1,-2.471928E1
5.827586E0,1.236060E1,-1.074013E1,-6.789392E0,-2.352368E-1,1.030964E1,2.714946E1,-3.790737E1,-2.496276E1
5.862069E0,1.227629E1,-1.071857E1,-6.698033E0,-2.622500E-1,1.034303E1,2.717554E1,-3.786594E1,-2.489580E1
5.896552E0,1.231084E1,-1.067982E1,-6.449168E0,-2.842572E-1,1.039133E1,2.708313E1,-3.776040E1,-2.481074E1
5.931034E0,1.222178E1,-1.070947E1,-6.486034E0,-1.545987E-1,1.025285E1,2.715868E1,-3.764636E1,-2.484189E1
5.965517E0,1.208859E1,-1.073121E1,-6.560511E0,1.344635E-1,1.022695E1,2.707285E1,-3.778562E1,-2.482065E1
6.000000E0,1.200291E1,-1.073500E1,-6.630239E0,-5.728251E-4,1.029257E1,2.706991E1,-3.755112E1,-2.485412E1
6.034483E0,1.197197E1,-1.075360E1,-6.617319E0,2.149137E-2,1.013260E1,2.703710E1,-3.749191E1,-2.490311E1
6.068966E0,1.202102E1,-1.074593E1,-6.648226E0,-6.562589E-2,1.007657E1,2.699446E1,-3.741548E1,-2.493740E1
6.103448E0,1.207419E1,-1.060890E1,-6.634123E0,-4.017831E-2,1.023774E1,2.694974E1,-3.730010E1,-2.486429E1
6.137931E0,1.210461E1,-1.047172E1,-6.543780E0,7.408991E-2,1.012357E1,2.694549E1,-3.721709E1,-2.478989E1
6.172414E0,1.204081E1,-1.055037E1,-6.590262E0,4.096708E-2,1.017956E1,2.693033E1,-3.721913E1,-2.478043E1
6.206897E0,1.203639E1,-1.055691E1,-6.578120E0,4.027634E-2,1.027986E1,2.676729E1,-3.726366E1,-2.472409E1
6.241379E0,1.192379E1,-1.056997E1,-6.665284E0,-8.177630E-2,1.037372E1,2.666737E1,-3.717068E1,-2.481149E1
6.275862E0,1.190144E1,-1.063840E1,-6.649316E0,-1.872898E-1,1.032247E1,2.652283E1,-3.720639E1,-2.452917E1
6.310345E0,1.185214E1,-1.066032E1,-6.710575E0,-9.364878E-2,1.034702E1,2.631914E1,-3.699926E1,-2.451368E1
6.344828E0,1.189682E1,-1.064045E1,-6.717572E0,-1.564792E-1,1.038953E1,2.634528E1,-3.700919E1,-2.458100E1
6.379310E0,1.185493E1,-1.077237E1,-6.617007E0,-1.876420E-1,1.042563E1,2.625965E1,-3.701987E1,-2.449408E1
6.413793E0,1.195394E1,-1.088330E1,-6.644922E0,-5.859738E-2,1.049114E1,2.617081E1,-3.706928E1,-2.438642E1
6.448276E0,1.200791E1,-1.099312E1,-6.512729E0,-1.643160E-1,1.039349E1,2.625382E1,-3.716196E1,-2.433841E1
6.482759E0,1.215990E1,-1.102635E1,-6.286050E0,-2.404500E-1,1.051209E1,2.625588E1,-3.714620E1,-2.414069E1
6.517241E0,1.211099E1,-1.115770E1,-6.353459E0,-3.131707E-1,1.063577E1,2.620316E1,-3.721045E1,-2.404221E1
6.551724E0,1.208347E1,-1.127840E1,-6.221767E0,-5.559355E-1,1.060666E1,2.620728E1,-3.713592E1,-2.401630E1
6.586207E0,1.206901E1,-1.130064E1,-6.311549E0,-5.667058E-1,1.065662E1,2.615979E1,-3.703931E1,-2.396873E1
6.620690E0,1.197144E1,-1.140343E1,-6.144659E0,-4.934225E-1,1.066988E1,2.622481E1,-3.715114E1,-2.387433E1
6.655172E0,1.207634E1,-1.132820E1,-6.156316E0,-4.728605E-1,1.051646E1,2.619977E1,-3.720262E1,-2.383954E1
6.689655E0,1.213629E1,-1.130709E1,-5.989360E0,-4.700550E-1,1.060210E1,2.615782E1,-3.711599E1,-2.402760E1
6.724138E0,1.228038E1,-1.117917E1,-5.945313E0,-5.298622E-1,1.063092E1,2.610450E1,-3.692449E1,-2.403515E1
6.758621E0,1.219127E1,-1.122041E1,-5.786648E0,-5.922352E-1,1.064070E1,2.607832E1,-3.692019E1,-2.397525E1
6.793103E0,1.202512E1,-1.137290E1,-5.730096E0,-5.659249E-1,1.056311E1,2.615602E1,-3.691003E1,-2.377807E1
6.827586E0,1.203404E1,-1.129607E1,-5.748696E0,-5.775396E-1,1.046920E1,2.621536E1,-3.695173E1,-2.370783E1
6.862069E0,1.205767E1,-1.135453E1,-5.867455E0,-6.345704E-1,1.053253E1,2.620973E1,-3.711022E1,-2.375463E1
6.896552E0,1.201822E1,-1.130183E1,-5.953267E0,-5.292416E-1,1.048834E1,2.625078E1,-3.716018E1,-2.373699E1
6.931034E0,1.203260E1,-1.137633E1,-6.037128E0,-4.659514E-1,1.055131E1,2.647600E1,-3.706653E1,-2.357048E1
6.965517E0,1.212166E1,-1.138307E1,-5.948177E0,-4.670444E-1,1.053745E1,2.657510E1,-3.705488E1,-2.349939E1
7.000000E0,1.198094E1,-1.141792E1,-5.900414E0,-4.994490E-1,1.054866E1,2.672053E1,-3.674129E1,-2.333086E1
7.034483E0,1.200143E1,-1.147842E1,-5.973368E0,-4.892600E-1,1.064507E1,2.651006E1,-3.673177E1,-2.329871E1
7.068966E0,1.201589E1,-1.152387E1,-6.031560E0,-3.954994E-1,1.048495E1,2.641386E1,-3.677368E1,-2.336641E1
7.103448E0,1.208455E1,-1.164710E1,-6.125702E0,-3.355109E-1,1.046530E1,2.645117E1,-3.688784E1,-2.333641E1
7.137931E0,1.202259E1,-1.168274E1,-6.132043E0,-3.408013E-1,1.045001E1,2.637413E1,-3.690506E1,-2.330903E1
7.172414E0,1.203253E1,-1.162753E1,-5.953475E0,-2.392876E-1,1.037763E1,2.651607E1,-3.687357E1,-2.319670E1
7.206897E0,1.208889E1,-1.185192E1,-5.881107E0,-1.934708E-1,1.045675E1,2.650242E1,-3.697219E1,-2.317807E1
7.241379E0,1.201105E1,-1.186185E1,-5.852379E0,-1.805106E-1,1.033257E1,2.636284E1,-3.703062E1,-2.310756E1
7.275862E0,1.209120E1,-1.185075E1,-5.942550E0,-2.061000E-1,1.041471E1,2.639655E1,,
7.310345E0,1.210842E1,-1.186021E1,-5.884756E0,-2.400016E-1,1.031441E1,2.624087E1,-3.712692E1,-2.309948E1
7.344828E0,1.215385E1,-1.188142E1,-5.956185E0,-2.736784E-1,1.038071E1,2.622540E1,-3.712827E1,-2.303280E1
7.379310E0,1.231166E1,-1.197690E1,-6.068010E0,-3.528836E-1,1.023606E1,2.636995E1,-3.725309E1,-2.298949E1
7.413793E0,1.233372E1,-1.193660E1,-6.107285E0,-4.091989E-1,1.017683E1,2.637881E1,-3.712031E1,-2.280475E1
7.448276E0,1.243282E1,-1.193367E1,-6.187378E0,-4.113294E-1,1.030183E1,2.639911E1,-3.715185E1,-2.280925E1
7.482759E0,1.254886E1,-1.196611E1,-6.185763E0,-3.278021E-1,1.041184E1,2.657171E1,-3.713999E1,-2.276914E1
7.517241E0,1.262647E1,-1.194963E1,-6.340301E0,-2.394893E-1,1.042275E1,2.636886E1,-3.718809E1,-2.257324E1
7.551724E0,1.272801E1,-1.209888E1,-6.533993E0,-2.098515E-1,1.048890E1,2.634566E1,-3.719845E1,-2.261102E1
7.586207E0,1.270881E1,-1.198494E1,-6.449547E0,-3.695059E-1,1.049260E1,2.637582E1,-3.716803E1,-2.274763E1
7.620690E0,1.265498E1,-1.192975E1,-6.382357E0,-4.312038E-1,1.053776E1,2.637885E1,-3.726209E1,-2.279398E1
7.655172E0,1.272445E1,-1.206858E1,-6.291912E0,-4.932633E-1,1.050606E1,2.625813E1,-3.732782E1,-2.267462E1
7.689655E0,1.267268E1,-1.197334E1,-6.309750E0,-5.621245E-1,1.055610E1,2.621954E1,-3.728476E1,-2.267361E1
7.724138E0,1.271625E1,-1.187887E1,-6.419685E0,-5.311065E-1,1.060757E1,2.618415E1,-3.720107E1,-2.273594E1
7.758621E0,1.263157E1,-1.197608E1,-6.482794E0,-4.548859E-1,1.043073E1,2.625893E1,-3.731876E1,-2.266035E1
7.793103E0,1.246865E1,-1.198606E1,-6.400184E0,-3.395817E-1,1.043469E1,2.623895E1,-3.724375E1,-2.262362E1
7.827586E0,1.238680E1,-1.209462E1,-6.441335E0,-4.258101E-1,1.060356E1,2.638797E1,-3.708937E1,-2.252946E1
7.862069E0,1.240541E1,-1.196043E1,-6.529111E0,-2.637954E-1,1.061205E1,2.624911E1,-3.705228E1,-2.246503E1
7.896552E0,1.240346E1,-1.203758E1,-6.536441E0,-3.348973E-1,1.069933E1,2.625314E1,-3.695247E1,-2.240342E1
7.931034E0,1.249615E1,-1.198094E1,-6.562864E0,-3.921083E-1,1.072767E1,2.635731E1,-3.695235E1,-2.253376E1
7.965517E0,1.246142E1,-1.191806E1,-6.678296E0,-4.878951E-1,1.045223E1,2.631865E1,-3.685758E1,-2.256071E1
8.000000E0,1.257210E1,-1.181640E1,,,1.045799E1,2.649393E1,,
8.034483E0,1.255900E1,-1.174471E1,-6.526500E0,-5.152500E-1,1.038225E1,2.640737E1,-3.664488E1,-2.282954E1
8.068966E0,1.255937E1,-1.183659E1,-6.477454E0,-5.231721E-1,1.028814E1,2.645236E1,-3.677200E1,-2.282088E1
8.103448E0,1.254753E1,-1.163021E1,-6.347499E0,-5.341170E-1,1.030387E1,2.641140E1,-3.668200E1,-2.286815E1
8.137931E0,1.250011E1,-1.155190E1,-6.469740E0,-5.307729E-1,1.035004E1,2.634623E1,-3.689259E1,-2.297744E1
8.172414E0,1.225840E1,-1.148370E1,-6.464470E0,-4.459810E-1,1.019684E1,2.643649E1,-3.703020E1,-2.284712E1
8.206897E0,1.224797E1,-1.136131E1,-6.212290E0,-3.866505E-1,1.019577E1,2.651820E1,-3.700146E1,-2.295261E1
8.241379E0,1.238621E1,-1.153608E1,-6.122484E0,-3.261361E-1,1.009361E1,2.651033E1,,
