#multi:
,mass A,,mass B,,mass C,,mass D,,
t,x,y,x,y,x,y,x,y,
0.000000E0,-1.477117E1,2.823044E1,5.617191E0,-1.267958E0,,,2.611680E1,-2.371162E1
3.448276E-2,-1.481345E1,2.846712E1,5.630155E0,-1.355699E0,,,2.610088E1,-2.376636E1
6.896552E-2,-1.467209E1,2.849586E1,5.661798E0,-1.229649E0,,,2.602874E1,-2.371855E1
1.034483E-1,-1.458261E1,2.854557E1,5.658116E0,-1.403307E0,,,2.608439E1,-2.378721E1
1.379310E-1,-1.464556E1,2.855150E1,5.581468E0,-1.287910E0,,,2.613835E1,-2.372911E1
1.724138E-1,-1.468692E1,2.841134E1,5.741818E0,-1.249560E0,2.014030E1,1.207446E1,2.616539E1,-2.349297E1
2.068966E-1,-1.468043E1,2.841933E1,5.738631E0,-1.331254E0,2.015497E1,1.202345E1,2.633213E1,-2.345102E1
2.413793E-1,-1.478510E1,2.843298E1,5.744086E0,-1.448463E0,1.999692E1,1.203941E1,2.639237E1,-2.356553E1
2.758621E-1,-1.467881E1,2.852039E1,5.899229E0,-1.342409E0,2.004312E1,1.205017E1,2.635974E1,-2.366303E1
3.103448E-1,-1.460985E1,2.852893E1,5.998821E0,-1.351357E0,2.004249E1,1.206614E1,2.619711E1,-2.377566E1
3.448276E-1,-1.461392E1,2.860029E1,6.017829E0,-1.403018E0,2.004807E1,1.211870E1,2.626064E1,-2.388530E1
3.793103E-1,-1.470710E1,2.852194E1,6.017412E0,-1.362182E0,1.997728E1,1.208313E1,2.618299E1,-2.400898E1
4.137931E-1,-1.466309E1,2.856559E1,5.976488E0,-1.384187E0,1.994191E1,1.195721E1,2.631989E1,-2.399982E1
4.482759E-1,-1.464121E1,2.860487E1,5.971805E0,-1.386910E0,2.004799E1,1.188158E1,2.640589E1,-2.407291E1
4.827586E-1,-1.453637E1,2.860327E1,6.008529E0,-1.204880E0,2.006021E1,1.177714E1,2.645276E1,-2.403444E1
5.172414E-1,-1.464238E1,2.856362E1,5.944449E0,-1.251710E0,1.995914E1,1.175223E1,2.636863E1,-2.400769E1
5.517241E-1,-1.465331E1,2.861291E1,6.031607E0,-1.405593E0,1.997880E1,1.173266E1,2.647750E1,-2.396412E1
5.862069E-1,-1.447691E1,2.860430E1,6.080537E0,-1.528747E0,2.006760E1,1.161540E1,2.651108E1,-2.392631E1
6.206897E-1,-1.452319E1,2.859072E1,5.971333E0,-1.552844E0,2.010349E1,1.160914E1,2.642557E1,-2.378958E1
6.551724E-1,-1.442842E1,2.854943E1,6.156268E0,-1.671725E0,2.015409E1,1.161639E1,2.653932E1,-2.384162E1
6.896552E-1,-1.449301E1,2.865779E1,6.153541E0,-1.687966E0,2.007573E1,1.163552E1,2.650532E1,-2.385888E1
7.241379E-1,-1.449061E1,2.869989E1,6.214997E0,-1.749954E0,2.001836E1,1.156549E1,2.643344E1,-2.391995E1
7.586207E-1,-1.433847E1,2.862910E1,6.248126E0,-1.754542E0,2.003251E1,1.160118E1,2.646345E1,-2.384718E1
7.931034E-1,-1.430004E1,2.864095E1,6.220894E0,-1.699137E0,1.999533E1,1.157782E1,2.631612E1,-2.383902E1
8.275862E-1,-1.436180E1,2.853111E1,6.257656E0,-1.713715E0,1.994497E1,1.154260E1,2.633036E1,-2.386923E1
8.620690E-1,-1.424678E1,2.851113E1,6.219877E0,-1.830557E0,2.010042E1,1.147441E1,2.625852E1,-2.392344E1
8.965517E-1,-1.418787E1,2.846945E1,6.321837E0,-1.796374E0,2.014104E1,1.151841E1,2.623988E1,-2.393836E1
9.310345E-1,-1.425891E1,2.849317E1,6.421922E0,-1.739829E0,2.002369E1,1.141433E1,2.622796E1,-2.385060E1
9.655172E-1,-1.428149E1,2.856978E1,6.414504E0,-1.671580E0,2.004312E1,1.124844E1,2.623827E1,-2.395457E1
1.000000E0,-1.423323E1,2.855077E1,6.423753E0,-1.694022E0,1.995001E1,1.115029E1,2.633524E1,-2.389949E1
1.034483E0,-1.426832E1,2.850321E1,6.350296E0,-1.745168E0,1.999610E1,1.119160E1,2.637187E1,-2.397755E1
1.068966E0,-1.428534E1,2.844276E1,6.512912E0,-1.736202E0,2.002632E1,1.114958E1,2.649850E1,-2.399824E1
1.103448E0,-1.429500E1,2.837975E1,6.545891E0,-1.669855E0,1.997895E1,1.103706E1,2.646545E1,-2.406919E1
1.137931E0,-1.426328E1,2.829740E1,6.571147E0,-1.660611E0,2.003071E1,1.114152E1,2.656104E1,-2.407700E1
1.172414E0,-1.428843E1,2.830331E1,6.607614E0,-1.581562E0,1.998225E1,1.129230E1,2.671250E1,-2.402093E1
1.206897E0,-1.440541E1,2.836373E1,6.718427E0,-1.664316E0,1.996298E1,1.134790E1,2.670221E1,-2.404981E1
1.241379E0,-1.423812E1,2.841641E1,6.709987E0,-1.736708E0,2.004880E1,1.135076E1,2.679304E1,-2.397325E1
1.275862E0,-1.412277E1,2.855265E1,6.698843E0,-1.760547E0,2.003018E1,1.130283E1,2.680609E1,-2.398002E1
1.310345E0,-1.424231E1,2.849336E1,6.790116E0,-1.722480E0,2.013654E1,1.129483E1,2.671828E1,-2.399985E1
1.344828E0,-1.418421E1,2.847311E1,6.902746E0,-1.752322E0,2.024347E1,1.141876E1,2.687083E1,-2.398259E1
1.379310E0,-1.435881E1,2.843850E1,6.859443E0,-1.812744E0,2.040325E1,1.137109E1,2.679865E1,-2.397100E1
1.413793E0,-1.430015E1,2.831727E1,6.838476E0,-1.788277E0,2.052902E1,1.144280E1,2.696711E1,-2.397886E1
1.448276E0,-1.434333E1,2.837760E1,6.759448E0,-1.755979E0,2.052339E1,1.129843E1,2.698827E1,-2.392534E1
1.482759E0,-1.434548E1,2.855202E1,6.701513E0,-1.712209E0,2.040402E1,1.133675E1,2.691583E1,-2.386383E1
1.517241E0,-1.435745E1,2.851135E1,6.756302E0,-1.856612E0,2.050779E1,1.127503E1,2.677524E1,-2.401849E1
1.551724E0,-1.416208E1,2.852753E1,6.841365E0,-1.789746E0,2.051539E1,1.132197E1,2.674750E1,-2.411618E1
1.586207E0,-1.415675E1,2.853144E1,6.961621E0,-1.722903E0,2.046122E1,1.130701E1,2.681037E1,-2.401987E1
1.620690E0,-1.420571E1,2.857594E1,6.952063E0,-1.666047E0,2.045850E1,1.133616E1,2.691807E1,-2.413493E1
1.655172E0,-1.419074E1,2.847400E1,6.940612E0,-1.760129E0,2.056563E1,1.127770E1,2.686804E1,-2.406207E1
1.689655E0,-1.422131E1,2.845373E1,7.136160E0,-1.697119E0,2.060150E1,1.130006E1,2.679705E1,-2.414893E1
1.724138E0,-1.408448E1,2.850037E1,7.185988E0,-1.681825E0,2.068372E1,1.127537E1,2.675463E1,-2.410732E1
1.758621E0,-1.406298E1,2.846186E1,7.155548E0,-1.740218E0,2.078285E1,1.121710E1,2.673241E1,-2.401904E1
1.793103E0,-1.411698E1,2.839763E1,7.059446E0,-1.681531E0,2.065154E1,1.129927E1,2.655377E1,-2.398385E1
1.827586E0,-1.402240E1,2.850155E1,7.010987E0,-1.744922E0,2.071876E1,1.123724E1,2.646791E1,-2.396173E1
1.862069E0,-1.395891E1,2.842808E1,6.959778E0,-1.849774E0,2.086914E1,1.115127E1,2.635974E1,-2.385739E1
1.896552E0,-1.396702E1,2.840658E1,6.983367E0,-1.851261E0,2.071161E1,1.125966E1,2.635708E1,-2.382823E1
1.931034E0,-1.389062E1,2.836142E1,6.985836E0,-1.980476E0,2.074268E1,1.116715E1,2.633863E1,-2.375833E1
1.965517E0,-1.381406E1,2.829000E1,6.902213E0,-2.082549E0,2.070034E1,1.114333E1,2.637039E1,-2.371954E1
2.000000E0,-1.383361E1,2.834617E1,6.950928E0,-2.068697E0,2.061636E1,1.117398E1,2.629896E1,-2.372925E1
2.034483E0,-1.386469E1,2.833972E1,6.980287E0,-2.061303E0,2.066877E1,1.107388E1,2.625372E1,-2.367287E1
2.068966E0,-1.388489E1,2.834613E1,6.975252E0,-2.100285E0,2.068515E1,1.100966E1,2.626428E1,-2.380799E1
2.103448E0,-1.382006E1,2.831907E1,7.032805E0,-2.138032E0,2.068575E1,1.092183E1,2.624468E1,-2.388186E1
2.137931E0,-1.390210E1,2.831897E1,6.977114E0,-1.971266E0,2.070973E1,1.097635E1,2.617455E1,-2.375469E1
2.172414E0,-1.387318E1,2.820761E1,7.030764E0,-1.928276E0,2.069908E1,1.090832E1,2.616539E1,-2.363874E1
2.206897E0,-1.389657E1,2.835191E1,6.953319E0,-2.113264E0,2.072338E1,1.105409E1,2.604391E1,-2.354156E1
2.241379E0,-1.377163E1,2.824974E1,7.041950E0,-2.209899E0,2.076752E1,1.100565E1,2.604365E1,-2.359377E1
2.275862E0,-1.364491E1,2.837277E1,7.062470E0,-2.163654E0,2.084884E1,1.083902E1,2.612708E1,-2.357343E1
2.310345E0,-1.366690E1,2.832750E1,6.829207E0,-2.260752E0,2.068360E1,1.082405E1,2.608147E1,-2.348846E1
2.344828E0,-1.355001E1,2.849654E1,6.818832E0,-2.297453E0,2.071558E1,1.089932E1,2.611204E1,-2.346679E1
2.379310E0,-1.331095E1,2.847045E1,6.710013E0,-2.432127E0,2.069629E1,1.090065E1,2.624841E1,-2.346492E1
2.413793E0,-1.343454E1,2.849170E1,6.873513E0,-2.458562E0,2.067500E1,1.086841E1,2.628668E1,-2.339816E1
2.448276E0,-1.347164E1,2.833915E1,6.845571E0,-2.426561E0,2.070535E1,1.081945E1,2.639668E1,-2.340280E1
2.482759E0,-1.342465E1,2.838095E1,6.751313E0,-2.404157E0,2.072761E1,1.079535E1,2.629785E1,-2.342848E1
2.517241E0,-1.345916E1,2.838607E1,6.832279E0,-2.299594E0,2.077198E1,1.085794E1,2.647324E1,-2.353805E1
2.551724E0,-1.363915E1,2.836162E1,6.760228E0,-2.349259E0,2.081088E1,1.082239E1,2.644056E1,-2.355850E1
2.586207E0,-1.359340E1,2.828000E1,6.789850E0,-2.391326E0,2.077453E1,1.085184E1,2.642181E1,-2.343437E1
2.620690E0,-1.362932E1,2.820614E1,6.680639E0,-2.440479E0,2.086914E1,1.078684E1,2.660269E1,-2.349297E1
2.655172E0,-1.363507E1,2.834679E1,6.586515E0,-2.471554E0,2.086588E1,1.073287E1,2.656997E1,-2.351439E1
2.689655E0,-1.374977E1,2.825792E1,6.627232E0,-2.376957E0,2.088134E1,1.071297E1,2.653973E1,-2.362224E1
2.724138E0,-1.365829E1,2.816723E1,6.621776E0,-2.298689E0,2.098985E1,1.068183E1,2.652036E1,-2.354361E1
2.758621E0,-1.366949E1,2.816501E1,6.715531E0,-2.298233E0,2.102548E1,1.076724E1,2.650721E1,-2.356041E1
2.793103E0,-1.367303E1,2.809360E1,6.688672E0,-2.341712E0,2.108930E1,1.071972E1,2.659384E1,-2.358727E1
2.827586E0,-1.364776E1,2.806923E1,6.772712E0,-2.348930E0,2.108817E1,1.068963E1,2.645600E1,-2.363107E1
2.862069E0,-1.355728E1,2.821070E1,6.845896E0,-2.343115E0,2.117473E1,1.084234E1,2.640466E1,-2.352353E1
2.896552E0,-1.354729E1,2.806473E1,6.779543E0,-2.418354E0,2.122575E1,1.082416E1,2.640914E1,-2.365780E1
2.931034E0,-1.361720E1,2.807753E1,6.749882E0,-2.488736E0,2.114105E1,1.075470E1,2.652385E1,-2.354773E1
2.965517E0,-1.361644E1,2.819017E1,6.685055E0,-2.424421E0,2.107916E1,1.094615E1,2.656353E1,-2.361539E1
3.000000E0,-1.351877E1,2.813520E1,6.646478E0,-2.544424E0,2.114557E1,1.077462E1,2.667706E1,-2.367748E1
3.034483E0,-1.342038E1,2.811359E1,6.656679E0,-2.515418E0,2.118591E1,1.076052E1,2.664251E1,-2.368159E1
3.068966E0,-1.340938E1,2.804015E1,6.743993E0,-2.591401E0,2.117396E1,1.080641E1,2.662161E1,-2.358768E1
3.103448E0,-1.334472E1,2.795519E1,6.723461E0,-2.536445E0,2.126053E1,1.071272E1,2.663454E1,-2.379134E1
3.137931E0,-1.348356E1,2.791461E1,6.680639E0,-2.522282E0,2.142792E1,1.071396E1,2.657840E1,-2.380880E1
3.172414E0,-1.356904E1,2.792475E1,6.707167E0,-2.417464E0,2.140330E1,1.068321E1,2.657060E1,-2.383361E1
3.206897E0,-1.366043E1,2.785138E1,6.754634E0,-2.393902E0,2.146422E1,1.071877E1,2.667684E1,-2.391732E1
3.241379E0,-1.361577E1,2.790792E1,6.871795E0,-2.485349E0,2.161923E1,1.075148E1,2.661368E1,-2.402290E1
3.275862E0,-1.369623E1,2.789740E1,6.808636E0,-2.498339E0,2.156793E1,1.082839E1,2.666275E1,-2.421201E1
3.310345E0,-1.361317E1,2.783330E1,6.802567E0,-2.519721E0,2.160395E1,1.067620E1,2.674783E1,-2.424663E1
3.344828E0,-1.359827E1,2.780371E1,6.746574E0,-2.583067E0,2.153161E1,1.067581E1,2.665851E1,-2.433059E1
3.379310E0,-1.356526E1,2.773505E1,6.724819E0,-2.457562E0,2.158097E1,1.068607E1,2.657628E1,-2.435226E1
3.413793E0,-1.346315E1,2.778764E1,6.620458E0,-2.441258E0,2.162430E1,1.065878E1,2.667074E1,-2.434317E1
3.448276E0,-1.361198E1,2.778180E1,6.555651E0,-2.547801E0,2.153583E1,1.049452E1,2.664521E1,-2.421164E1
3.482759E0,-1.361493E1,2.774663E1,6.642383E0,-2.519621E0,2.153986E1,1.062932E1,2.671087E1,-2.425935E1
3.517241E0,-1.362612E1,2.774115E1,6.661668E0,-2.555529E0,2.156028E1,1.065580E1,2.660204E1,-2.422688E1
3.551724E0,-1.364688E1,2.765730E1,6.784363E0,-2.573865E0,2.150081E1,1.083543E1,2.672417E1,-2.444046E1
3.586207E0,-1.374051E1,2.769491E1,6.732307E0,-2.508600E0,2.141189E1,1.090411E1,2.668689E1,-2.435285E1
3.620690E0,-1.373648E1,2.778634E1,6.800963E0,-2.620770E0,2.135431E1,1.086387E1,2.681987E1,-2.437601E1
3.655172E0,-1.367549E1,2.790048E1,6.790565E0,-2.657310E0,2.137049E1,1.097844E1,2.666365E1,-2.445916E1
3.689655E0,-1.363935E1,2.780397E1,6.787598E0,-2.653087E0,2.143461E1,1.094483E1,2.664998E1,-2.435003E1
3.724138E0,-1.367736E1,2.772666E1,6.802090E0,-2.725421E0,2.141308E1,1.093617E1,2.661112E1,-2.434460E1
3.758621E0,-1.375163E1,2.775535E1,6.903761E0,-2.640511E0,2.153290E1,1.108823E1,2.685788E1,-2.419838E1
3.793103E0,-1.371563E1,2.774114E1,6.831184E0,-2.768631E0,2.156650E1,1.109140E1,2.685693E1,-2.425184E1
3.827586E0,-1.376973E1,2.779759E1,6.870575E0,-2.898060E0,2.158991E1,1.106716E1,2.700900E1,-2.429333E1
3.862069E0,-1.385849E1,2.785788E1,7.018204E0,-3.022416E0,2.158416E1,1.113160E1,2.702103E1,-2.436108E1
3.896552E0,-1.382062E1,2.782110E1,7.141864E0,-3.028235E0,2.167689E1,1.104667E1,2.707407E1,-2.436364E1
3.931034E0,-1.362755E1,2.782261E1,7.252645E0,-3.104709E0,2.160944E1,1.104140E1,2.701511E1,-2.446499E1
3.965517E0,-1.347682E1,2.789380E1,7.167598E0,-3.075289E0,2.161716E1,1.101622E1,2.725090E1,-2.444907E1
4.000000E0,-1.341773E1,2.796676E1,7.164379E0,-3.015121E0,2.162613E1,1.115546E1,2.721820E1,-2.440106E1
4.034483E0,-1.340984E1,2.800859E1,7.109777E0,-3.017915E0,2.167730E1,1.112848E1,2.724690E1,-2.437894E1
4.068966E0,-1.344469E1,2.808747E1,7.091425E0,-2.932565E0,2.175405E1,1.112792E1,2.711382E1,-2.429750E1
4.103448E0,-1.333459E1,2.800906E1,7.102780E0,-3.043120E0,2.177024E1,1.113371E1,2.721252E1,-2.434880E1
4.137931E0,-1.322382E1,2.787486E1,7.224805E0,-2.956373E0,2.179851E1,1.127030E1,2.725014E1,-2.427629E1
4.172414E0,-1.319466E1,2.787200E1,7.220683E0,-2.939387E0,2.172433E1,1.137248E1,2.717705E1,-2.443861E1
4.206897E0,-1.323661E1,2.791891E1,7.213864E0,-2.878422E0,2.184321E1,1.129792E1,2.716864E1,-2.452434E1
4.241379E0,-1.333779E1,2.789031E1,7.089658E0,-2.822229E0,2.188952E1,1.124844E1,2.728294E1,-2.422181E1
4.275862E0,-1.329788E1,2.782817E1,7.091616E0,-2.847216E0,2.203203E1,1.132041E1,2.730031E1,-2.424517E1
4.310345E0,-1.336772E1,2.795687E1,7.100326E0,-2.825333E0,2.203776E1,1.131549E1,2.734917E1,-2.423018E1
4.344828E0,-1.321914E1,2.801832E1,7.100810E0,-2.791164E0,2.216837E1,1.137766E1,2.730254E1,-2.435060E1
4.379310E0,-1.322013E1,2.800308E1,7.088957E0,-2.695368E0,2.228025E1,1.140557E1,2.728797E1,-2.428196E1
4.413793E0,-1.321697E1,2.798715E1,6.937031E0,-2.790890E0,2.209304E1,1.132600E1,2.730627E1,-2.429998E1
4.448276E0,-1.320374E1,2.798190E1,6.987823E0,-2.788680E0,2.215293E1,1.128639E1,2.728512E1,-2.426956E1
4.482759E0,-1.323760E1,2.803049E1,6.945221E0,-2.748739E0,2.222996E1,1.133023E1,2.726097E1,-2.419912E1
4.517241E0,-1.324408E1,2.803506E1,7.072911E0,-2.693558E0,2.231151E1,1.144485E1,2.733463E1,-2.419645E1
4.551724E0,-1.301204E1,2.811786E1,7.202714E0,-2.617235E0,2.213034E1,1.138306E1,2.747575E1,-2.422437E1
4.586207E0,-1.308748E1,2.806443E1,7.120164E0,-2.486384E0,2.212592E1,1.152058E1,2.742209E1,-2.419940E1
4.620690E0,-1.304543E1,2.800595E1,7.129388E0,-2.618267E0,2.211364E1,1.154310E1,2.752560E1,-2.401663E1
4.655172E0,-1.302142E1,2.789396E1,7.102508E0,-2.576463E0,2.211000E1,1.154397E1,2.743488E1,-2.412938E1
4.689655E0,-1.303022E1,2.791966E1,7.133532E0,-2.536769E0,2.221144E1,1.155751E1,2.754475E1,-2.412510E1
4.724138E0,-1.295181E1,2.785388E1,7.148027E0,-2.575244E0,2.228175E1,1.156867E1,2.733980E1,-2.414996E1
4.758621E0,-1.292145E1,2.800840E1,7.268855E0,-2.490509E0,2.221809E1,1.166664E1,2.738955E1,-2.409892E1
4.793103E0,-1.307541E1,2.806016E1,7.293145E0,-2.551249E0,2.225089E1,1.157534E1,2.734155E1,-2.401128E1
4.827586E0,-1.302378E1,2.809143E1,7.379053E0,-2.731887E0,2.217889E1,1.136003E1,2.716852E1,-2.402861E1
4.862069E0,-1.303528E1,2.822678E1,7.441020E0,-2.770439E0,2.224501E1,1.129967E1,2.727212E1,-2.394694E1
4.896552E0,-1.310124E1,2.824997E1,7.341497E0,-2.920234E0,2.228665E1,1.132297E1,2.708859E1,-2.400316E1
4.931034E0,-1.301309E1,2.832179E1,7.267116E0,-2.924765E0,2.241667E1,1.127032E1,2.705721E1,-2.405113E1
4.965517E0,-1.306637E1,2.847007E1,7.308280E0,-2.848831E0,2.240107E1,1.132949E1,2.712386E1,-2.393531E1
5.000000E0,-1.305492E1,2.842516E1,7.306719E0,-2.859559E0,2.243544E1,1.141683E1,2.720092E1,-2.387150E1
5.034483E0,-1.308261E1,2.842474E1,7.175159E0,-2.874086E0,2.233191E1,1.139032E1,2.719598E1,-2.404422E1
5.068966E0,-1.308649E1,2.860275E1,7.039806E0,-2.992260E0,2.233198E1,1.129971E1,2.733722E1,-2.406801E1
5.103448E0,-1.299176E1,2.861479E1,7.133675E0,-3.040752E0,2.238428E1,1.127556E1,2.747002E1,-2.411206E1
5.137931E0,-1.297337E1,2.854627E1,7.007854E0,-3.067641E0,2.252118E1,1.139421E1,2.764736E1,-2.410034E1
5.172414E0,-1.284872E1,2.874155E1,7.150443E0,-3.120296E0,2.242992E1,1.141504E1,2.757554E1,-2.413479E1
5.206897E0,-1.281054E1,2.871280E1,7.215270E0,-3.207637E0,2.251885E1,1.131107E1,2.758510E1,-2.416813E1
5.241379E0,-1.276705E1,2.876829E1,7.201617E0,-3.258251E0,2.249106E1,1.135159E1,2.750655E1,-2.420993E1
5.275862E0,-1.272008E1,2.868809E1,7.195509E0,-3.245601E0,2.252686E1,1.140962E1,2.762229E1,-2.415292E1
5.310345E0,-1.271346E1,2.866609E1,7.236619E0,-3.472145E0,2.264608E1,1.123560E1,2.761353E1,-2.416628E1
5.344828E0,-1.268183E1,2.859486E1,7.307802E0,-3.367588E0,2.264266E1,1.110268E1,2.750160E1,-2.410034E1
5.379310E0,-1.258028E1,2.878413E1,7.357110E0,-3.280644E0,2.262816E1,1.111174E1,2.755943E1,-2.388945E1
5.413793E0,-1.241170E1,2.871084E1,7.422635E0,-3.252323E0,2.257008E1,1.106115E1,2.769122E1,-2.400462E1
5.448276E0,-1.243356E1,2.875728E1,7.387527E0,-3.324975E0,2.249115E1,1.108425E1,2.773995E1,-2.416837E1
5.482759E0,-1.241124E1,2.873019E1,7.435467E0,-3.201398E0,2.249881E1,1.114124E1,2.771936E1,-2.413194E1
5.517241E0,-1.242576E1,2.865616E1,7.380929E0,-3.354298E0,2.247291E1,1.111911E1,2.761516E1,-2.412903E1
5.551724E0,-1.241055E1,2.854788E1,7.432486E0,-3.398477E0,2.254733E1,1.096877E1,2.770784E1,-2.425675E1
5.586207E0,-1.235278E1,2.870125E1,7.409518E0,-3.383941E0,2.257470E1,1.109237E1,2.766744E1,-2.409126E1
5.620690E0,-1.237999E1,2.869928E1,7.348870E0,-3.446019E0,2.272635E1,1.110644E1,2.768252E1,-2.400924E1
5.655172E0,-1.234332E1,2.861841E1,7.330087E0,-3.488089E0,2.262315E1,1.096589E1,2.760570E1,-2.412134E1
5.689655E0,-1.238137E1,2.867447E1,7.330524E0,-3.548844E0,2.263416E1,1.096732E1,2.757261E1,-2.394033E1
5.724138E0,-1.231597E1,2.865267E1,7.276537E0,-3.596610E0,2.274721E1,1.086410E1,2.762373E1,-2.401496E1
5.758621E0,-1.222060E1,2.863699E1,7.188197E0,-3.529938E0,2.275971E1,1.072913E1,2.764481E1,-2.408129E1
5.793103E0,-1.231519E1,2.878238E1,7.167906E0,-3.368382E0,2.280607E1,1.082549E1,2.753294E1,-2.406482E1
5.827586E0,-1.236311E1,2.862977E1,7.169389E0,-3.291303E0,2.291409E1,1.075105E1,2.751878E1,-2.420510E1
5.862069E0,-1.227722E1,2.853134E1,7.078243E0,-3.303321E0,2.279196E1,1.068494E1,2.754092E1,-2.426033E1
5.896552E0,-1.226585E1,2.875622E1,7.050996E0,-3.161125E0,2.271554E1,1.081114E1,2.767166E1,-2.397886E1
5.931034E0,-1.226617E1,2.872743E1,7.104212E0,-3.042604E0,2.269841E1,1.072769E1,2.764618E1,-2.404038E1
5.965517E0,-1.223277E1,2.867103E1,7.101101E0,-3.173545E0,2.265972E1,1.062636E1,2.771073E1,-2.408833E1
6.000000E0,-1.219305E1,2.871107E1,7.041630E0,-3.106189E0,2.260411E1,1.066529E1,2.774847E1,-2.405085E1
6.034483E0,-1.219676E1,2.875061E1,7.119838E0,-3.035165E0,2.262976E1,1.069825E1,2.766523E1,-2.413284E1
6.068966E0,-1.216053E1,2.873105E1,7.089221E0,-3.007005E0,2.279663E1,1.055504E1,2.753819E1,-2.415200E1
6.103448E0,-1.204735E1,2.885107E1,7.026538E0,-2.977268E0,2.280042E1,1.072116E1,2.754188E1,-2.416464E1
6.137931E0,-1.209483E1,2.894848E1,6.971358E0,-2.915026E0,2.273229E1,1.070954E1,2.765028E1,-2.422710E1
6.172414E0,-1.193072E1,2.880734E1,6.986432E0,-2.903215E0,2.267019E1,1.064600E1,2.767912E1,-2.425019E1
6.206897E0,-1.194611E1,2.862150E1,6.876639E0,-2.953996E0,2.280305E1,1.061135E1,2.761242E1,-2.424115E1
6.241379E0,-1.201632E1,2.863990E1,6.917135E0,-2.946023E0,2.264403E1,1.063227E1,2.761296E1,-2.436065E1
6.275862E0,-1.197667E1,2.860873E1,7.044680E0,-2.899608E0,2.276789E1,1.070354E1,2.741091E1,-2.439049E1
6.310345E0,-1.199516E1,2.854843E1,7.017960E0,-2.894470E0,2.276123E1,1.078007E1,2.742995E1,-2.438996E1
6.344828E0,-1.200143E1,2.845752E1,6.948940E0,-2.976064E0,2.277660E1,1.077362E1,2.741487E1,-2.438462E1
6.379310E0,-1.189018E1,2.852053E1,6.867500E0,-2.937843E0,2.269808E1,1.079826E1,2.735570E1,-2.434458E1
6.413793E0,-1.192870E1,2.852197E1,6.789711E0,-2.958569E0,2.269125E1,1.068967E1,2.730724E1,-2.427040E1
6.448276E0,-1.193706E1,2.853137E1,6.759358E0,-3.065115E0,2.264063E1,1.066553E1,2.730625E1,-2.439358E1
6.482759E0,-1.188528E1,2.865569E1,6.751636E0,-3.095640E0,2.260924E1,1.073308E1,2.718624E1,-2.433251E1
6.517241E0,-1.195678E1,2.868319E1,6.779277E0,-3.125964E0,2.261913E1,1.082651E1,2.727760E1,-2.432293E1
6.551724E0,-1.188232E1,2.853732E1,6.791027E0,-3.227470E0,2.260741E1,1.081479E1,2.735304E1,-2.438371E1
6.586207E0,-1.192824E1,2.855482E1,6.653735E0,-3.264440E0,2.260152E1,1.090777E1,2.738285E1,-2.432660E1
6.620690E0,-1.180507E1,2.859929E1,6.636213E0,-3.129720E0,2.263909E1,1.083781E1,2.744489E1,-2.420351E1
6.655172E0,-1.179391E1,2.840180E1,6.728914E0,-3.186402E0,2.258033E1,1.085123E1,2.745213E1,-2.430819E1
6.689655E0,-1.181522E1,2.833611E1,6.728052E0,-3.164490E0,2.260226E1,1.087879E1,2.756514E1,-2.428019E1
6.724138E0,-1.170660E1,2.841091E1,6.622367E0,-3.176407E0,2.262541E1,1.094520E1,2.748116E1,-2.429448E1
6.758621E0,-1.162606E1,2.833316E1,6.563116E0,-3.312792E0,2.269573E1,1.095669E1,2.752706E1,-2.424255E1
6.793103E0,-1.159585E1,2.840485E1,6.489420E0,-3.348681E0,2.278768E1,1.089440E1,2.746664E1,-2.425146E1
6.827586E0,-1.162080E1,2.834932E1,6.376005E0,-3.327393E0,2.274771E1,1.093245E1,2.751890E1,-2.423075E1
6.862069E0,-1.150844E1,2.832665E1,6.307529E0,-3.346094E0,2.291232E1,1.098524E1,2.774777E1,-2.427308E1
6.896552E0,-1.164431E1,2.836041E1,6.391504E0,-3.396433E0,2.296420E1,1.098436E1,2.773991E1,-2.425018E1
6.931034E0,-1.174016E1,2.838733E1,6.240079E0,-3.386705E0,2.291491E1,1.098333E1,2.774645E1,-2.426274E1
6.965517E0,-1.164495E1,2.835928E1,6.174749E0,-3.458361E0,2.293812E1,1.095360E1,2.787818E1,-2.431271E1
7.000000E0,-1.171452E1,2.830913E1,6.190947E0,-3.343191E0,2.298302E1,1.100012E1,2.781053E1,-2.420123E1
7.034483E0,-1.162331E1,2.839835E1,6.212559E0,-3.345632E0,2.311253E1,1.110989E1,2.787712E1,-2.417141E1
7.068966E0,-1.150937E1,2.825200E1,6.216092E0,-3.199301E0,2.315747E1,1.116245E1,2.795710E1,-2.419151E1
7.103448E0,-1.153211E1,2.827945E1,6.210304E0,-3.244203E0,2.312506E1,1.111496E1,2.787662E1,-2.418919E1
7.137931E0,-1.148748E1,2.822214E1,6.140163E0,-3.110863E0,2.304108E1,1.115227E1,2.783098E1,-2.416188E1
7.172414E0,-1.132501E1,2.818580E1,6.163940E0,-3.141563E0,2.310171E1,1.118708E1,2.778786E1,-2.415906E1
7.206897E0,-1.118681E1,2.826293E1,6.217085E0,-3.231248E0,2.312855E1,1.105409E1,2.769595E1,-2.419752E1
7.241379E0,-1.124800E1,2.839282E1,6.229419E0,-3.300431E0,2.324601E1,1.111259E1,2.762042E1,-2.413343E1
7.275862E0,-1.126326E1,2.835385E1,6.272404E0,-3.306921E0,2.325636E1,1.108776E1,2.755843E1,-2.410215E1
7.310345E0,-1.122481E1,2.825991E1,6.233684E0,-3.186603E0,2.312122E1,1.104533E1,2.765604E1,-2.405094E1
7.344828E0,-1.122862E1,2.825862E1,6.286832E0,-3.079498E0,2.321449E1,1.113983E1,2.764545E1,-2.400116E1
7.379310E0,-1.122415E1,2.818185E1,6.595200E0,-3.194550E0,2.337150E1,1.112697E1,2.750160E1,-2.397886E1
7.413793E0,-1.124989E1,2.803878E1,6.673837E0,-3.171556E0,2.355954E1,1.117480E1,2.753694E1,-2.402557E1
7.448276E0,-1.130620E1,2.813014E1,6.845127E0,-3.078180E0,2.338854E1,1.134854E1,2.763900E1,-2.402287E1
7.482759E0,-1.126976E1,2.804070E1,6.727571E0,-3.157471E0,2.344966E1,1.128147E1,2.769306E1,-2.395489E1
7.517241E0,-1.121846E1,2.793818E1,6.735360E0,-3.255534E0,2.346637E1,1.129687E1,2.767354E1,-2.395271E1
7.551724E0,-1.111327E1,2.803637E1,6.909386E0,-3.193260E0,2.346183E1,1.157827E1,2.764031E1,-2.391606E1
7.586207E0,-1.123538E1,2.784854E1,6.897924E0,-3.236620E0,2.332361E1,1.137436E1,2.773352E1,-2.394730E1
7.620690E0,-1.123414E1,2.782626E1,6.872507E0,-3.135463E0,2.328453E1,1.138146E1,2.782623E1,-2.392997E1
7.655172E0,-1.130096E1,2.775064E1,6.893389E0,-3.127933E0,2.323977E1,1.146072E1,2.789321E1,-2.399583E1
7.689655E0,-1.140634E1,2.773783E1,6.848569E0,-3.081813E0,2.322021E1,1.142541E1,2.794588E1,-2.385460E1
7.724138E0,-1.139266E1,2.791409E1,6.966023E0,-3.157429E0,2.327122E1,1.139685E1,2.807686E1,-2.375327E1
7.758621E0,-1.138069E1,2.785755E1,7.154316E0,-3.187211E0,2.319694E1,1.123600E1,2.807437E1,-2.379090E1
7.793103E0,-1.131663E1,2.776777E1,7.230185E0,-3.269138E0,2.320084E1,1.120518E1,2.809875E1,-2.361394E1
7.827586E0,-1.135304E1,2.772621E1,7.352620E0,-3.186570E0,2.310665E1,1.120077E1,2.818886E1,-2.356310E1
7.862069E0,-1.119283E1,2.771438E1,7.466143E0,-3.155051E0,2.320910E1,1.116766E1,2.816907E1,-2.368734E1
7.896552E0,-1.119298E1,2.765111E1,7.441964E0,-3.194025E0,2.317938E1,1.111900E1,2.797784E1,-2.378387E1
7.931034E0,-1.114680E1,2.766433E1,7.446915E0,-3.200414E0,2.319767E1,1.100738E1,2.802953E1,-2.377255E1
7.965517E0,-1.103016E1,2.753959E1,7.554022E0,-3.152954E0,2.316326E1,1.104139E1,2.804169E1,-2.381269E1
8.000000E0,-1.100245E1,2.767777E1,7.563601E0,-3.079520E0,2.316063E1,1.109379E1,2.809253E1,-2.390941E1
8.034483E0,-1.103041E1,2.766912E1,7.351336E0,-3.079608E0,2.316288E1,1.108112E1,2.808129E1,-2.378240E1
8.068966E0,-1.106950E1,2.767244E1,7.299078E0,-3.109691E0,2.301020E1,1.102567E1,2.810391E1,-2.385177E1
8.103448E0,-1.086367E1,2.756956E1,7.313341E0,-3.183415E0,2.300722E1,1.103257E1,2.811014E1,-2.400208E1
8.137931E0,-1.080924E1,2.770458E1,7.342623E0,-3.205578E0,2.308432E1,1.105428E1,2.816597E1,-2.401355E1
8.172414E0,-1.076978E1,2.772806E1,7.268044E0,-3.257734E0,2.301322E1,1.093582E1,2.806580E1,-2.407170E1
8.206897E0,-1.079012E1,2.777921E1,7.254551E0,-3.190755E0,2.297864E1,1.084984E1,2.803588E1,-2.396332E1
8.241379E0,-1.083178E1,2.772413E1,7.141952E0,-3.144050E0,2.303137E1,1.073826E1,,
