#multi:
,mass A,,mass B,,
t,x,y,x,y,
0.000000E0,3.396398E1,1.382368E1,-3.223118E1,5.325950E0
3.448276E-2,3.394055E1,1.371291E1,-3.219147E1,5.245331E0
6.896552E-2,3.394081E1,1.378277E1,-3.206280E1,5.190755E0
1.034483E-1,3.392914E1,1.392075E1,-3.203725E1,5.280827E0
1.379310E-1,3.400930E1,1.390201E1,-3.196140E1,5.170160E0
1.724138E-1,3.388829E1,1.380265E1,-3.203892E1,5.049502E0
2.068966E-1,3.393883E1,1.396755E1,-3.192382E1,5.198007E0
2.413793E-1,3.410496E1,1.374234E1,-3.180093E1,5.050906E0
2.758621E-1,3.389083E1,1.366527E1,-3.203336E1,4.803881E0
3.103448E-1,3.394955E1,1.387748E1,,
3.448276E-1,3.402945E1,1.381454E1,-3.190144E1,5.047343E0
3.793103E-1,3.391505E1,1.374067E1,-3.204359E1,4.904880E0
4.137931E-1,3.403160E1,1.401439E1,-3.203736E1,5.095555E0
4.482759E-1,3.419900E1,1.403973E1,,
4.827586E-1,3.422099E1,1.377148E1,-3.196943E1,4.990442E0
5.172414E-1,3.429044E1,1.391417E1,-3.193807E1,4.990400E0
5.517241E-1,3.430390E1,1.401731E1,-3.173105E1,5.004861E0
5.862069E-1,3.438874E1,1.383484E1,-3.170449E1,4.935181E0
6.206897E-1,3.427313E1,1.384172E1,,
6.551724E-1,3.407781E1,1.404532E1,,
6.896552E-1,3.431646E1,1.399273E1,,
7.241379E-1,3.429790E1,1.379976E1,,
7.586207E-1,3.440391E1,1.386530E1,,
7.931034E-1,3.447789E1,1.392112E1,-3.180266E1,5.111688E0
8.275862E-1,3.442093E1,1.382778E1,-3.184754E1,5.013176E0
8.620690E-1,3.442724E1,1.395444E1,-3.169628E1,5.098256E0
8.965517E-1,3.446104E1,1.383263E1,-3.168996E1,5.205820E0
9.310345E-1,3.455340E1,1.350405E1,-3.160122E1,5.081507E0
9.655172E-1,3.454431E1,1.362172E1,-3.156677E1,5.201436E0
1.000000E0,3.449660E1,1.356496E1,-3.152262E1,5.208877E0
1.034483E0,3.441262E1,1.351610E1,-3.158172E1,5.233902E0
1.068966E0,3.445259E1,1.352745E1,-3.158715E1,5.299340E0
1.103448E0,3.456913E1,1.370504E1,-3.161743E1,5.492851E0
1.137931E0,3.479165E1,1.357014E1,-3.154572E1,5.482803E0
1.172414E0,3.472178E1,1.347708E1,-3.142744E1,5.506304E0
1.206897E0,3.477589E1,1.356129E1,-3.150276E1,5.631664E0
1.241379E0,3.484529E1,1.354810E1,-3.146445E1,5.734912E0
1.275862E0,3.487719E1,1.345328E1,-3.146924E1,5.701459E0
1.310345E0,3.502478E1,1.349903E1,-3.144238E1,5.680145E0
1.344828E0,3.499542E1,1.361533E1,-3.144068E1,5.891265E0
1.379310E0,3.507998E1,1.343691E1,-3.135370E1,5.751485E0
1.413793E0,3.526801E1,1.347737E1,-3.137301E1,5.670617E0
1.448276E0,3.535007E1,1.357198E1,-3.136753E1,5.654973E0
1.482759E0,3.536028E1,1.354101E1,-3.136067E1,5.505068E0
1.517241E0,3.538975E1,1.363010E1,-3.141092E1,5.559497E0
1.551724E0,3.529350E1,1.370579E1,-3.146525E1,5.666625E0
1.586207E0,3.535994E1,1.380690E1,-3.145494E1,5.638344E0
1.620690E0,3.531528E1,1.366184E1,-3.153947E1,5.657956E0
1.655172E0,3.521781E1,1.363006E1,-3.144159E1,5.630021E0
1.689655E0,3.517344E1,1.357936E1,-3.140461E1,5.715333E0
1.724138E0,3.526335E1,1.358976E1,-3.131973E1,5.764800E0
1.758621E0,3.524692E1,1.365165E1,-3.127178E1,5.763526E0
1.793103E0,3.511022E1,1.361690E1,-3.125840E1,5.800805E0
1.827586E0,3.503226E1,1.381947E1,-3.129903E1,6.076666E0
1.862069E0,3.513830E1,1.370779E1,-3.127526E1,5.939079E0
1.896552E0,3.529621E1,1.347598E1,-3.121480E1,5.822344E0
1.931034E0,3.527752E1,1.380204E1,-3.106256E1,6.060542E0
1.965517E0,3.536683E1,1.355033E1,-3.106919E1,5.976014E0
2.000000E0,3.523122E1,1.330771E1,-3.114555E1,5.751560E0
2.034483E0,3.529587E1,1.353977E1,-3.116427E1,6.011627E0
2.068966E0,3.534980E1,1.354541E1,-3.127052E1,6.043199E0
2.103448E0,3.543836E1,1.336405E1,-3.139625E1,5.848266E0
2.137931E0,3.543721E1,1.357721E1,-3.141683E1,5.917746E0
2.172414E0,3.549675E1,1.367223E1,-3.153916E1,5.906238E0
2.206897E0,3.568381E1,1.352693E1,-3.157601E1,5.776371E0
2.241379E0,3.557061E1,1.347186E1,-3.166542E1,5.796934E0
2.275862E0,3.557120E1,1.369898E1,-3.172289E1,5.843375E0
2.310345E0,3.562631E1,1.356069E1,-3.154634E1,5.677361E0
2.344828E0,3.572627E1,1.354595E1,-3.150760E1,5.651636E0
2.379310E0,3.571064E1,1.366410E1,-3.138200E1,5.660427E0
2.413793E0,3.575246E1,1.353223E1,-3.122431E1,5.594643E0
2.448276E0,3.574716E1,1.349478E1,-3.122448E1,5.688788E0
2.482759E0,3.563157E1,1.356205E1,-3.142645E1,5.785735E0
2.517241E0,3.574850E1,1.343772E1,-3.138032E1,5.735923E0
2.551724E0,3.594955E1,1.338333E1,-3.147554E1,5.682366E0
2.586207E0,3.595273E1,1.346709E1,-3.152850E1,5.830473E0
2.620690E0,3.594701E1,1.338866E1,-3.137472E1,5.815292E0
2.655172E0,3.589996E1,1.344237E1,-3.133746E1,5.919224E0
2.689655E0,3.609172E1,1.345545E1,-3.137967E1,5.860472E0
2.724138E0,3.617894E1,1.350686E1,-3.134628E1,6.006957E0
2.758621E0,3.620600E1,1.356934E1,-3.137697E1,6.009110E0
2.793103E0,3.627420E1,1.347970E1,-3.128532E1,5.950687E0
2.827586E0,3.625879E1,1.353258E1,-3.140308E1,5.924206E0
2.862069E0,3.630879E1,1.373346E1,-3.129162E1,6.008099E0
2.896552E0,3.643365E1,1.371567E1,-3.125303E1,5.910115E0
2.931034E0,3.642123E1,1.359157E1,-3.134344E1,5.810430E0
2.965517E0,3.647803E1,1.373257E1,-3.126761E1,6.049380E0
3.000000E0,3.650549E1,1.371424E1,-3.129205E1,5.994877E0
3.034483E0,3.658446E1,1.355636E1,-3.128705E1,5.912695E0
3.068966E0,3.646317E1,1.360842E1,-3.141400E1,5.941913E0
3.103448E0,3.649749E1,1.356479E1,-3.133080E1,5.952546E0
3.137931E0,3.642106E1,1.350696E1,-3.128617E1,5.864080E0
3.172414E0,3.646892E1,1.361229E1,-3.128003E1,5.992462E0
3.206897E0,3.644968E1,1.336828E1,-3.109362E1,5.934177E0
3.241379E0,3.653684E1,1.344447E1,-3.115953E1,5.828727E0
3.275862E0,3.648074E1,1.359989E1,-3.112192E1,5.850981E0
3.310345E0,3.647604E1,1.342310E1,-3.107202E1,5.860805E0
3.344828E0,3.651788E1,1.346430E1,-3.119530E1,5.803933E0
3.379310E0,3.661536E1,1.360883E1,-3.116347E1,5.885687E0
3.413793E0,3.672113E1,1.348696E1,-3.099764E1,5.682213E0
3.448276E0,3.676268E1,1.337241E1,-3.104812E1,5.620915E0
3.482759E0,3.672175E1,1.345253E1,-3.108940E1,5.755192E0
3.517241E0,3.671759E1,1.342359E1,-3.100246E1,5.711214E0
3.551724E0,3.676923E1,1.336473E1,-3.114078E1,5.555423E0
3.586207E0,3.674534E1,1.355745E1,-3.133338E1,5.644374E0
3.620690E0,3.686940E1,1.347616E1,-3.139355E1,5.634685E0
3.655172E0,3.682521E1,1.328875E1,-3.146120E1,5.519810E0
3.689655E0,3.700307E1,1.338623E1,-3.158963E1,5.552229E0
3.724138E0,3.708072E1,1.340879E1,-3.153067E1,5.596694E0
3.758621E0,3.687764E1,1.341616E1,-3.155610E1,5.536764E0
3.793103E0,3.689004E1,1.344790E1,-3.156918E1,5.464579E0
3.827586E0,3.681737E1,1.353999E1,-3.163231E1,5.390178E0
3.862069E0,3.673176E1,1.362807E1,-3.166327E1,5.357906E0
3.896552E0,3.670811E1,1.359393E1,-3.170451E1,5.352568E0
3.931034E0,3.684270E1,1.359988E1,-3.173931E1,5.482903E0
3.965517E0,3.678943E1,1.356249E1,-3.171203E1,5.406818E0
4.000000E0,3.679072E1,1.351543E1,-3.162924E1,5.302213E0
4.034483E0,3.681091E1,1.342490E1,-3.159029E1,5.381749E0
4.068966E0,3.666114E1,1.341611E1,-3.159887E1,5.319081E0
4.103448E0,3.667623E1,1.337874E1,-3.155369E1,5.363162E0
4.137931E0,3.663217E1,1.330398E1,-3.151605E1,5.318354E0
4.172414E0,3.667356E1,1.341936E1,-3.149199E1,5.448955E0
4.206897E0,3.666784E1,1.342361E1,-3.140631E1,5.427582E0
4.241379E0,3.654603E1,1.353288E1,-3.144075E1,5.473488E0
4.275862E0,3.634984E1,1.367555E1,-3.154428E1,5.485719E0
4.310345E0,3.651960E1,1.369669E1,-3.153043E1,5.602139E0
4.344828E0,3.661858E1,1.369539E1,-3.161564E1,5.484344E0
4.379310E0,3.668233E1,1.369080E1,-3.163651E1,5.527320E0
4.413793E0,3.679649E1,1.378884E1,-3.159066E1,5.793047E0
4.448276E0,3.697277E1,1.381866E1,-3.164220E1,5.604336E0
4.482759E0,3.686205E1,1.386388E1,-3.171326E1,5.627688E0
4.517241E0,3.694206E1,1.371562E1,-3.178396E1,5.702927E0
4.551724E0,3.691187E1,1.373893E1,-3.190810E1,5.750777E0
4.586207E0,3.689810E1,1.374100E1,-3.191208E1,5.741700E0
4.620690E0,3.691470E1,1.375838E1,-3.183770E1,5.682522E0
4.655172E0,3.689016E1,1.369935E1,-3.195387E1,5.682894E0
4.689655E0,3.695272E1,1.367694E1,-3.205802E1,5.771670E0
4.724138E0,3.703315E1,1.370143E1,-3.216012E1,5.715473E0
4.758621E0,3.699333E1,1.367821E1,-3.219757E1,5.621107E0
4.793103E0,3.680348E1,1.381914E1,-3.209862E1,5.628336E0
4.827586E0,3.670958E1,1.380605E1,-3.192357E1,5.729291E0
4.862069E0,3.684059E1,1.367938E1,-3.185509E1,5.741489E0
4.896552E0,3.671746E1,1.374019E1,-3.196375E1,5.799170E0
4.931034E0,3.669934E1,1.376439E1,-3.190576E1,5.802277E0
4.965517E0,3.675567E1,1.359542E1,-3.188318E1,5.862606E0
5.000000E0,3.674398E1,1.357506E1,-3.178317E1,5.791775E0
5.034483E0,3.678713E1,1.356196E1,-3.175214E1,5.704412E0
5.068966E0,3.681772E1,1.364023E1,-3.178653E1,5.881954E0
5.103448E0,3.694276E1,1.357211E1,-3.174771E1,5.929909E0
5.137931E0,3.707044E1,1.370260E1,-3.181310E1,5.885402E0
5.172414E0,3.714362E1,1.363900E1,-3.188039E1,5.932443E0
5.206897E0,3.700339E1,1.353049E1,-3.189632E1,5.911100E0
5.241379E0,3.708419E1,1.350298E1,-3.194113E1,6.062314E0
5.275862E0,3.720660E1,1.361938E1,-3.186243E1,6.032703E0
5.310345E0,3.723665E1,1.365232E1,-3.198679E1,5.887877E0
5.344828E0,3.728362E1,1.366941E1,-3.189727E1,5.991922E0
5.379310E0,3.725196E1,1.348619E1,-3.195650E1,6.002909E0
5.413793E0,3.728757E1,1.343863E1,-3.188544E1,5.870353E0
5.448276E0,3.733048E1,1.352836E1,-3.187486E1,5.935861E0
5.482759E0,3.728479E1,1.360287E1,-3.177299E1,5.964575E0
5.517241E0,3.732231E1,1.366827E1,-3.186490E1,5.977981E0
5.551724E0,3.739718E1,1.363824E1,-3.175859E1,5.884060E0
5.586207E0,3.747470E1,1.371914E1,-3.173391E1,5.884894E0
5.620690E0,3.735190E1,1.369672E1,-3.170514E1,5.835971E0
5.655172E0,3.720895E1,1.373250E1,-3.160681E1,5.906801E0
5.689655E0,3.722633E1,1.377017E1,-3.169363E1,5.868134E0
5.724138E0,3.726376E1,1.371364E1,-3.171744E1,5.840983E0
5.758621E0,3.727056E1,1.377495E1,-3.164002E1,5.773926E0
5.793103E0,3.733230E1,1.391071E1,-3.158992E1,5.792856E0
5.827586E0,3.719511E1,1.386307E1,-3.158992E1,5.530139E0
5.862069E0,3.718239E1,1.387212E1,-3.147878E1,5.529471E0
5.896552E0,3.724521E1,1.379633E1,-3.145141E1,5.533605E0
5.931034E0,3.722113E1,1.383802E1,-3.148725E1,5.520440E0
5.965517E0,3.724499E1,1.377936E1,-3.144454E1,5.405601E0
6.000000E0,3.722598E1,1.373139E1,-3.144752E1,5.340092E0
6.034483E0,3.726934E1,1.385528E1,-3.148662E1,5.267034E0
6.068966E0,3.724627E1,1.390375E1,-3.150403E1,5.209478E0
6.103448E0,3.730174E1,1.378144E1,-3.145330E1,5.195242E0
6.137931E0,3.728986E1,1.382491E1,-3.151386E1,5.109213E0
6.172414E0,3.727474E1,1.387424E1,-3.143230E1,5.108051E0
6.206897E0,3.721370E1,1.389351E1,-3.134088E1,5.075837E0
6.241379E0,3.712320E1,1.387447E1,-3.116713E1,5.237966E0
6.275862E0,3.710325E1,1.390221E1,-3.116232E1,5.289384E0
6.310345E0,3.724841E1,1.378955E1,-3.106843E1,5.224262E0
6.344828E0,3.717972E1,1.383472E1,-3.118628E1,5.330017E0
6.379310E0,3.716167E1,1.377146E1,-3.123446E1,5.385714E0
6.413793E0,3.724431E1,1.393770E1,-3.108649E1,5.453287E0
6.448276E0,3.719213E1,1.392217E1,-3.102131E1,5.471638E0
6.482759E0,3.725635E1,1.387974E1,-3.119592E1,5.446105E0
6.517241E0,3.724201E1,1.396523E1,-3.105853E1,5.592553E0
6.551724E0,3.708322E1,1.390370E1,-3.112173E1,5.513917E0
6.586207E0,3.691791E1,1.395362E1,-3.111500E1,5.510248E0
6.620690E0,3.697573E1,1.394196E1,-3.107845E1,5.644725E0
6.655172E0,3.703766E1,1.373518E1,-3.101794E1,5.734194E0
6.689655E0,3.690837E1,1.374273E1,-3.116391E1,5.752606E0
6.724138E0,3.687223E1,1.370806E1,-3.113237E1,5.703785E0
6.758621E0,3.676291E1,1.379694E1,-3.112200E1,5.642819E0
6.793103E0,3.675341E1,1.377326E1,-3.106014E1,5.665535E0
6.827586E0,3.675201E1,1.385202E1,-3.097686E1,5.728177E0
6.862069E0,3.689252E1,1.388746E1,-3.084464E1,5.590741E0
6.896552E0,3.700372E1,1.381127E1,-3.071852E1,5.507049E0
6.931034E0,3.697660E1,1.378188E1,-3.073308E1,5.621234E0
6.965517E0,3.704741E1,1.371774E1,-3.074991E1,5.660088E0
7.000000E0,,,-3.077457E1,5.661443E0
7.034483E0,3.694737E1,1.377644E1,-3.075357E1,5.660276E0
7.068966E0,3.710029E1,1.374351E1,-3.080544E1,5.655363E0
7.103448E0,3.706264E1,1.387124E1,-3.083674E1,5.785809E0
7.137931E0,,,-3.090356E1,5.758623E0
7.172414E0,,,-3.093009E1,5.677574E0
7.206897E0,,,-3.083743E1,5.501477E0
7.241379E0,,,-3.085424E1,5.457457E0
7.275862E0,3.716774E1,1.381419E1,-3.087439E1,5.466294E0
7.310345E0,3.712196E1,1.363216E1,-3.074077E1,5.471536E0
7.344828E0,,,-3.080974E1,5.374106E0
7.379310E0,,,-3.071334E1,5.518155E0
7.413793E0,,,-3.072853E1,5.441798E0
7.448276E0,,,-3.069239E1,5.375192E0
7.482759E0,,,-3.079401E1,5.458045E0
7.517241E0,,,-3.079048E1,5.376312E0
7.551724E0,,,-3.074547E1,5.426722E0
7.586207E0,,,-3.079782E1,5.497550E0
7.620690E0,,,-3.092236E1,5.408862E0
7.655172E0,3.707371E1,1.367791E1,-3.097622E1,5.540213E0
7.689655E0,3.700501E1,1.381531E1,-3.096816E1,5.551771E0
7.724138E0,3.700501E1,1.367791E1,-3.098552E1,5.532178E0
7.758621E0,3.707371E1,1.367791E1,-3.100652E1,5.471730E0
7.793103E0,3.707371E1,1.374661E1,-3.099674E1,5.509922E0
7.827586E0,3.693631E1,1.374661E1,-3.104272E1,5.557130E0
7.862069E0,3.693631E1,1.367791E1,-3.096365E1,5.560194E0
7.896552E0,3.693631E1,1.388401E1,-3.121939E1,5.419266E0
7.931034E0,3.707371E1,1.395271E1,-3.065737E1,5.466420E0
7.965517E0,3.707371E1,1.381531E1,-3.069154E1,5.318948E0
8.000000E0,3.707371E1,1.374661E1,-3.075506E1,5.382872E0
8.034483E0,3.707371E1,1.381531E1,-3.089832E1,5.441616E0
8.068966E0,3.714241E1,1.395271E1,-3.084202E1,5.237157E0
8.103448E0,3.727981E1,1.381531E1,-3.063797E1,5.093874E0
8.137931E0,3.748591E1,1.398787E1,-3.078833E1,5.201473E0
8.172414E0,3.760278E1,1.390318E1,-3.058888E1,5.143312E0
8.206897E0,3.771914E1,1.380215E1,-3.055486E1,5.189369E0
8.241379E0,3.779850E1,1.386606E1,-3.063952E1,5.540213E0
