#multi:
,mass A,,mass B,,mass C,,mass D,,
t,x,y,x,y,x,y,x,y,
0.000000E0,-1.746698E1,1.064850E0,-2.012372E1,2.507285E1,1.003972E1,3.581243E0,-4.510155E1,-2.651820E1
3.448276E-2,-1.743987E1,1.009761E0,-2.005652E1,2.498401E1,1.005612E1,3.583142E0,-4.519380E1,-2.651036E1
6.896552E-2,-1.753686E1,1.057286E0,-1.999066E1,2.505337E1,1.006274E1,3.623730E0,-4.518290E1,-2.647352E1
1.034483E-1,-1.758976E1,1.058313E0,-2.003664E1,2.507526E1,9.937887E0,3.584964E0,-4.519098E1,-2.657127E1
1.379310E-1,-1.780380E1,9.565750E-1,-2.014006E1,2.510429E1,9.941303E0,3.619554E0,-4.518388E1,-2.646502E1
1.724138E-1,-1.790626E1,1.040346E0,-2.012972E1,2.518651E1,1.002838E1,3.737231E0,-4.522244E1,-2.641179E1
2.068966E-1,-1.782054E1,9.579805E-1,-2.025800E1,2.511635E1,9.905006E0,3.701171E0,-4.529542E1,-2.628047E1
2.413793E-1,-1.784737E1,8.869155E-1,-2.025051E1,2.511745E1,9.983992E0,3.857081E0,-4.518379E1,-2.616860E1
2.758621E-1,-1.791328E1,7.967059E-1,-2.013536E1,2.504226E1,1.002443E1,3.805771E0,-4.526785E1,-2.606124E1
3.103448E-1,-1.786404E1,6.925141E-1,-2.023575E1,2.496984E1,9.972706E0,3.754883E0,-4.528193E1,-2.604717E1
3.448276E-1,-1.797398E1,6.334185E-1,-2.005016E1,2.499536E1,9.924248E0,3.769178E0,-4.526025E1,-2.606255E1
3.793103E-1,-1.799207E1,6.566589E-1,-2.016808E1,2.501082E1,9.854819E0,3.793315E0,-4.524150E1,-2.603709E1
4.137931E-1,-1.805502E1,6.980171E-1,-2.045833E1,2.498903E1,9.795755E0,3.809030E0,-4.520772E1,-2.600194E1
4.482759E-1,-1.801470E1,6.781888E-1,-2.038170E1,2.496728E1,9.791129E0,3.770581E0,-4.528623E1,-2.593774E1
4.827586E-1,-1.814786E1,6.895918E-1,-2.033132E1,2.498580E1,9.748601E0,3.703691E0,-4.530866E1,-2.593545E1
5.172414E-1,-1.825940E1,7.388365E-1,-2.025629E1,2.499418E1,9.610851E0,3.652009E0,-4.529973E1,-2.592902E1
5.517241E-1,-1.813875E1,7.199903E-1,-2.013901E1,2.516494E1,9.651831E0,3.760418E0,-4.538999E1,-2.582116E1
5.862069E-1,-1.824328E1,8.032113E-1,-2.017640E1,2.517619E1,9.593346E0,3.757183E0,-4.535232E1,-2.582661E1
6.206897E-1,-1.811879E1,8.619792E-1,-2.007475E1,2.530229E1,9.693039E0,3.879456E0,-4.540389E1,-2.580510E1
6.551724E-1,-1.804331E1,7.022456E-1,-2.013529E1,2.536979E1,9.785489E0,3.960191E0,-4.537817E1,-2.575215E1
6.896552E-1,-1.809358E1,7.768520E-1,-2.011452E1,2.549825E1,9.817386E0,4.048214E0,-4.547171E1,-2.570555E1
7.241379E-1,-1.796519E1,8.906867E-1,-2.009978E1,2.534956E1,9.880499E0,4.042924E0,-4.533000E1,-2.578047E1
7.586207E-1,-1.799526E1,9.133605E-1,-2.005916E1,2.534484E1,9.874533E0,4.152554E0,-4.542579E1,-2.568044E1
7.931034E-1,-1.798894E1,1.023189E0,-2.001746E1,2.539774E1,9.952121E0,4.172591E0,-4.542250E1,-2.578911E1
8.275862E-1,-1.807157E1,9.264263E-1,-2.004532E1,2.543744E1,1.002175E1,4.261180E0,-4.537319E1,-2.585011E1
8.620690E-1,-1.805282E1,9.989690E-1,-1.998657E1,2.542335E1,9.858272E0,4.231490E0,-4.532417E1,-2.591205E1
8.965517E-1,-1.800482E1,1.243130E0,-1.997703E1,2.559214E1,9.882265E0,4.156551E0,-4.546535E1,-2.587859E1
9.310345E-1,-1.810040E1,1.300164E0,-2.014727E1,2.544420E1,9.959820E0,4.125288E0,-4.543089E1,-2.597600E1
9.655172E-1,-1.811736E1,1.294679E0,-2.020653E1,2.535098E1,1.001968E1,4.204777E0,-4.535506E1,-2.592719E1
1.000000E0,-1.808144E1,1.347336E0,-2.020981E1,2.548634E1,1.013103E1,4.192016E0,-4.537352E1,-2.593965E1
1.034483E0,-1.812768E1,1.328768E0,-2.032378E1,2.544046E1,1.004116E1,4.224117E0,-4.538748E1,-2.604704E1
1.068966E0,-1.810354E1,1.352265E0,-2.038282E1,2.532761E1,1.004589E1,4.199233E0,-4.529278E1,-2.606938E1
1.103448E0,-1.805026E1,1.286620E0,-2.048292E1,2.543957E1,1.004543E1,4.205236E0,-4.532229E1,-2.603510E1
1.137931E0,-1.800635E1,1.239091E0,-2.061745E1,2.549295E1,1.002527E1,4.211391E0,-4.535909E1,-2.597762E1
1.172414E0,-1.801000E1,1.241429E0,-2.049904E1,2.532636E1,1.023334E1,4.333838E0,-4.539945E1,-2.600639E1
1.206897E0,-1.797748E1,1.419093E0,-2.050891E1,2.554554E1,1.037412E1,4.446668E0,-4.540176E1,-2.603255E1
1.241379E0,-1.795463E1,1.286593E0,-2.060947E1,2.556072E1,1.042541E1,4.443976E0,-4.539960E1,-2.612055E1
1.275862E0,-1.795339E1,1.185882E0,-2.060626E1,2.552647E1,1.059467E1,4.477615E0,-4.547984E1,-2.606747E1
1.310345E0,-1.807287E1,9.864830E-1,-2.066344E1,2.567606E1,1.052345E1,4.538623E0,-4.559056E1,-2.599609E1
1.344828E0,-1.819064E1,9.123020E-1,-2.081956E1,2.568357E1,1.053042E1,4.517830E0,-4.562783E1,-2.607097E1
1.379310E0,-1.828896E1,8.791572E-1,-2.089968E1,2.569555E1,1.052424E1,4.480229E0,-4.553342E1,-2.607100E1
1.413793E0,-1.810821E1,8.562752E-1,-2.079439E1,2.565835E1,1.043545E1,4.427579E0,-4.561474E1,-2.603628E1
1.448276E0,-1.817206E1,9.812328E-1,-2.087685E1,2.575081E1,1.046236E1,4.482282E0,-4.564344E1,-2.610087E1
1.482759E0,-1.827633E1,1.054324E0,-2.098505E1,2.574622E1,1.040454E1,4.466216E0,-4.567145E1,-2.619207E1
1.517241E0,-1.827747E1,9.852489E-1,-2.101313E1,2.554455E1,1.038489E1,4.462916E0,-4.569123E1,-2.618182E1
1.551724E0,-1.834355E1,1.163722E0,-2.107782E1,2.560754E1,1.031220E1,4.490280E0,-4.571871E1,-2.610759E1
1.586207E0,-1.832078E1,1.232657E0,-2.100585E1,2.568083E1,1.024595E1,4.544022E0,-4.564053E1,-2.600963E1
1.620690E0,-1.823670E1,1.095307E0,-2.100930E1,2.566135E1,1.019858E1,4.416886E0,-4.571723E1,-2.583424E1
1.655172E0,-1.820857E1,9.757850E-1,-2.087099E1,2.571830E1,1.017678E1,4.434563E0,-4.566022E1,-2.573964E1
1.689655E0,-1.834148E1,9.932891E-1,-2.117755E1,2.580100E1,1.016866E1,4.481305E0,-4.574190E1,-2.565592E1
1.724138E0,-1.838380E1,9.183003E-1,-2.132043E1,2.578177E1,1.005231E1,4.376711E0,-4.574215E1,-2.582134E1
1.758621E0,-1.829749E1,1.051138E0,-2.125722E1,2.587194E1,1.016998E1,4.415867E0,-4.565491E1,-2.583546E1
1.793103E0,-1.825573E1,1.113673E0,-2.126060E1,2.598215E1,1.021377E1,4.241218E0,-4.564807E1,-2.590816E1
1.827586E0,-1.818827E1,1.098764E0,-2.120078E1,2.585070E1,1.014853E1,4.352898E0,-4.565318E1,-2.587825E1
1.862069E0,-1.821452E1,9.930435E-1,-2.119097E1,2.584654E1,1.020177E1,4.345497E0,-4.573532E1,-2.598467E1
1.896552E0,-1.814540E1,9.675009E-1,-2.115068E1,2.592144E1,1.015821E1,4.339790E0,-4.572888E1,-2.598059E1
1.931034E0,-1.829126E1,9.165415E-1,-2.124492E1,2.594737E1,1.020486E1,4.408777E0,-4.579504E1,-2.591669E1
1.965517E0,-1.821819E1,8.086099E-1,-2.122762E1,2.593509E1,1.029690E1,4.420367E0,-4.572547E1,-2.583278E1
2.000000E0,-1.833289E1,7.527997E-1,-2.125377E1,2.599280E1,1.028262E1,4.340550E0,-4.579253E1,-2.586446E1
2.034483E0,-1.836629E1,7.830525E-1,-2.118743E1,2.608414E1,1.019046E1,4.252835E0,-4.584520E1,-2.578325E1
2.068966E0,-1.831505E1,8.421643E-1,-2.107896E1,2.608209E1,1.025305E1,4.295021E0,-4.595496E1,-2.572364E1
2.103448E0,-1.830610E1,8.215797E-1,-2.123424E1,2.617752E1,1.012969E1,4.331804E0,-4.592139E1,-2.578784E1
2.137931E0,-1.817503E1,8.348756E-1,-2.125590E1,2.609722E1,1.012343E1,4.338110E0,-4.590615E1,-2.573735E1
2.172414E0,-1.821311E1,1.025094E0,-2.127981E1,2.609464E1,1.009714E1,4.278810E0,-4.597037E1,-2.565812E1
2.206897E0,-1.820236E1,1.006446E0,-2.127193E1,2.597330E1,1.010863E1,4.281615E0,-4.599741E1,-2.564185E1
2.241379E0,-1.820155E1,9.299537E-1,-2.128233E1,2.588053E1,1.026770E1,4.214024E0,-4.596822E1,-2.568998E1
2.275862E0,-1.817998E1,9.839966E-1,-2.128331E1,2.604038E1,1.025917E1,4.280487E0,-4.602691E1,-2.552032E1
2.310345E0,-1.812550E1,9.412478E-1,-2.129794E1,2.604722E1,1.023932E1,4.250816E0,-4.592894E1,-2.550289E1
2.344828E0,-1.819842E1,9.914825E-1,-2.123075E1,2.601093E1,1.039727E1,4.376974E0,-4.583142E1,-2.545758E1
2.379310E0,-1.820933E1,1.039439E0,-2.132396E1,2.615230E1,1.033083E1,4.512368E0,-4.589126E1,-2.544862E1
2.413793E0,-1.826751E1,1.206847E0,-2.117963E1,2.628590E1,1.024893E1,4.330025E0,-4.583509E1,-2.542970E1
2.448276E0,-1.825322E1,1.255689E0,-2.112044E1,2.629532E1,1.032599E1,4.287625E0,-4.585265E1,-2.539679E1
2.482759E0,-1.835666E1,1.434621E0,-2.112321E1,2.641709E1,1.029310E1,4.379549E0,-4.600557E1,-2.553208E1
2.517241E0,-1.845521E1,1.360628E0,-2.115573E1,2.637485E1,1.034474E1,4.444435E0,-4.604439E1,-2.555218E1
2.551724E0,-1.835732E1,1.384240E0,-2.106501E1,2.627509E1,1.037111E1,4.360442E0,-4.602474E1,-2.556731E1
2.586207E0,-1.853592E1,1.432813E0,-2.104520E1,2.616901E1,1.051218E1,4.394352E0,-4.606664E1,-2.547184E1
2.620690E0,-1.843250E1,1.403756E0,-2.089107E1,2.631654E1,1.053378E1,4.388905E0,-4.605199E1,-2.543134E1
2.655172E0,-1.864696E1,1.416072E0,-2.100428E1,2.629993E1,1.058416E1,4.278085E0,-4.613912E1,-2.545727E1
2.689655E0,-1.867845E1,1.385497E0,-2.095312E1,2.629160E1,1.056693E1,4.144156E0,-4.621616E1,-2.555332E1
2.724138E0,-1.880755E1,1.401983E0,-2.095049E1,2.628312E1,1.068742E1,4.174663E0,-4.623246E1,-2.557836E1
2.758621E0,-1.878107E1,1.515932E0,-2.076357E1,2.632384E1,1.063285E1,4.191401E0,-4.632425E1,-2.557366E1
2.793103E0,-1.874931E1,1.540558E0,-2.073303E1,2.622721E1,1.075953E1,4.231874E0,-4.622873E1,-2.558581E1
2.827586E0,-1.879673E1,1.658149E0,-2.073362E1,2.627669E1,1.066975E1,4.296429E0,-4.624806E1,-2.581875E1
2.862069E0,-1.867630E1,1.689669E0,-2.083122E1,2.618300E1,1.051703E1,4.153354E0,-4.620106E1,-2.569499E1
2.896552E0,-1.881985E1,1.820413E0,-2.090270E1,2.637116E1,1.060924E1,4.143321E0,-4.616541E1,-2.554520E1
2.931034E0,-1.887287E1,1.801706E0,-2.100346E1,2.634689E1,1.066508E1,4.046085E0,-4.618750E1,-2.557087E1
2.965517E0,-1.894139E1,1.725121E0,-2.099058E1,2.635062E1,1.066835E1,4.172928E0,-4.629477E1,-2.567644E1
3.000000E0,-1.899875E1,1.793796E0,-2.100724E1,2.634454E1,1.069829E1,4.356659E0,-4.626287E1,-2.560068E1
3.034483E0,-1.905233E1,1.810961E0,-2.114739E1,2.645963E1,1.062214E1,4.355100E0,-4.629402E1,-2.552897E1
3.068966E0,-1.919424E1,1.760426E0,-2.121291E1,2.641785E1,1.058126E1,4.318050E0,-4.644267E1,-2.559151E1
3.103448E0,-1.930057E1,1.861686E0,-2.104113E1,2.651148E1,1.058544E1,4.412221E0,-4.649399E1,-2.552571E1
3.137931E0,-1.927213E1,1.833994E0,-2.099736E1,2.656817E1,1.066136E1,4.481748E0,-4.644441E1,-2.558018E1
3.172414E0,-1.940893E1,1.814419E0,-2.106635E1,2.637264E1,1.054278E1,4.394765E0,-4.650612E1,-2.555852E1
3.206897E0,-1.938694E1,1.867153E0,-2.124929E1,2.648262E1,1.040796E1,4.524191E0,-4.642805E1,-2.541183E1
3.241379E0,-1.946499E1,1.953629E0,-2.132907E1,2.655262E1,1.043782E1,4.486854E0,-4.648909E1,-2.532163E1
3.275862E0,-1.951496E1,1.785516E0,-2.137246E1,2.647954E1,1.035640E1,4.589625E0,-4.638475E1,-2.532855E1
3.310345E0,-1.952024E1,1.921132E0,-2.137599E1,2.647353E1,1.035123E1,4.684442E0,-4.642373E1,-2.538135E1
3.344828E0,-1.951933E1,1.999265E0,-2.128313E1,2.651206E1,1.030487E1,4.601392E0,-4.644207E1,-2.527422E1
3.379310E0,-1.954316E1,1.913307E0,-2.130422E1,2.647276E1,1.015879E1,4.577699E0,-4.649013E1,-2.531108E1
3.413793E0,-1.954640E1,1.911100E0,-2.125241E1,2.639317E1,1.017141E1,4.660568E0,-4.658294E1,-2.536851E1
3.448276E0,-1.940248E1,1.976764E0,-2.120505E1,2.647732E1,1.024139E1,4.761464E0,-4.671645E1,-2.532055E1
3.482759E0,-1.946961E1,1.775984E0,-2.136013E1,2.643477E1,1.031997E1,4.685490E0,-4.699381E1,-2.531771E1
3.517241E0,-1.941887E1,1.773011E0,-2.133213E1,2.658057E1,1.037073E1,4.629039E0,-4.713172E1,-2.523179E1
3.551724E0,-1.941002E1,1.801205E0,-2.138642E1,2.645114E1,1.025966E1,4.717208E0,-4.717372E1,-2.508143E1
3.586207E0,-1.946224E1,1.756005E0,-2.142628E1,2.632248E1,1.011589E1,4.707793E0,-4.706930E1,-2.521588E1
3.620690E0,-1.945384E1,1.729015E0,-2.134467E1,2.612581E1,1.004285E1,4.853851E0,-4.716949E1,-2.518729E1
3.655172E0,-1.934540E1,1.683356E0,-2.131737E1,2.586727E1,9.945054E0,4.849593E0,-4.721675E1,-2.518598E1
3.689655E0,-1.931482E1,1.685906E0,-2.129186E1,2.580100E1,9.859735E0,4.778171E0,-4.721268E1,-2.516161E1
3.724138E0,-1.932830E1,1.842915E0,-2.134322E1,2.583966E1,9.751233E0,4.764474E0,-4.723858E1,-2.502315E1
3.758621E0,-1.930752E1,1.834179E0,-2.125494E1,2.571174E1,9.837128E0,4.685901E0,-4.713816E1,-2.485580E1
3.793103E0,-1.927830E1,1.750259E0,-2.125573E1,2.566934E1,9.851135E0,4.598573E0,-4.737167E1,-2.490531E1
3.827586E0,-1.935991E1,1.827631E0,-2.121524E1,2.577467E1,9.856268E0,4.683713E0,-4.732867E1,-2.480045E1
3.862069E0,-1.949278E1,1.888698E0,-2.139140E1,2.576548E1,9.753780E0,4.722712E0,-4.725375E1,-2.468323E1
3.896552E0,-1.948569E1,1.894244E0,-2.150861E1,2.579901E1,9.815933E0,4.695973E0,-4.722677E1,-2.492376E1
3.931034E0,-1.945914E1,2.021753E0,-2.142994E1,2.576669E1,9.896345E0,4.812206E0,-4.726039E1,-2.494737E1
3.965517E0,-1.944581E1,2.012291E0,-2.157017E1,2.575390E1,9.873967E0,4.813730E0,-4.724708E1,-2.493611E1
4.000000E0,-1.959752E1,1.991187E0,-2.160000E1,2.577046E1,9.902991E0,4.839496E0,-4.726899E1,-2.490337E1
4.034483E0,-1.948996E1,2.013892E0,-2.153761E1,2.573608E1,1.007034E1,4.748387E0,-4.739071E1,-2.486649E1
4.068966E0,-1.956288E1,2.137890E0,-2.165747E1,2.578345E1,1.002325E1,4.981002E0,-4.742127E1,-2.483155E1
4.103448E0,-1.954069E1,2.139066E0,-2.161295E1,2.558326E1,1.008921E1,5.029791E0,-4.752689E1,-2.491174E1
4.137931E0,-1.957841E1,2.027471E0,-2.162714E1,2.557595E1,1.003807E1,4.985579E0,-4.744062E1,-2.496320E1
4.172414E0,-1.974004E1,2.094507E0,-2.175506E1,2.561825E1,9.982186E0,4.976287E0,-4.758989E1,-2.491137E1
4.206897E0,-1.972809E1,2.063172E0,-2.178347E1,2.562649E1,9.985403E0,4.989215E0,-4.752364E1,-2.496165E1
4.241379E0,-1.970967E1,2.063327E0,-2.183438E1,2.554433E1,1.000746E1,4.853731E0,-4.756045E1,-2.507537E1
4.275862E0,-1.981896E1,2.084436E0,-2.177029E1,2.555837E1,1.020923E1,4.905834E0,-4.757459E1,-2.505090E1
4.310345E0,-1.974565E1,2.056766E0,-2.161860E1,2.553572E1,1.016971E1,4.899452E0,-4.743218E1,-2.509545E1
4.344828E0,-1.971769E1,2.052202E0,-2.155646E1,2.550570E1,1.023542E1,4.912646E0,-4.743262E1,-2.507264E1
4.379310E0,-1.966755E1,1.936739E0,-2.154831E1,2.543194E1,1.017117E1,4.839741E0,-4.739835E1,-2.506215E1
4.413793E0,-1.966088E1,1.912325E0,-2.167110E1,2.552998E1,1.017574E1,4.798324E0,-4.727696E1,-2.508675E1
4.448276E0,-1.983344E1,1.958909E0,-2.169758E1,2.575764E1,1.012427E1,4.812611E0,-4.716801E1,-2.514587E1
4.482759E0,-1.985105E1,1.936217E0,-2.153401E1,2.585403E1,1.017842E1,4.867491E0,-4.712795E1,-2.520964E1
4.517241E0,-1.994974E1,1.822589E0,-2.146715E1,2.575406E1,1.019548E1,4.820582E0,-4.711397E1,-2.524803E1
4.551724E0,-1.997323E1,1.828762E0,-2.137244E1,2.593501E1,1.013318E1,4.816636E0,-4.710951E1,-2.517334E1
4.586207E0,-2.004832E1,1.813328E0,-2.128335E1,2.601104E1,1.012190E1,4.867192E0,-4.712639E1,-2.491026E1
4.620690E0,-2.010773E1,1.899103E0,-2.121721E1,2.592927E1,1.013713E1,4.903590E0,-4.719440E1,-2.502455E1
4.655172E0,-2.005633E1,1.946825E0,-2.123774E1,2.587721E1,9.984010E0,4.913985E0,-4.724216E1,-2.492246E1
4.689655E0,-1.999162E1,2.076411E0,-2.123904E1,2.613895E1,1.009401E1,5.020674E0,-4.714207E1,-2.485960E1
4.724138E0,-1.994400E1,1.976161E0,-2.115354E1,2.622091E1,9.930276E0,5.093255E0,-4.709186E1,-2.485914E1
4.758621E0,-2.008200E1,1.946875E0,-2.119018E1,2.605789E1,9.946929E0,5.138288E0,-4.709191E1,-2.484079E1
4.793103E0,-2.002495E1,1.960610E0,-2.101907E1,2.602295E1,1.006568E1,5.173694E0,-4.696381E1,-2.485442E1
4.827586E0,-1.997753E1,1.865069E0,-2.105209E1,2.615171E1,1.006037E1,5.180858E0,-4.697408E1,-2.465077E1
4.862069E0,-1.990356E1,1.952584E0,-2.114570E1,2.619909E1,1.008582E1,5.168438E0,-4.705662E1,-2.453822E1
4.896552E0,-1.989147E1,1.954943E0,-2.105245E1,2.613863E1,1.016675E1,5.322516E0,-4.713856E1,-2.440724E1
4.931034E0,-1.983193E1,1.951031E0,-2.124406E1,2.615650E1,1.016233E1,5.317865E0,-4.736843E1,-2.433471E1
4.965517E0,-1.984537E1,1.967924E0,-2.128157E1,2.631464E1,1.015840E1,5.328162E0,-4.744991E1,-2.428816E1
5.000000E0,-1.994452E1,2.010026E0,-2.123949E1,2.633456E1,1.017990E1,5.339458E0,-4.738019E1,-2.420616E1
5.034483E0,-1.994968E1,1.982172E0,-2.119078E1,2.633796E1,1.017358E1,5.323401E0,-4.734775E1,-2.420537E1
5.068966E0,-1.992932E1,1.913844E0,-2.112668E1,2.617931E1,1.009704E1,5.279362E0,-4.735855E1,-2.421143E1
5.103448E0,-2.005370E1,2.059466E0,-2.118952E1,2.616701E1,1.005299E1,5.280854E0,-4.736353E1,-2.417994E1
5.137931E0,-2.007034E1,1.927220E0,-2.129191E1,2.610293E1,1.006914E1,5.420372E0,-4.741306E1,-2.419682E1
5.172414E0,-1.990345E1,2.106948E0,-2.134685E1,2.596639E1,1.004720E1,5.424774E0,-4.733298E1,-2.425445E1
5.206897E0,-1.994062E1,2.034361E0,-2.136206E1,2.593878E1,1.000765E1,5.332481E0,-4.727060E1,-2.431004E1
5.241379E0,-1.995226E1,2.031125E0,-2.136873E1,2.592767E1,9.973941E0,5.345022E0,-4.730095E1,-2.424241E1
5.275862E0,-1.980420E1,1.913035E0,-2.133730E1,2.587088E1,1.002349E1,5.235293E0,-4.741314E1,-2.423107E1
5.310345E0,-1.989113E1,1.967885E0,-2.142481E1,2.595945E1,9.941442E0,5.117642E0,-4.749318E1,-2.416874E1
5.344828E0,-1.988653E1,1.960164E0,-2.148898E1,2.595302E1,9.980900E0,5.178673E0,-4.744146E1,-2.418752E1
5.379310E0,-1.984145E1,1.978575E0,-2.168575E1,2.599279E1,9.950223E0,5.134514E0,-4.753778E1,-2.409774E1
5.413793E0,-1.984137E1,1.917123E0,-2.174262E1,2.601743E1,1.004292E1,5.271494E0,-4.751199E1,-2.404682E1
5.448276E0,-1.983799E1,1.945791E0,-2.177620E1,2.617148E1,1.007963E1,5.284703E0,-4.745306E1,-2.395974E1
5.482759E0,-1.999920E1,1.909784E0,-2.175963E1,2.605071E1,1.008737E1,5.188701E0,-4.744594E1,-2.403081E1
5.517241E0,-2.006482E1,1.877506E0,-2.176381E1,2.591221E1,1.019359E1,5.151018E0,-4.750878E1,-2.402751E1
5.551724E0,-2.007347E1,1.889293E0,-2.173746E1,2.615313E1,1.017203E1,5.383144E0,-4.745584E1,-2.401919E1
5.586207E0,-1.996865E1,1.869067E0,-2.169114E1,2.614980E1,1.022639E1,5.442079E0,-4.731443E1,-2.405777E1
5.620690E0,-1.993631E1,1.858814E0,-2.187330E1,2.595890E1,1.023002E1,5.413762E0,-4.738855E1,-2.401335E1
5.655172E0,-2.001933E1,1.897050E0,-2.185891E1,2.595507E1,1.031476E1,5.473700E0,-4.730685E1,-2.393142E1
5.689655E0,-2.002432E1,1.855449E0,-2.167006E1,2.595683E1,1.018327E1,5.574030E0,-4.726961E1,-2.385368E1
5.724138E0,-2.007739E1,1.789810E0,-2.172778E1,2.596371E1,1.015252E1,5.622854E0,-4.728213E1,-2.387178E1
5.758621E0,-2.003542E1,1.876414E0,-2.173818E1,2.601341E1,1.006310E1,5.658796E0,-4.719181E1,-2.377025E1
5.793103E0,-2.006849E1,1.959249E0,-2.187372E1,2.619173E1,1.005609E1,5.672535E0,-4.721989E1,-2.371377E1
5.827586E0,-2.006457E1,2.002714E0,-2.188853E1,2.620755E1,1.000718E1,5.421116E0,-4.741920E1,-2.366460E1
5.862069E0,-2.007012E1,2.027016E0,-2.205989E1,2.630807E1,1.003932E1,5.419547E0,-4.753720E1,-2.365698E1
5.896552E0,-2.004002E1,1.893456E0,-2.205587E1,2.630661E1,1.005634E1,5.464156E0,-4.752307E1,-2.363692E1
5.931034E0,-1.987166E1,1.928575E0,-2.218540E1,2.628309E1,1.003913E1,5.430441E0,-4.745477E1,-2.367073E1
5.965517E0,-1.981684E1,1.993862E0,-2.209636E1,2.648888E1,1.002334E1,5.422075E0,-4.733175E1,-2.367931E1
6.000000E0,-1.979116E1,1.964300E0,-2.210445E1,2.641971E1,9.985621E0,5.257521E0,-4.739965E1,-2.372219E1
6.034483E0,-1.989758E1,2.018517E0,-2.223820E1,2.641461E1,9.956435E0,5.252789E0,-4.741462E1,-2.366303E1
6.068966E0,-1.988611E1,2.114230E0,-2.219148E1,2.642761E1,9.853103E0,5.229594E0,-4.719693E1,-2.372593E1
6.103448E0,-1.999753E1,2.097911E0,-2.224942E1,2.643047E1,9.763603E0,5.195098E0,-4.730161E1,-2.365923E1
6.137931E0,-2.006318E1,1.942159E0,-2.225899E1,2.647123E1,9.840574E0,5.132613E0,-4.724866E1,-2.368058E1
6.172414E0,-2.020870E1,2.240025E0,-2.236347E1,2.652356E1,9.869706E0,5.201504E0,-4.715006E1,-2.373861E1
6.206897E0,-2.030324E1,2.245706E0,-2.213572E1,2.639709E1,1.000168E1,5.214495E0,-4.721278E1,-2.373654E1
6.241379E0,-2.030621E1,2.131931E0,-2.213473E1,2.634957E1,9.998693E0,5.170002E0,-4.730758E1,-2.381176E1
6.275862E0,-2.026187E1,2.206208E0,-2.213612E1,2.629661E1,9.984381E0,5.224335E0,-4.728815E1,-2.383425E1
6.310345E0,-2.027661E1,2.235955E0,-2.221924E1,2.633586E1,9.841098E0,5.251516E0,-4.738667E1,-2.377795E1
6.344828E0,-2.024088E1,2.229384E0,-2.231729E1,2.632420E1,9.934879E0,5.287920E0,-4.728818E1,-2.374758E1
6.379310E0,-2.016246E1,2.251243E0,-2.244347E1,2.637393E1,9.923489E0,5.306545E0,-4.742066E1,-2.381655E1
6.413793E0,-2.019207E1,2.144572E0,-2.232000E1,2.647127E1,1.001072E1,5.356474E0,-4.741854E1,-2.381945E1
6.448276E0,-2.030428E1,2.089623E0,-2.232314E1,2.651461E1,1.003474E1,5.513439E0,-4.750265E1,-2.376043E1
6.482759E0,-2.043097E1,2.212620E0,-2.227890E1,2.637501E1,9.907038E0,5.659728E0,-4.753590E1,-2.374831E1
6.517241E0,-2.046345E1,2.235817E0,-2.210019E1,2.635195E1,9.924822E0,5.664059E0,-4.763270E1,-2.372976E1
6.551724E0,-2.028382E1,2.311223E0,-2.220881E1,2.641223E1,9.826566E0,5.702518E0,-4.771971E1,-2.375289E1
6.586207E0,-2.021428E1,2.217522E0,-2.219460E1,2.640102E1,9.869141E0,5.753554E0,-4.764599E1,-2.374661E1
6.620690E0,-2.038532E1,2.199662E0,-2.230655E1,2.640370E1,9.897600E0,5.804856E0,-4.762929E1,-2.381976E1
6.655172E0,-2.038566E1,2.345339E0,-2.223310E1,2.631030E1,9.782600E0,5.867033E0,-4.764137E1,-2.378469E1
6.689655E0,-2.040102E1,2.420879E0,-2.231795E1,2.629996E1,9.742195E0,5.841531E0,-4.760311E1,-2.383608E1
6.724138E0,-2.040407E1,2.411631E0,-2.228326E1,2.617496E1,9.728532E0,5.772960E0,-4.769351E1,-2.386171E1
6.758621E0,-2.035631E1,2.463574E0,-2.233853E1,2.614168E1,9.742600E0,5.849673E0,-4.768888E1,-2.383813E1
6.793103E0,-2.033023E1,2.521160E0,-2.244556E1,2.622353E1,9.927790E0,5.829568E0,-4.776945E1,-2.376064E1
6.827586E0,-2.040631E1,2.384289E0,-2.252161E1,2.599132E1,1.001566E1,5.840527E0,-4.776139E1,-2.370540E1
6.862069E0,-2.034929E1,2.278173E0,-2.249758E1,2.596521E1,1.017420E1,6.024961E0,-4.776474E1,-2.348648E1
6.896552E0,-2.047046E1,2.319044E0,-2.260594E1,2.590405E1,1.011475E1,6.044317E0,-4.776919E1,-2.347689E1
6.931034E0,-2.062683E1,2.230889E0,-2.250814E1,2.598382E1,1.010557E1,6.060298E0,-4.780472E1,-2.349711E1
6.965517E0,-2.065867E1,2.160054E0,-2.242385E1,2.608254E1,1.012328E1,6.081037E0,-4.774660E1,-2.348241E1
7.000000E0,-2.052912E1,2.217682E0,-2.240643E1,2.590311E1,1.004714E1,6.115420E0,-4.777406E1,-2.336744E1
7.034483E0,-2.049129E1,2.309433E0,-2.228361E1,2.603421E1,9.972378E0,6.188409E0,-4.768403E1,-2.336234E1
7.068966E0,-2.035469E1,2.140656E0,-2.233916E1,2.590390E1,9.933945E0,6.225783E0,-4.769640E1,-2.327034E1
7.103448E0,-2.031701E1,2.126180E0,-2.234385E1,2.593275E1,1.001469E1,6.175101E0,-4.753092E1,-2.324576E1
7.137931E0,-2.023084E1,2.077755E0,-2.232075E1,2.595252E1,1.002308E1,6.173348E0,-4.751813E1,-2.311288E1
7.172414E0,-2.034460E1,2.029515E0,-2.234542E1,2.598699E1,1.006330E1,6.114677E0,-4.745480E1,-2.313830E1
7.206897E0,-2.046993E1,2.165560E0,-2.234356E1,2.602943E1,1.007291E1,6.033652E0,-4.751337E1,-2.312191E1
7.241379E0,-2.045671E1,2.107973E0,-2.233735E1,2.599793E1,9.990379E0,5.954988E0,-4.758511E1,-2.305270E1
7.275862E0,-2.054753E1,2.061025E0,-2.228313E1,2.594573E1,1.003890E1,6.010754E0,-4.738526E1,-2.308625E1
7.310345E0,-2.048967E1,2.189159E0,-2.224947E1,2.602453E1,1.003302E1,6.008267E0,-4.736269E1,-2.299499E1
7.344828E0,-2.052105E1,2.260321E0,-2.231549E1,2.599542E1,1.008661E1,5.959493E0,-4.743334E1,-2.308221E1
7.379310E0,-2.059988E1,2.193098E0,-2.246546E1,2.586550E1,9.978209E0,5.827366E0,-4.756280E1,-2.303702E1
7.413793E0,-2.077950E1,2.189715E0,-2.251261E1,2.585793E1,1.002090E1,5.839227E0,-4.739957E1,-2.298695E1
7.448276E0,-2.088623E1,2.046596E0,-2.275789E1,2.582822E1,1.013100E1,5.858431E0,-4.747628E1,-2.307824E1
7.482759E0,-2.090516E1,2.085216E0,-2.273141E1,2.580433E1,1.009066E1,5.903455E0,-4.739888E1,-2.305942E1
7.517241E0,-2.087539E1,2.221769E0,-2.271057E1,2.591944E1,1.009747E1,6.004622E0,-4.733669E1,-2.299578E1
7.551724E0,-2.076339E1,2.309975E0,-2.282939E1,2.585010E1,9.970940E0,5.936925E0,-4.728997E1,-2.297162E1
7.586207E0,-2.081256E1,2.281760E0,-2.277404E1,2.570877E1,9.950055E0,5.779131E0,-4.723254E1,-2.285434E1
7.620690E0,-2.097460E1,2.592681E0,-2.288462E1,2.588660E1,9.774973E0,5.802225E0,-4.725803E1,-2.285406E1
7.655172E0,-2.103160E1,2.456486E0,-2.294232E1,2.576192E1,9.787635E0,5.653378E0,-4.718249E1,-2.292124E1
7.689655E0,-2.096779E1,2.537747E0,-2.292801E1,2.564951E1,9.826648E0,5.622728E0,-4.719074E1,-2.298123E1
7.724138E0,-2.103777E1,2.666754E0,-2.309619E1,2.562346E1,9.790248E0,5.680818E0,-4.708635E1,-2.287815E1
7.758621E0,-2.084629E1,2.641681E0,-2.313010E1,2.556337E1,9.693257E0,5.676657E0,-4.708775E1,-2.283260E1
7.793103E0,-2.078412E1,2.638571E0,-2.328903E1,2.540545E1,9.586602E0,5.715426E0,-4.716924E1,-2.281928E1
7.827586E0,-2.071304E1,2.841354E0,-2.346027E1,2.548339E1,9.532386E0,5.769375E0,-4.714013E1,-2.269144E1
7.862069E0,-2.080159E1,2.720624E0,-2.356698E1,2.543264E1,9.509871E0,5.759313E0,-4.730943E1,-2.272533E1
7.896552E0,-2.096599E1,2.694129E0,-2.361729E1,2.546603E1,9.607569E0,5.757496E0,-4.732696E1,-2.267556E1
7.931034E0,-2.090627E1,2.632663E0,-2.355640E1,2.549010E1,9.760378E0,5.834195E0,-4.728921E1,-2.253529E1
7.965517E0,-2.085207E1,2.518762E0,-2.368183E1,2.552606E1,9.674333E0,5.789127E0,-4.724874E1,-2.253034E1
8.000000E0,-2.071717E1,2.584159E0,-2.369643E1,2.553515E1,9.655861E0,5.685812E0,-4.724528E1,-2.254765E1
8.034483E0,-2.069488E1,2.512834E0,-2.379240E1,2.556943E1,9.595452E0,5.850803E0,-4.732205E1,-2.250703E1
8.068966E0,-2.067422E1,2.605989E0,-2.384454E1,2.580308E1,9.544933E0,5.862450E0,-4.728490E1,-2.247965E1
8.103448E0,-2.067843E1,2.509081E0,-2.391423E1,2.583148E1,9.547048E0,5.718062E0,-4.743236E1,-2.254638E1
8.137931E0,-2.078549E1,2.328528E0,-2.383194E1,2.574119E1,9.705567E0,5.613052E0,-4.745813E1,-2.247149E1
8.172414E0,-2.074964E1,2.428047E0,-2.399583E1,2.591742E1,9.565234E0,5.669184E0,-4.748330E1,-2.243425E1
8.206897E0,-2.071157E1,2.485096E0,-2.397709E1,2.595326E1,9.541723E0,5.504705E0,-4.747186E1,-2.250224E1
8.241379E0,-2.085981E1,2.477797E0,-2.401950E1,2.598772E1,9.495131E0,5.435792E0,-4.755891E1,-2.248013E1
