#multi:
,mass A,,mass B,,mass C,,mass D,,
t,x,y,x,y,x,y,x,y,
0.000000E0,-1.912344E1,1.876031E1,-1.127605E-1,5.427350E-2,-5.999450E1,1.204202E1,,
3.448276E-2,-1.913871E1,1.868513E1,-8.367710E-2,1.868721E-3,-6.008435E1,1.198770E1,-5.153456E1,1.404111E1
6.896552E-2,-1.912756E1,1.866113E1,-8.416540E-2,-3.086689E-2,-5.999773E1,1.194629E1,-5.151422E1,1.394327E1
1.034483E-1,-1.917269E1,1.874885E1,-7.873263E-2,8.798083E-2,-5.999752E1,1.203129E1,-5.152197E1,1.405739E1
1.379310E-1,-1.920724E1,1.880397E1,-9.898201E-2,1.090879E-2,-5.997430E1,1.211488E1,-5.150743E1,1.406230E1
1.724138E-1,-1.922407E1,1.879861E1,-1.405334E-1,-5.087873E-2,-5.997895E1,1.210331E1,-5.151032E1,1.403183E1
2.068966E-1,-1.924598E1,1.885387E1,-1.250337E-1,-3.481757E-2,-6.000481E1,1.217152E1,-5.146496E1,1.407322E1
2.413793E-1,-1.924291E1,1.881773E1,-1.348733E-1,-3.967495E-2,-5.998009E1,1.212815E1,-5.144152E1,1.407239E1
2.758621E-1,-1.926844E1,1.880232E1,-1.603011E-1,-6.646961E-2,-6.009337E1,1.202160E1,-5.149892E1,1.401203E1
3.103448E-1,-1.918198E1,1.884093E1,-1.409784E-1,-6.847972E-2,-6.004009E1,1.205628E1,-5.150851E1,1.399941E1
3.448276E-1,-1.927875E1,1.880284E1,-1.316418E-1,-3.979787E-2,-6.002204E1,1.215765E1,-5.148756E1,1.402090E1
3.793103E-1,-1.928183E1,1.879985E1,-8.452088E-2,-4.672646E-2,-5.998740E1,1.210103E1,-5.152166E1,1.397134E1
4.137931E-1,-1.931150E1,1.882139E1,-1.073115E-1,-4.595710E-2,-6.000382E1,1.211565E1,-5.151149E1,1.393760E1
4.482759E-1,-1.935723E1,1.878280E1,-6.981073E-2,8.058621E-2,-6.008022E1,1.208070E1,-5.147279E1,1.398013E1
4.827586E-1,-1.930797E1,1.880773E1,-8.837811E-2,4.450005E-2,-6.000775E1,1.209410E1,-5.148437E1,1.402666E1
5.172414E-1,-1.919796E1,1.880414E1,-1.157541E-1,-8.158037E-2,-6.001496E1,1.203271E1,-5.151145E1,1.400477E1
5.517241E-1,-1.916850E1,1.875313E1,-1.220787E-1,-5.592823E-3,-6.001715E1,1.203507E1,-5.150286E1,1.397908E1
5.862069E-1,-1.922495E1,1.876261E1,-1.140145E-1,3.577093E-2,-5.997827E1,1.200544E1,-5.149496E1,1.394023E1
6.206897E-1,-1.925407E1,1.870493E1,-1.325342E-1,-1.769506E-2,-5.997525E1,1.199853E1,-5.144919E1,1.402321E1
6.551724E-1,-1.923862E1,1.871941E1,-4.140965E-2,-1.661477E-2,-5.997235E1,1.196929E1,-5.148218E1,1.405313E1
6.896552E-1,-1.922363E1,1.875176E1,-3.174617E-2,9.492459E-3,-5.995771E1,1.204357E1,-5.145324E1,1.400921E1
7.241379E-1,-1.920492E1,1.866620E1,-9.973286E-2,1.444227E-2,-5.998514E1,1.201000E1,-5.150844E1,1.397665E1
7.586207E-1,-1.928909E1,1.872319E1,-1.005112E-1,1.477052E-2,-5.997058E1,1.207077E1,-5.152769E1,1.398293E1
7.931034E-1,-1.922143E1,1.877634E1,-1.105178E-1,3.159386E-2,-5.993960E1,1.204942E1,-5.151561E1,1.402376E1
8.275862E-1,-1.918541E1,1.870642E1,-1.231191E-1,3.345114E-2,-5.998460E1,1.194990E1,-5.156107E1,1.400488E1
8.620690E-1,-1.922597E1,1.869798E1,-8.373218E-2,1.724202E-2,-5.994197E1,1.207827E1,-5.150059E1,1.397589E1
8.965517E-1,-1.916642E1,1.868098E1,-1.273281E-1,3.074618E-2,-5.988781E1,1.201803E1,-5.150483E1,1.400114E1
9.310345E-1,-1.924089E1,1.867748E1,-9.052904E-2,-1.571093E-2,-5.997436E1,1.199523E1,-5.152052E1,1.400432E1
9.655172E-1,-1.920684E1,1.865557E1,-8.651741E-2,2.174495E-2,-6.002799E1,1.206296E1,-5.153958E1,1.401631E1
1.000000E0,-1.919081E1,1.860038E1,-1.357556E-1,3.799467E-2,-6.000787E1,1.205495E1,-5.152783E1,1.399211E1
1.034483E0,-1.916853E1,1.865839E1,-8.312838E-2,2.586024E-2,-5.999724E1,1.208302E1,-5.152987E1,1.394990E1
1.068966E0,-1.918832E1,1.867825E1,-1.066951E-1,2.269343E-2,-5.999363E1,1.209589E1,-5.150952E1,1.405534E1
1.103448E0,-1.916492E1,1.872063E1,-9.961487E-2,-5.430393E-3,-6.000194E1,1.202051E1,-5.155003E1,1.395457E1
1.137931E0,-1.921380E1,1.871359E1,-1.177440E-1,-1.214750E-2,-6.004427E1,1.197488E1,-5.154037E1,1.396982E1
1.172414E0,-1.918976E1,1.872608E1,-8.641567E-2,3.260726E-2,-6.006840E1,1.207967E1,-5.151863E1,1.400276E1
1.206897E0,-1.914783E1,1.874456E1,-7.290009E-2,-8.548819E-3,-6.001783E1,1.205487E1,-5.147296E1,1.403878E1
1.241379E0,-1.910828E1,1.872503E1,-7.921312E-2,-5.981079E-2,-5.997849E1,1.198336E1,-5.151840E1,1.397187E1
1.275862E0,-1.914013E1,1.871982E1,-1.235458E-1,-2.948547E-3,-5.995938E1,1.207931E1,-5.153882E1,1.398969E1
1.310345E0,-1.913267E1,1.877855E1,-9.647603E-2,6.441226E-2,-6.004479E1,1.209286E1,-5.152016E1,1.404712E1
1.344828E0,-1.917037E1,1.868939E1,-1.414101E-1,2.373164E-2,-6.007878E1,1.202227E1,-5.153726E1,1.407068E1
1.379310E0,-1.922274E1,1.864621E1,-1.008317E-1,-1.593942E-2,-5.999068E1,1.200033E1,-5.155316E1,1.398809E1
1.413793E0,-1.921241E1,1.866867E1,-1.063725E-1,8.115464E-2,-5.997813E1,1.204581E1,-5.153748E1,1.405767E1
1.448276E0,-1.921722E1,1.868450E1,-9.602049E-2,-2.502314E-2,-5.995964E1,1.204023E1,-5.156727E1,1.396462E1
1.482759E0,-1.923142E1,1.869343E1,-1.290327E-1,-4.086623E-2,-5.991927E1,1.206910E1,-5.150285E1,1.395164E1
1.517241E0,-1.928762E1,1.875159E1,-1.188864E-1,6.104931E-3,-5.996297E1,1.213922E1,-5.149694E1,1.403294E1
1.551724E0,-1.919458E1,1.864665E1,-1.007897E-1,2.121440E-2,-5.997597E1,1.211601E1,-5.149038E1,1.397374E1
1.586207E0,-1.928380E1,1.865222E1,-1.063991E-1,6.618047E-3,-6.000004E1,1.211127E1,-5.151594E1,1.393803E1
1.620690E0,-1.920935E1,1.876118E1,-9.799108E-2,-4.960701E-3,-5.998437E1,1.209567E1,-5.149161E1,1.394137E1
1.655172E0,-1.923339E1,1.878235E1,-1.012998E-1,5.399035E-2,-5.997127E1,1.206613E1,-5.147647E1,1.401155E1
1.689655E0,-1.922984E1,1.875464E1,-1.450622E-1,-3.571148E-2,-5.996360E1,1.204394E1,-5.148959E1,1.402519E1
1.724138E0,-1.911094E1,1.868902E1,-1.406402E-1,-5.913356E-3,-6.001611E1,1.204691E1,-5.148430E1,1.401352E1
1.758621E0,-1.911293E1,1.874656E1,-6.721739E-2,-3.809145E-3,-6.002208E1,1.203496E1,-5.147756E1,1.405379E1
1.793103E0,-1.913698E1,1.872894E1,-1.016854E-1,2.439087E-2,-6.006187E1,1.207709E1,-5.148725E1,1.408546E1
1.827586E0,-1.911775E1,1.872156E1,-1.276246E-1,3.532533E-2,-6.004535E1,1.208600E1,-5.150789E1,1.400881E1
1.862069E0,-1.911579E1,1.869622E1,-1.173455E-1,7.842291E-2,-6.003523E1,1.222282E1,-5.149144E1,1.402010E1
1.896552E0,-1.925602E1,1.869289E1,-2.015607E-1,2.067279E-2,-5.999621E1,1.219717E1,-5.152639E1,1.407050E1
1.931034E0,-1.923390E1,1.861225E1,-1.164889E-1,9.578474E-3,-6.003700E1,1.220632E1,-5.151468E1,1.408036E1
1.965517E0,-1.924658E1,1.859680E1,-8.925719E-2,6.999493E-3,-6.008207E1,1.215033E1,-5.154003E1,1.400895E1
2.000000E0,-1.933397E1,1.863456E1,-1.188129E-1,2.943230E-2,-6.007398E1,1.214443E1,-5.150638E1,1.407725E1
2.034483E0,-1.926020E1,1.861703E1,-1.357602E-1,2.006943E-2,-6.010095E1,1.211717E1,-5.147018E1,1.411058E1
2.068966E0,-1.921680E1,1.869231E1,-7.926240E-2,-1.192540E-2,-6.009975E1,1.210797E1,-5.149779E1,1.407645E1
2.103448E0,-1.917589E1,1.869802E1,-1.065333E-1,8.894743E-3,-6.006737E1,1.214787E1,-5.148325E1,1.408165E1
2.137931E0,-1.919171E1,1.870416E1,-1.070869E-1,4.549963E-2,-6.011823E1,1.222392E1,-5.149063E1,1.405588E1
2.172414E0,-1.916930E1,1.863165E1,-8.026337E-2,-3.154668E-3,-6.004588E1,1.212760E1,-5.147447E1,1.404119E1
2.206897E0,-1.922302E1,1.865280E1,-8.030149E-2,-1.046508E-1,-6.008390E1,1.206439E1,-5.150766E1,1.403870E1
2.241379E0,-1.922933E1,1.859587E1,-8.130294E-2,6.896985E-3,-6.006928E1,1.212995E1,-5.149863E1,1.408334E1
2.275862E0,-1.919966E1,1.862333E1,-7.473217E-2,2.246166E-2,-6.002166E1,1.203730E1,-5.149859E1,1.408913E1
2.310345E0,-1.917116E1,1.857696E1,-8.700437E-2,-1.788390E-2,-5.999680E1,1.203407E1,-5.149296E1,1.407832E1
2.344828E0,-1.915213E1,1.859380E1,-1.123894E-1,5.161090E-2,-5.998456E1,1.207384E1,-5.142256E1,1.408984E1
2.379310E0,-1.912714E1,1.862184E1,-1.146627E-1,5.789082E-2,-6.005197E1,1.209045E1,-5.145961E1,1.407513E1
2.413793E0,-1.912446E1,1.847244E1,-8.115598E-2,4.361223E-2,-6.006675E1,1.207800E1,-5.146514E1,1.405314E1
2.448276E0,-1.916992E1,1.847925E1,-9.544127E-2,-2.156111E-2,-6.010164E1,1.205182E1,-5.147822E1,1.403204E1
2.482759E0,-1.916566E1,1.852073E1,-1.543625E-1,3.379135E-2,-6.010055E1,1.209668E1,-5.149393E1,1.403331E1
2.517241E0,-1.920222E1,1.853282E1,-1.055607E-1,-7.338176E-3,-6.004949E1,1.210291E1,-5.146285E1,1.409870E1
2.551724E0,-1.925956E1,1.849159E1,-9.100767E-2,-5.143318E-2,-6.000724E1,1.213372E1,-5.147329E1,1.407810E1
2.586207E0,-1.924144E1,1.856494E1,-1.527820E-1,-5.503161E-2,-6.000335E1,1.207483E1,-5.153765E1,1.406977E1
2.620690E0,-1.921455E1,1.870356E1,-1.204598E-1,-9.301809E-4,-6.003791E1,1.212671E1,-5.151307E1,1.401203E1
2.655172E0,-1.925834E1,1.865071E1,-1.582787E-1,-1.344443E-2,-6.004107E1,1.205167E1,-5.150783E1,1.404517E1
2.689655E0,-1.923632E1,1.863815E1,-1.486265E-1,-3.687037E-2,-6.000991E1,1.201309E1,-5.151819E1,1.400062E1
2.724138E0,-1.923846E1,1.859735E1,-7.805625E-2,-7.819751E-3,-6.003380E1,1.204018E1,-5.149169E1,1.409118E1
2.758621E0,-1.926881E1,1.865452E1,-1.210396E-1,1.736038E-2,-6.003365E1,1.208964E1,-5.148318E1,1.403475E1
2.793103E0,-1.917377E1,1.866909E1,-1.498174E-1,6.846494E-3,-5.998469E1,1.210934E1,-5.150466E1,1.404542E1
2.827586E0,-1.912908E1,1.860811E1,-1.134228E-1,-2.333918E-2,-5.999605E1,1.207890E1,-5.152610E1,1.411215E1
2.862069E0,-1.911425E1,1.866000E1,-1.001376E-1,2.939235E-2,-6.002006E1,1.209402E1,-5.150380E1,1.412097E1
2.896552E0,-1.918629E1,1.861576E1,-6.120105E-2,-3.180327E-3,-6.007946E1,1.208346E1,-5.154636E1,1.407908E1
2.931034E0,-1.915960E1,1.868603E1,-1.230082E-1,6.988306E-3,-6.004081E1,1.211908E1,-5.152906E1,1.410066E1
2.965517E0,-1.918427E1,1.876522E1,-1.425239E-1,-2.342901E-2,-6.004808E1,1.209385E1,-5.151954E1,1.408380E1
3.000000E0,-1.913976E1,1.874608E1,-1.118331E-1,-4.110466E-2,-6.003010E1,1.204520E1,-5.153940E1,1.406729E1
3.034483E0,-1.906781E1,1.868412E1,-1.312931E-1,-3.169076E-2,-5.998944E1,1.205401E1,-5.146883E1,1.406422E1
3.068966E0,-1.912700E1,1.868830E1,-1.189774E-1,-3.527005E-2,-5.995356E1,1.209197E1,-5.145970E1,1.408302E1
3.103448E0,-1.916711E1,1.865640E1,-1.474456E-1,-7.724562E-2,-5.999329E1,1.202945E1,-5.144672E1,1.405343E1
3.137931E0,-1.915510E1,1.863196E1,-1.167108E-1,-1.901702E-2,-6.001634E1,1.207418E1,-5.147863E1,1.409131E1
3.172414E0,-1.916025E1,1.862420E1,-4.489921E-2,-8.098071E-3,-6.004245E1,1.210257E1,-5.149001E1,1.409662E1
3.206897E0,-1.917696E1,1.862304E1,-8.317717E-2,-3.477319E-2,-6.002104E1,1.204028E1,-5.149317E1,1.408959E1
3.241379E0,-1.914389E1,1.862555E1,-8.980791E-2,-2.971617E-2,-6.002226E1,1.202337E1,-5.146680E1,1.415680E1
3.275862E0,-1.915169E1,1.861256E1,-8.709981E-2,-9.908427E-3,-6.000335E1,1.192696E1,-5.147760E1,1.411991E1
3.310345E0,-1.918879E1,1.862864E1,-1.186373E-1,-7.395597E-2,-6.000728E1,1.198565E1,-5.151365E1,1.410242E1
3.344828E0,-1.922607E1,1.868963E1,-1.285840E-1,2.432597E-2,-6.000639E1,1.195245E1,-5.150301E1,1.414079E1
3.379310E0,-1.923220E1,1.874755E1,-1.287688E-1,4.050723E-2,-5.995023E1,1.190310E1,-5.148574E1,1.409528E1
3.413793E0,-1.920383E1,1.872787E1,-8.434691E-2,2.217165E-2,-5.999480E1,1.190981E1,-5.148102E1,1.408804E1
3.448276E0,-1.912365E1,1.868798E1,-1.549181E-1,1.944262E-3,-5.998525E1,1.196933E1,-5.149153E1,1.403752E1
3.482759E0,-1.916510E1,1.869877E1,-1.438660E-1,-1.725935E-2,-5.993498E1,1.197806E1,-5.145607E1,1.410735E1
3.517241E0,-1.918968E1,1.873025E1,-1.252796E-1,1.875788E-2,-5.991890E1,1.201644E1,-5.147949E1,1.411775E1
3.551724E0,-1.923660E1,1.868791E1,-8.372969E-2,2.471679E-2,-6.000296E1,1.203503E1,-5.144185E1,1.406141E1
3.586207E0,-1.918993E1,1.867326E1,-6.904223E-2,-2.126673E-2,-6.001457E1,1.210393E1,-5.146458E1,1.405637E1
3.620690E0,-1.914710E1,1.867946E1,-8.541710E-2,7.140814E-2,-6.008897E1,1.212570E1,-5.144643E1,1.406683E1
3.655172E0,-1.918268E1,1.869602E1,-1.184322E-1,5.480321E-2,-5.999307E1,1.208043E1,-5.144235E1,1.406174E1
3.689655E0,-1.920100E1,1.869201E1,-1.300223E-1,4.064305E-2,-6.002905E1,1.200271E1,-5.145239E1,1.406309E1
3.724138E0,-1.918736E1,1.863684E1,-8.624445E-2,6.163925E-2,-5.999687E1,1.196800E1,-5.147448E1,1.407038E1
3.758621E0,-1.924454E1,1.871461E1,-1.546256E-2,4.607782E-2,-6.004022E1,1.199647E1,-5.152561E1,1.403905E1
3.793103E0,-1.925314E1,1.865122E1,-7.164251E-2,3.252697E-2,-5.998475E1,1.201431E1,-5.150153E1,1.399888E1
3.827586E0,-1.925719E1,1.866283E1,-5.389418E-2,2.727776E-2,-5.995777E1,1.196813E1,-5.148759E1,1.402762E1
3.862069E0,-1.921736E1,1.869878E1,-6.124584E-2,2.751406E-3,-6.001565E1,1.192338E1,-5.146232E1,1.405999E1
3.896552E0,-1.916444E1,1.865852E1,-7.608027E-2,8.771631E-2,-6.001319E1,1.198461E1,-5.149665E1,1.399056E1
3.931034E0,-1.923603E1,1.871932E1,-3.835708E-2,7.256422E-2,-6.003307E1,1.200247E1,-5.148952E1,1.403615E1
3.965517E0,-1.917609E1,1.873341E1,-1.270496E-1,1.208221E-2,-6.000775E1,1.209203E1,-5.147110E1,1.404612E1
4.000000E0,-1.917297E1,1.876411E1,-1.810234E-1,5.018343E-2,-5.998609E1,1.211085E1,-5.147177E1,1.400756E1
4.034483E0,-1.917897E1,1.875690E1,-1.362983E-1,-1.508609E-2,-6.001152E1,1.209983E1,-5.159038E1,1.409776E1
4.068966E0,-1.918721E1,1.882347E1,-8.539096E-2,4.490805E-2,-6.004369E1,1.209316E1,-5.158056E1,1.408310E1
4.103448E0,-1.920835E1,1.876933E1,-6.686686E-2,7.309271E-4,-1.199786E2,2.412630E1,-1.030838E2,2.811891E1
