#multi:
	mass A		mass B		mass C		mass D		mass E		
t	x	y	x	y	x	y	x	y	x	y	
0.000000E0	-7.915140E0	1.397924E1	-4.249095E1	-1.415220E1	2.864790E1	-1.497660E1	3.887332E0	-3.342493E1	-3.103744E1	6.887005E0
3.448276E-2	-7.951888E0	1.394029E1	-4.242438E1	-1.409109E1	2.855417E1	-1.505016E1	3.885355E0	-3.342711E1	-3.108270E1	6.783472E0
6.896552E-2	-7.954411E0	1.399349E1	-4.242171E1	-1.390924E1	2.865523E1	-1.497235E1	3.858508E0	-3.359290E1	-3.107977E1	6.691704E0
1.034483E-1	-8.082094E0	1.410083E1	-4.245450E1	-1.374253E1	2.868003E1	-1.487561E1	3.880422E0	-3.351087E1	-3.112146E1	6.597719E0
1.379310E-1	-8.094713E0	1.408488E1	-4.233012E1	-1.369017E1	2.862076E1	-1.501907E1	3.983524E0	-3.363459E1	-3.107183E1	6.533925E0
1.724138E-1	-8.287379E0	1.394328E1	-4.238970E1	-1.365168E1	2.859698E1	-1.509776E1	3.989559E0	-3.353214E1	-3.107548E1	6.661902E0
2.068966E-1	-8.146673E0	1.390777E1	-4.249847E1	-1.366230E1	2.863291E1	-1.501134E1	3.904174E0	-3.348935E1	-3.114084E1	6.723262E0
2.413793E-1	-8.246805E0	1.394883E1	-4.256323E1	-1.359343E1	2.862780E1	-1.512254E1	3.889222E0	-3.360228E1	-3.120112E1	6.846489E0
2.758621E-1	-8.298976E0	1.392561E1	-4.260276E1	-1.353637E1	2.872073E1	-1.506662E1	3.981995E0	-3.376127E1	-3.130695E1	6.672419E0
3.103448E-1	-8.218991E0	1.416266E1	-4.267605E1	-1.355588E1	2.874245E1	-1.503094E1	3.909371E0	-3.365596E1	-3.140981E1	6.685096E0
3.448276E-1	-8.280916E0	1.423461E1	-4.271447E1	-1.358962E1	2.880487E1	-1.512073E1	3.865348E0	-3.357212E1	-3.148418E1	6.621952E0
3.793103E-1	-8.387639E0	1.431584E1	-4.273357E1	-1.364719E1	2.876054E1	-1.507219E1	3.810995E0	-3.359427E1	-3.162677E1	6.483649E0
4.137931E-1	-8.379340E0	1.424327E1	-4.267634E1	-1.362114E1	2.882118E1	-1.492333E1	3.900893E0	-3.352610E1	-3.179570E1	6.401005E0
4.482759E-1	-8.380567E0	1.435900E1	-4.269865E1	-1.365483E1	2.889135E1	-1.504137E1	3.865619E0	-3.356895E1	-3.188698E1	6.323556E0
4.827586E-1	-8.494388E0	1.453324E1	-4.263738E1	-1.364432E1	2.895449E1	-1.503859E1	3.831443E0	-3.372053E1	-3.192728E1	6.266623E0
5.172414E-1	-8.452718E0	1.458154E1	-4.257534E1	-1.369061E1	2.893316E1	-1.512668E1	3.841456E0	-3.372748E1	-3.191886E1	6.152526E0
5.517241E-1	-8.399528E0	1.466487E1	-4.258038E1	-1.359358E1	2.900108E1	-1.514061E1	3.773317E0	-3.378411E1	-3.197525E1	6.152831E0
5.862069E-1	-8.426235E0	1.462913E1	-4.261207E1	-1.365504E1	2.891446E1	-1.520656E1	3.815506E0	-3.378398E1	-3.202542E1	6.086331E0
6.206897E-1	-8.372430E0	1.468951E1	-4.261667E1	-1.365105E1	2.892953E1	-1.518562E1	3.849087E0	-3.370497E1	-3.211578E1	6.081814E0
6.551724E-1	-8.344868E0	1.473365E1	-4.247595E1	-1.363086E1	2.891586E1	-1.524413E1	3.829687E0	-3.371071E1	-3.210996E1	6.083113E0
6.896552E-1	-8.473772E0	1.463182E1	-4.234870E1	-1.365218E1	2.893398E1	-1.524330E1	3.814068E0	-3.376247E1	-3.218381E1	5.915255E0
7.241379E-1	-8.577933E0	1.447685E1	-4.223279E1	-1.379415E1	2.891484E1	-1.528666E1	3.760851E0	-3.365420E1	-3.213735E1	5.964233E0
7.586207E-1	-8.553963E0	1.452669E1	-4.223089E1	-1.370994E1	2.897122E1	-1.529432E1	3.654545E0	-3.363641E1	-3.234055E1	5.869965E0
7.931034E-1	-8.542413E0	1.463283E1	-4.210036E1	-1.376317E1	2.903144E1	-1.534531E1	3.826656E0	-3.383253E1	-3.243112E1	5.886160E0
8.275862E-1	-8.444354E0	1.461343E1	-4.208970E1	-1.366444E1	2.896808E1	-1.525750E1	3.831565E0	-3.389028E1	-3.232742E1	5.862847E0
8.620690E-1	-8.540108E0	1.456017E1	-4.215619E1	-1.374810E1	2.903935E1	-1.537371E1	3.908845E0	-3.390929E1	-3.230456E1	5.781463E0
8.965517E-1	-8.584653E0	1.453218E1	-4.212406E1	-1.367409E1	2.917015E1	-1.526440E1	3.907711E0	-3.388230E1	-3.233525E1	5.917537E0
9.310345E-1	-8.680731E0	1.457848E1	-4.211630E1	-1.357934E1	2.926013E1	-1.518419E1	3.862197E0	-3.376101E1	-3.235624E1	5.992062E0
9.655172E-1	-8.696465E0	1.471658E1	-4.213524E1	-1.357263E1	2.918133E1	-1.527923E1	3.912445E0	-3.380075E1	-3.232322E1	5.998967E0
1.000000E0	-8.659873E0	1.474098E1	-4.214267E1	-1.364026E1	2.905110E1	-1.517210E1	3.920194E0	-3.376651E1	-3.237790E1	6.093809E0
1.034483E0	-8.643224E0	1.467037E1	-4.220170E1	-1.368677E1	2.907247E1	-1.516843E1	3.933216E0	-3.373961E1	-3.235197E1	6.037544E0
1.068966E0	-8.600215E0	1.468737E1	-4.215101E1	-1.367115E1	2.909441E1	-1.528036E1	3.951920E0	-3.377161E1	-3.229902E1	6.032045E0
1.103448E0	-8.589814E0	1.465138E1	-4.213248E1	-1.364665E1	2.908810E1	-1.522455E1	3.981158E0	-3.372968E1	-3.230725E1	6.091419E0
1.137931E0	-8.548549E0	1.454441E1	-4.225305E1	-1.369244E1	2.908417E1	-1.530443E1	3.988395E0	-3.372797E1	-3.232949E1	6.075879E0
1.172414E0	-8.558253E0	1.455616E1	-4.238617E1	-1.369864E1	2.896888E1	-1.533502E1	3.954605E0	-3.367918E1	-3.236805E1	5.977956E0
1.206897E0	-8.484936E0	1.462317E1	-4.236799E1	-1.371405E1	2.894255E1	-1.525660E1	4.089066E0	-3.360935E1	-3.238996E1	6.020035E0
1.241379E0	-8.384971E0	1.457227E1	-4.233775E1	-1.370845E1	2.890569E1	-1.521778E1	4.070419E0	-3.369012E1	-3.241867E1	6.011306E0
1.275862E0	-8.422948E0	1.461607E1	-4.232930E1	-1.372069E1	2.884993E1	-1.525187E1	4.151441E0	-3.374370E1	-3.244371E1	5.936599E0
1.310345E0	-8.339625E0	1.458371E1	-4.235488E1	-1.371296E1	2.865599E1	-1.518541E1	4.164365E0	-3.376113E1	-3.240039E1	5.906915E0
1.344828E0	-8.380629E0	1.475146E1	-4.231892E1	-1.379122E1	2.868859E1	-1.518025E1	4.042491E0	-3.387858E1	-3.235648E1	5.864333E0
1.379310E0	-8.352421E0	1.487569E1	-4.233668E1	-1.378941E1	2.870272E1	-1.519444E1	3.882264E0	-3.395872E1	-3.235800E1	5.924802E0
1.413793E0	-8.411929E0	1.481177E1	-4.227666E1	-1.381085E1	2.875295E1	-1.511852E1	3.922394E0	-3.414583E1	-3.223856E1	5.879018E0
1.448276E0	-8.423642E0	1.496431E1	-4.235796E1	-1.389713E1	2.871928E1	-1.516689E1	3.861324E0	-3.424643E1	-3.212555E1	5.889548E0
1.482759E0	-8.474903E0	1.494930E1	-4.223525E1	-1.379821E1	2.874940E1	-1.515199E1	3.862296E0	-3.430817E1	-3.213738E1	5.782179E0
1.517241E0	-8.441237E0	1.503828E1	-4.215203E1	-1.383771E1	2.872353E1	-1.517899E1	3.792961E0	-3.427561E1	-3.214731E1	5.752041E0
1.551724E0	-8.500772E0	1.504737E1	-4.212975E1	-1.373319E1	2.857876E1	-1.507187E1	3.818960E0	-3.422083E1	-3.221135E1	5.688037E0
1.586207E0	-8.523897E0	1.510993E1	-4.218873E1	-1.369420E1	2.859907E1	-1.492067E1	3.744844E0	-3.416991E1	-3.218905E1	5.745399E0
1.620690E0	-8.522180E0	1.497697E1	-4.233605E1	-1.358375E1	2.871572E1	-1.491434E1	3.765388E0	-3.427078E1	-3.220883E1	5.707347E0
1.655172E0	-8.384803E0	1.505535E1	-4.229760E1	-1.357730E1	2.865262E1	-1.488855E1	3.792194E0	-3.421671E1	-3.213422E1	5.769132E0
1.689655E0	-8.479180E0	1.497249E1	-4.226712E1	-1.357806E1	2.860506E1	-1.492464E1	3.864807E0	-3.429043E1	-3.212050E1	5.724673E0
1.724138E0	-8.553999E0	1.498244E1	-4.227575E1	-1.360092E1	2.852408E1	-1.493364E1	4.022957E0	-3.446776E1	-3.209583E1	5.683323E0
1.758621E0	-8.410376E0	1.499848E1	-4.220583E1	-1.359807E1	2.852517E1	-1.479313E1	4.051895E0	-3.439064E1	-3.212985E1	5.693881E0
1.793103E0	-8.380356E0	1.504509E1	-4.231654E1	-1.358081E1	2.850683E1	-1.479465E1	4.019381E0	-3.431911E1	-3.211569E1	5.641619E0
1.827586E0	-8.378697E0	1.512393E1	-4.231285E1	-1.364787E1	2.849844E1	-1.476341E1	3.981961E0	-3.422264E1	-3.214756E1	5.663399E0
1.862069E0	-8.399724E0	1.523979E1	-4.233438E1	-1.345682E1	2.851090E1	-1.471715E1	3.874094E0	-3.418021E1	-3.218117E1	5.699809E0
1.896552E0	-8.398453E0	1.529402E1	-4.241707E1	-1.332678E1	2.854873E1	-1.472341E1	3.800228E0	-3.410313E1	-3.217322E1	5.751783E0
1.931034E0	-8.401021E0	1.528725E1	-4.252672E1	-1.344919E1	2.871689E1	-1.478348E1	3.796860E0	-3.412234E1	-3.210704E1	5.784099E0
1.965517E0	-8.501324E0	1.544289E1	-4.255173E1	-1.340599E1	2.876791E1	-1.476568E1	3.842860E0	-3.417616E1	-3.218125E1	5.852436E0
2.000000E0	-8.526242E0	1.555220E1	-4.263468E1	-1.341344E1	2.884203E1	-1.475890E1	3.885474E0	-3.425289E1	-3.218125E1	5.964887E0
2.034483E0	-8.662987E0	1.546083E1	-4.255455E1	-1.347884E1	2.883233E1	-1.470671E1	3.901175E0	-3.420666E1	-3.220451E1	6.076272E0
2.068966E0	-8.532907E0	1.552464E1	-4.253488E1	-1.353826E1	2.890439E1	-1.470291E1	4.006800E0	-3.420040E1	-3.216614E1	6.137683E0
2.103448E0	-8.616341E0	1.561412E1	-4.256809E1	-1.362200E1	2.887062E1	-1.483618E1	3.995503E0	-3.415358E1	-3.219501E1	6.145659E0
2.137931E0	-8.465972E0	1.562833E1	-4.258144E1	-1.353983E1	2.885846E1	-1.482288E1	3.896361E0	-3.416099E1	-3.217286E1	6.067426E0
2.172414E0	-8.578277E0	1.553663E1	-4.257803E1	-1.341323E1	2.892299E1	-1.484212E1	3.938366E0	-3.419165E1	-3.210350E1	6.049415E0
2.206897E0	-8.552190E0	1.562297E1	-4.254144E1	-1.334585E1	2.898598E1	-1.485854E1	4.110477E0	-3.420144E1	-3.209773E1	6.065895E0
2.241379E0	-8.644517E0	1.556485E1	-4.266379E1	-1.326895E1	2.907221E1	-1.481748E1	4.150895E0	-3.421328E1	-3.210315E1	6.030111E0
2.275862E0	-8.637314E0	1.553519E1	-4.270871E1	-1.336121E1	2.901068E1	-1.494121E1	4.145531E0	-3.413160E1	-3.222213E1	6.025185E0
2.310345E0	-8.669456E0	1.558360E1	-4.276860E1	-1.335904E1	2.892821E1	-1.488136E1	4.131052E0	-3.407493E1	-3.222801E1	6.152243E0
2.344828E0	-8.770288E0	1.560221E1	-4.285347E1	-1.324409E1	2.903224E1	-1.493202E1	4.291063E0	-3.404259E1	-3.229169E1	6.153074E0
2.379310E0	-8.692519E0	1.555708E1	-4.286624E1	-1.332944E1	2.898841E1	-1.493192E1	4.319780E0	-3.396771E1	-3.243705E1	6.127175E0
2.413793E0	-8.664139E0	1.559119E1	-4.279156E1	-1.341837E1	2.896758E1	-1.485300E1	4.319883E0	-3.397247E1	-3.244847E1	6.262081E0
2.448276E0	-8.661995E0	1.543301E1	-4.278240E1	-1.332157E1	2.905999E1	-1.481193E1	4.307491E0	-3.402126E1	-3.248733E1	6.229840E0
2.482759E0	-8.730221E0	1.547720E1	-4.274595E1	-1.330865E1	2.909222E1	-1.480751E1	4.266472E0	-3.410288E1	-3.258159E1	6.109144E0
2.517241E0	-8.707126E0	1.543131E1	-4.270619E1	-1.334450E1	2.908712E1	-1.484010E1	4.322905E0	-3.404025E1	-3.250250E1	6.096451E0
2.551724E0	-8.784521E0	1.542285E1	-4.266979E1	-1.338897E1	2.908511E1	-1.487267E1	4.327014E0	-3.393009E1	-3.238295E1	6.002816E0
2.586207E0	-8.766114E0	1.540372E1	-4.267199E1	-1.352571E1	2.899567E1	-1.472002E1	4.246686E0	-3.386962E1	-3.247595E1	5.975864E0
2.620690E0	-8.664065E0	1.553152E1	-4.256847E1	-1.349427E1	2.914721E1	-1.472172E1	4.378083E0	-3.378512E1	-3.244385E1	6.061747E0
2.655172E0	-8.707629E0	1.558675E1	-4.258121E1	-1.337093E1	2.914589E1	-1.467849E1	4.350410E0	-3.386143E1	-3.245245E1	6.031168E0
2.689655E0	-8.771630E0	1.553699E1	-4.263389E1	-1.349836E1	2.910122E1	-1.464178E1	4.348806E0	-3.391419E1	-3.242644E1	6.032627E0
2.724138E0	-8.687152E0	1.548021E1	-4.255615E1	-1.351240E1	2.919088E1	-1.460663E1	4.336341E0	-3.392511E1	-3.235209E1	6.010185E0
2.758621E0	-8.657274E0	1.540806E1	-4.267950E1	-1.366479E1	2.910669E1	-1.462383E1	4.424435E0	-3.391101E1	-3.236895E1	5.840888E0
2.793103E0	-8.665059E0	1.546902E1	-4.277136E1	-1.362001E1	2.917507E1	-1.473524E1	4.445802E0	-3.385705E1	-3.243487E1	5.941388E0
2.827586E0	-8.522229E0	1.541375E1	-4.270914E1	-1.360399E1	2.926850E1	-1.462163E1	4.388187E0	-3.382986E1	-3.241047E1	5.985428E0
2.862069E0	-8.551010E0	1.539483E1	-4.261855E1	-1.363284E1	2.931849E1	-1.452854E1	4.201341E0	-3.392258E1	-3.242071E1	6.014147E0
2.896552E0	-8.619100E0	1.536560E1	-4.267886E1	-1.357866E1	2.933577E1	-1.444995E1	4.164506E0	-3.391247E1	-3.236409E1	5.837009E0
2.931034E0	-8.603571E0	1.533447E1	-4.284729E1	-1.351385E1	2.941049E1	-1.453099E1	4.244285E0	-3.380177E1	-3.232563E1	5.850603E0
2.965517E0	-8.636785E0	1.529642E1	-4.286121E1	-1.354270E1	2.943642E1	-1.460512E1	4.232951E0	-3.372154E1	-3.225461E1	5.916261E0
3.000000E0	-8.812145E0	1.539999E1	-4.282218E1	-1.345458E1	2.942030E1	-1.469694E1	4.145369E0	-3.368878E1	-3.221980E1	6.009021E0
3.034483E0	-8.836707E0	1.540251E1	-4.273721E1	-1.339940E1	2.947288E1	-1.467908E1	4.211065E0	-3.383389E1	-3.220839E1	6.016164E0
3.068966E0	-8.850959E0	1.535148E1	-4.279849E1	-1.350864E1	2.946291E1	-1.475490E1	4.231182E0	-3.380786E1	-3.224437E1	6.020572E0
3.103448E0	-8.943470E0	1.538794E1	-4.274625E1	-1.365200E1	2.960297E1	-1.479476E1	4.170261E0	-3.383881E1	-3.234731E1	6.121895E0
3.137931E0	-8.980201E0	1.552166E1	-4.264267E1	-1.366629E1	2.966533E1	-1.471113E1	4.244216E0	-3.395483E1	-3.241123E1	6.168783E0
3.172414E0	-8.952523E0	1.550234E1	-4.272018E1	-1.376950E1	2.965486E1	-1.471739E1	4.270040E0	-3.386564E1	-3.239259E1	6.222487E0
3.206897E0	-9.024571E0	1.551593E1	-4.267956E1	-1.375770E1	2.955833E1	-1.479293E1	4.250379E0	-3.375194E1	-3.234284E1	6.154801E0
3.241379E0	-8.972362E0	1.550379E1	-4.272289E1	-1.378878E1	2.954580E1	-1.479759E1	4.245019E0	-3.376091E1	-3.233557E1	6.151353E0
3.275862E0	-9.143761E0	1.547090E1	-4.272579E1	-1.374537E1	2.950461E1	-1.473629E1	4.133029E0	-3.363074E1	-3.237405E1	6.016244E0
3.310345E0	-9.166341E0	1.556974E1	-4.274736E1	-1.391336E1	2.944926E1	-1.480344E1	4.183163E0	-3.360453E1	-3.230098E1	5.926753E0
3.344828E0	-9.142177E0	1.551606E1	-4.269249E1	-1.405849E1	2.952292E1	-1.482019E1	4.308861E0	-3.358841E1	-3.229711E1	5.886787E0
3.379310E0	-9.156957E0	1.547474E1	-4.275121E1	-1.413234E1	2.951457E1	-1.493092E1	4.402778E0	-3.355210E1	-3.232707E1	5.757147E0
3.413793E0	-9.207510E0	1.548096E1	-4.278026E1	-1.416082E1	2.951559E1	-1.483883E1	4.457616E0	-3.368880E1	-3.234165E1	5.828345E0
3.448276E0	-9.044856E0	1.549666E1	-4.278461E1	-1.422584E1	2.952706E1	-1.483044E1	4.554832E0	-3.365570E1	-3.236329E1	5.824316E0
3.482759E0	-8.993370E0	1.539296E1	-4.280581E1	-1.422780E1	2.959385E1	-1.483824E1	4.656040E0	-3.370273E1	-3.227465E1	5.932735E0
3.517241E0	-8.994523E0	1.525283E1	-4.288456E1	-1.426860E1	2.966971E1	-1.488028E1	4.645714E0	-3.367165E1	-3.232130E1	6.030076E0
3.551724E0	-8.984943E0	1.534767E1	-4.300221E1	-1.421981E1	2.970979E1	-1.501371E1	4.662445E0	-3.361405E1	-3.227088E1	6.128412E0
3.586207E0	-8.995078E0	1.522115E1	-4.295878E1	-1.407062E1	2.966888E1	-1.505403E1	4.795829E0	-3.365409E1	-3.230889E1	6.323310E0
3.620690E0	-8.937620E0	1.510915E1	-4.288199E1	-1.403088E1	2.963438E1	-1.507991E1	4.960106E0	-3.358449E1	-3.247728E1	6.308716E0
3.655172E0	-9.032870E0	1.514870E1	-4.296225E1	-1.408569E1	2.965101E1	-1.512534E1	5.075850E0	-3.352160E1	-3.242488E1	6.394000E0
3.689655E0	-8.922293E0	1.516665E1	-4.303615E1	-1.410893E1	2.970917E1	-1.507160E1	5.140598E0	-3.346803E1	-3.243386E1	6.407454E0
3.724138E0	-8.940704E0	1.517945E1	-4.320109E1	-1.418702E1	2.965233E1	-1.501375E1	5.067423E0	-3.344266E1	-3.236183E1	6.454090E0
3.758621E0	-8.842254E0	1.514873E1	-4.323273E1	-1.428140E1	2.971917E1	-1.505294E1	5.032174E0	-3.324837E1	-3.230486E1	6.440682E0
3.793103E0	-8.767978E0	1.517998E1	-4.325165E1	-1.441489E1	2.963467E1	-1.502828E1	5.142505E0	-3.321944E1	-3.234816E1	6.581537E0
3.827586E0	-8.736467E0	1.509506E1	-4.320432E1	-1.455175E1	2.947440E1	-1.513973E1	5.061855E0	-3.319438E1	-3.235145E1	6.583403E0
3.862069E0	-8.756770E0	1.510621E1	-4.316449E1	-1.448580E1	2.953393E1	-1.513661E1	4.933983E0	-3.321403E1	-3.228764E1	6.642312E0
3.896552E0	-8.791649E0	1.507800E1	-4.324917E1	-1.453135E1	2.950476E1	-1.504987E1	4.967989E0	-3.311975E1	-3.227317E1	6.619048E0
3.931034E0	-8.791868E0	1.511290E1	-4.307787E1	-1.442854E1	2.950575E1	-1.506056E1	4.837775E0	-3.327193E1	-3.230170E1	6.625525E0
3.965517E0	-8.676999E0	1.531214E1	-4.308592E1	-1.445695E1	2.933388E1	-1.496944E1	4.839858E0	-3.332015E1	-3.223954E1	6.590755E0
4.000000E0	-8.712296E0	1.535838E1	-4.310631E1	-1.430545E1	2.937279E1	-1.503696E1	4.889688E0	-3.322613E1	-3.230197E1	6.558402E0
4.034483E0	-8.764369E0	1.528968E1	-4.312192E1	-1.420788E1	2.928400E1	-1.504877E1	4.894526E0	-3.332665E1	-3.228340E1	6.530296E0
4.068966E0	-8.853787E0	1.532870E1	-4.310317E1	-1.414838E1	2.924628E1	-1.510397E1	4.815334E0	-3.329891E1	-3.231554E1	6.504900E0
4.103448E0	-8.821169E0	1.540106E1	-4.323256E1	-1.404990E1	2.930938E1	-1.518137E1	4.683163E0	-3.333310E1	-3.232301E1	6.458480E0
