#multi:
,mass A,,mass B,,mass C,,
t,x,y,x,y,x,y,
0.000000E0,1.783558E0,1.176184E1,-1.823516E1,-7.229132E0,2.454308E1,-3.268402E1
3.448276E-2,1.935348E0,1.164523E1,-1.818325E1,-7.269014E0,2.467067E1,-3.266489E1
6.896552E-2,2.099831E0,1.158814E1,-1.810919E1,-7.306863E0,2.442285E1,-3.278708E1
1.034483E-1,2.154766E0,1.150477E1,-1.810169E1,-7.541873E0,2.440364E1,-3.280305E1
1.379310E-1,1.924788E0,1.146152E1,-1.815211E1,-7.403137E0,2.443242E1,-3.278008E1
1.724138E-1,1.834409E0,1.152437E1,-1.798143E1,-7.507283E0,2.471702E1,-3.288485E1
2.068966E-1,1.748463E0,1.162136E1,-1.795485E1,-7.589510E0,2.461846E1,-3.297502E1
2.413793E-1,1.871969E0,1.155559E1,-1.809092E1,-7.713725E0,2.475441E1,-3.305619E1
2.758621E-1,1.908538E0,1.153338E1,-1.802014E1,-7.582163E0,2.475031E1,-3.308611E1
3.103448E-1,1.827357E0,1.143290E1,-1.794051E1,-7.462980E0,2.486109E1,-3.298980E1
3.448276E-1,1.909075E0,1.130761E1,-1.784526E1,-7.576793E0,2.489564E1,-3.316447E1
3.793103E-1,1.804892E0,1.130104E1,-1.773150E1,-7.316658E0,2.491260E1,-3.312438E1
4.137931E-1,1.763252E0,1.139393E1,-1.748231E1,-7.358838E0,2.488184E1,-3.293398E1
4.482759E-1,1.754959E0,1.154906E1,-1.753048E1,-7.297169E0,2.487453E1,-3.299307E1
4.827586E-1,1.778841E0,1.148737E1,-1.755440E1,-7.337973E0,2.498907E1,-3.291826E1
5.172414E-1,1.870879E0,1.144760E1,-1.769750E1,-7.135474E0,2.502797E1,-3.295205E1
5.517241E-1,1.671417E0,1.144800E1,-1.752295E1,-7.093424E0,2.512334E1,-3.269248E1
5.862069E-1,1.822095E0,1.156223E1,-1.752706E1,-7.052331E0,2.505832E1,-3.273555E1
6.206897E-1,1.677998E0,1.162173E1,-1.752095E1,-6.755720E0,2.478459E1,-3.256399E1
6.551724E-1,1.717234E0,1.159349E1,-1.739588E1,-6.622637E0,2.477781E1,-3.254125E1
6.896552E-1,1.857879E0,1.168856E1,-1.728553E1,-6.544132E0,2.480001E1,-3.277321E1
7.241379E-1,1.762008E0,1.180104E1,-1.723827E1,-6.900008E0,2.477727E1,-3.299839E1
7.586207E-1,1.837167E0,1.183142E1,-1.705046E1,-6.932970E0,2.490335E1,-3.278546E1
7.931034E-1,2.044908E0,1.167131E1,-1.681658E1,-6.884495E0,2.511014E1,-3.283317E1
8.275862E-1,2.098601E0,1.169912E1,-1.683792E1,-6.808667E0,2.511679E1,-3.276213E1
8.620690E-1,1.825483E0,1.209333E1,-1.660789E1,-6.959640E0,2.526656E1,-3.288430E1
8.965517E-1,1.693301E0,1.234499E1,-1.673578E1,-6.872601E0,2.518165E1,-3.279224E1
9.310345E-1,1.494902E0,1.240344E1,-1.659990E1,-6.939521E0,2.527077E1,-3.249569E1
9.655172E-1,1.276971E0,1.239594E1,-1.648297E1,-6.767565E0,2.515253E1,-3.238952E1
1.000000E0,1.143357E0,1.207539E1,-1.627006E1,-6.772868E0,2.508500E1,-3.230412E1
1.034483E0,1.275014E0,1.208542E1,-1.613819E1,-6.789730E0,2.500036E1,-3.257315E1
1.068966E0,1.242993E0,1.196368E1,-1.625006E1,-6.833081E0,2.471619E1,-3.273546E1
1.103448E0,1.287886E0,1.192862E1,-1.632929E1,-6.739397E0,2.481464E1,-3.279573E1
1.137931E0,1.261360E0,1.196407E1,-1.645228E1,-6.930213E0,2.480226E1,-3.260779E1
1.172414E0,1.153937E0,1.197293E1,-1.649482E1,-6.912076E0,2.490579E1,-3.254598E1
1.206897E0,1.168099E0,1.204569E1,-1.664295E1,-7.157390E0,2.499036E1,-3.268558E1
1.241379E0,9.377242E-1,1.181089E1,-1.671929E1,-7.000697E0,2.489278E1,-3.285510E1
1.275862E0,1.179023E0,1.200690E1,-1.648631E1,-6.962907E0,2.468222E1,-3.262660E1
1.310345E0,1.184980E0,1.218860E1,-1.636951E1,-6.954539E0,2.463615E1,-3.253880E1
1.344828E0,1.008022E0,1.202590E1,-1.629652E1,-6.741249E0,2.459732E1,-3.247220E1
1.379310E0,8.282602E-1,1.202143E1,-1.638415E1,-6.759188E0,2.467720E1,-3.254604E1
1.413793E0,8.539616E-1,1.202488E1,-1.662538E1,-6.857536E0,2.470563E1,-3.254550E1
1.448276E0,7.580131E-1,1.184638E1,-1.652282E1,-7.066653E0,2.495813E1,-3.250152E1
1.482759E0,7.942131E-1,1.192156E1,-1.672665E1,-7.119939E0,2.499022E1,-3.251923E1
1.517241E0,8.913178E-1,1.201658E1,-1.656457E1,-7.035300E0,2.513746E1,-3.257720E1
1.551724E0,6.266890E-1,1.214024E1,-1.673718E1,-7.387633E0,2.533607E1,-3.261457E1
1.586207E0,6.528102E-1,1.213525E1,-1.667209E1,-7.508059E0,2.529377E1,-3.240225E1
1.620690E0,6.262002E-1,1.198761E1,-1.658649E1,-7.500749E0,2.533762E1,-3.235532E1
1.655172E0,4.360040E-1,1.227253E1,-1.675373E1,-7.387090E0,2.559206E1,-3.228424E1
1.689655E0,3.835420E-1,1.244929E1,-1.676766E1,-7.408755E0,2.558259E1,-3.236883E1
1.724138E0,4.870004E-1,1.238305E1,-1.665496E1,-7.567540E0,2.562213E1,-3.240026E1
1.758621E0,5.117692E-1,1.251221E1,-1.666265E1,-7.491262E0,2.553143E1,-3.233569E1
1.793103E0,4.113896E-1,1.254534E1,-1.680764E1,-7.624723E0,2.553638E1,-3.221397E1
1.827586E0,3.432212E-1,1.284712E1,-1.694290E1,-7.602659E0,2.567773E1,-3.201357E1
1.862069E0,4.451241E-1,1.300439E1,-1.699080E1,-7.643264E0,2.543467E1,-3.205141E1
1.896552E0,3.301183E-1,1.304924E1,-1.698402E1,-7.552332E0,2.527310E1,-3.207869E1
1.931034E0,4.114219E-1,1.330700E1,-1.682889E1,-7.649387E0,2.517095E1,-3.183596E1
1.965517E0,3.207602E-1,1.335356E1,-1.671203E1,-7.809844E0,2.495528E1,-3.216877E1
2.000000E0,2.289228E-1,1.315492E1,-1.642455E1,-7.915903E0,2.521318E1,-3.209949E1
2.034483E0,1.534154E-1,1.326150E1,-1.623132E1,-7.844324E0,2.523875E1,-3.187375E1
2.068966E0,2.744646E-2,1.346542E1,-1.629423E1,-8.085098E0,2.535241E1,-3.186797E1
2.103448E0,-9.822971E-2,1.335049E1,-1.622686E1,-7.866738E0,2.551025E1,-3.178968E1
2.137931E0,-2.433660E-1,1.356918E1,-1.601391E1,-7.785060E0,2.557591E1,-3.166432E1
2.172414E0,-2.482531E-1,1.353091E1,-1.600699E1,-7.673578E0,2.570606E1,-3.168454E1
2.206897E0,-3.019775E-1,1.321525E1,-1.597287E1,-7.563900E0,2.573717E1,-3.163356E1
2.241379E0,-1.425621E-1,1.325182E1,-1.605184E1,-7.468152E0,2.560218E1,-3.153653E1
2.275862E0,-4.449934E-2,1.323159E1,-1.593078E1,-7.480568E0,2.548887E1,-3.176565E1
2.310345E0,1.331874E-1,1.303552E1,-1.571808E1,-7.619446E0,2.547726E1,-3.170731E1
2.344828E0,8.991637E-2,1.307641E1,-1.577678E1,-7.822941E0,2.559327E1,-3.158268E1
2.379310E0,-8.968580E-2,1.296465E1,-1.594967E1,-7.907557E0,2.567190E1,-3.139974E1
2.413793E0,-3.357185E-1,1.315775E1,-1.600493E1,-8.156859E0,2.578731E1,-3.139806E1
2.448276E0,-3.609747E-1,1.306363E1,-1.612692E1,-8.133002E0,2.593876E1,-3.127935E1
2.482759E0,-3.812183E-1,1.294331E1,-1.592053E1,-7.992586E0,2.581125E1,-3.138522E1
2.517241E0,-6.373879E-1,1.281708E1,-1.582345E1,-7.931949E0,2.555700E1,-3.158393E1
2.551724E0,-5.552973E-1,1.274766E1,-1.574676E1,-7.802119E0,2.556791E1,-3.151160E1
2.586207E0,-6.652188E-1,1.276449E1,-1.565951E1,-7.856811E0,2.548770E1,-3.155047E1
2.620690E0,-5.466070E-1,1.262207E1,-1.553604E1,-7.727653E0,2.544591E1,-3.168217E1
2.655172E0,-5.551520E-1,1.250426E1,-1.545999E1,-7.778847E0,2.550689E1,-3.171766E1
2.689655E0,-5.487459E-1,1.217220E1,-1.548386E1,-7.911521E0,2.548881E1,-3.180208E1
2.724138E0,-4.180387E-1,1.186320E1,-1.520410E1,-7.966012E0,2.537173E1,-3.166407E1
2.758621E0,-3.021127E-1,1.167773E1,-1.534622E1,-8.006612E0,2.531219E1,-3.153623E1
2.793103E0,-4.120541E-1,1.170710E1,-1.550222E1,-8.076137E0,2.530043E1,-3.167721E1
2.827586E0,-5.210988E-1,1.158987E1,-1.568568E1,-8.034024E0,2.517007E1,-3.198392E1
2.862069E0,-5.076899E-1,1.149564E1,-1.592135E1,-8.252901E0,2.513967E1,-3.197386E1
2.896552E0,-5.970982E-1,1.150927E1,-1.599347E1,-8.621598E0,2.489235E1,-3.186682E1
2.931034E0,-5.468102E-1,1.139862E1,-1.614870E1,-8.700770E0,2.498452E1,-3.190700E1
2.965517E0,-5.252814E-1,1.149307E1,-1.622655E1,-8.528469E0,2.508400E1,-3.205521E1
3.000000E0,-5.444974E-1,1.145532E1,-1.636333E1,-8.693758E0,2.535385E1,-3.202418E1
3.034483E0,-4.898435E-1,1.169128E1,-1.643917E1,-8.627791E0,2.549032E1,-3.200627E1
3.068966E0,-7.092292E-1,1.146386E1,-1.645183E1,-8.705378E0,2.551674E1,-3.202744E1
3.103448E0,-8.071537E-1,1.140435E1,-1.632348E1,-8.810039E0,2.564593E1,-3.231959E1
3.137931E0,-7.154698E-1,1.149188E1,-1.629823E1,-8.807906E0,2.575344E1,-3.219613E1
3.172414E0,-4.140702E-1,1.151778E1,-1.590824E1,-8.545036E0,2.575519E1,-3.199202E1
3.206897E0,-2.507473E-1,1.169577E1,-1.597985E1,-8.578986E0,2.561556E1,-3.203069E1
3.241379E0,-2.429550E-1,1.158840E1,-1.601242E1,-8.629737E0,2.563652E1,-3.215816E1
3.275862E0,-4.858064E-1,1.163715E1,-1.613431E1,-8.521737E0,2.555722E1,-3.229619E1
3.310345E0,-5.236834E-1,1.155429E1,-1.612102E1,-8.408213E0,2.539065E1,-3.233937E1
3.344828E0,-7.420805E-1,1.147480E1,-1.618398E1,-8.224133E0,2.552819E1,-3.242753E1
3.379310E0,-6.358074E-1,1.150174E1,-1.610264E1,-8.141536E0,2.557204E1,-3.251172E1
3.413793E0,-6.996048E-1,1.142458E1,-1.624807E1,-8.284061E0,2.549991E1,-3.259116E1
3.448276E0,-1.007192E0,1.122242E1,-1.596641E1,-8.168752E0,2.539841E1,-3.264165E1
3.482759E0,-1.063213E0,1.114907E1,-1.585897E1,-8.263604E0,2.538191E1,-3.258126E1
3.517241E0,-1.168318E0,1.118937E1,-1.570894E1,-8.428821E0,2.533509E1,-3.251858E1
3.551724E0,-1.084686E0,1.111032E1,-1.566932E1,-8.428707E0,2.535402E1,-3.291648E1
3.586207E0,-1.017490E0,1.107274E1,-1.570356E1,-8.355218E0,2.551143E1,-3.291410E1
3.620690E0,-8.964494E-1,1.109104E1,-1.568959E1,-8.146553E0,2.561108E1,-3.290174E1
3.655172E0,-8.611468E-1,1.098838E1,-1.550972E1,-8.195133E0,2.563462E1,-3.283901E1
3.689655E0,-8.484255E-1,1.103309E1,-1.541085E1,-8.143647E0,2.561750E1,-3.288732E1
3.724138E0,-1.012290E0,1.108698E1,-1.539978E1,-8.441202E0,2.557358E1,-3.292448E1
3.758621E0,-8.773176E-1,1.129908E1,-1.542143E1,-8.311337E0,2.576250E1,-3.301035E1
3.793103E0,-1.050853E0,1.124123E1,-1.555129E1,-8.224761E0,2.543617E1,-3.285577E1
3.827586E0,-1.070135E0,1.120267E1,-1.531321E1,-8.224761E0,2.538465E1,-3.276990E1
3.862069E0,-1.205107E0,1.118339E1,-1.526992E1,-8.332981E0,2.517855E1,-3.285577E1
3.896552E0,-7.423456E-1,1.145333E1,-1.544307E1,-8.332981E0,2.510985E1,-3.276990E1
3.931034E0,-4.145567E-1,1.133764E1,-1.533485E1,-8.116540E0,2.490375E1,-3.280425E1
3.965517E0,-6.652188E-1,1.135692E1,-1.546471E1,-8.008320E0,2.497245E1,-3.316492E1
4.000000E0,-6.839874E-1,1.144172E1,-1.562596E1,-7.756728E0,2.523001E1,-3.333229E1
4.034483E0,-6.459371E-1,1.183897E1,-1.563787E1,-7.856811E0,2.541900E1,-3.340537E1
4.068966E0,-3.759932E-1,1.185825E1,,,2.536747E1,-3.343972E1
4.103448E0,-2.603030E-1,1.187753E1,,,2.548770E1,-3.352560E1
