#multi:
,mass A,,mass B,,
t,x,y,x,y,
0.000000E0,-4.133033E1,1.775845E1,9.377752E0,-1.783231E1
3.448276E-2,-4.135261E1,1.778128E1,9.395506E0,-1.781527E1
6.896552E-2,-4.134573E1,1.765327E1,9.400208E0,-1.793667E1
1.034483E-1,-4.124259E1,1.762064E1,9.449065E0,-1.784615E1
1.379310E-1,-4.113610E1,1.767199E1,9.470256E0,-1.776144E1
1.724138E-1,-4.108374E1,1.771430E1,9.365218E0,-1.785311E1
2.068966E-1,-4.100429E1,1.770212E1,9.526578E0,-1.782995E1
2.413793E-1,-4.099050E1,1.777652E1,9.569989E0,-1.782218E1
2.758621E-1,-4.102680E1,1.778995E1,9.417403E0,-1.776144E1
3.103448E-1,-4.108383E1,1.760399E1,9.272074E0,-1.779352E1
3.448276E-1,-4.100842E1,1.773579E1,9.277308E0,-1.766764E1
3.793103E-1,-4.085694E1,1.782796E1,9.258017E0,-1.768805E1
4.137931E-1,-4.094663E1,1.772761E1,9.230016E0,-1.780286E1
4.482759E-1,-4.096241E1,1.780597E1,9.215923E0,-1.779949E1
4.827586E-1,-4.097505E1,1.785953E1,9.283854E0,-1.782256E1
5.172414E-1,-4.089713E1,1.814361E1,9.389993E0,-1.761242E1
5.517241E-1,-4.118588E1,1.801233E1,9.181170E0,-1.781063E1
5.862069E-1,-4.118233E1,1.790494E1,9.186973E0,-1.780037E1
6.206897E-1,-4.117991E1,1.807267E1,9.290441E0,-1.763555E1
6.551724E-1,-4.135825E1,1.807983E1,9.242574E0,-1.762363E1
6.896552E-1,-4.126374E1,1.800671E1,9.153954E0,-1.777197E1
7.241379E-1,-4.112168E1,1.808752E1,9.181505E0,-1.776218E1
7.586207E-1,-4.100110E1,1.793335E1,9.231984E0,-1.778372E1
7.931034E-1,-4.108638E1,1.795969E1,9.054781E0,-1.770250E1
8.275862E-1,-4.115394E1,1.801870E1,8.784765E0,-1.770189E1
8.620690E-1,-4.109266E1,1.820476E1,8.762709E0,-1.765917E1
8.965517E-1,-4.128492E1,1.806561E1,8.461519E0,-1.785929E1
9.310345E-1,-4.126638E1,1.803967E1,8.512383E0,-1.771720E1
9.655172E-1,-4.126283E1,1.812949E1,8.638188E0,-1.764346E1
1.000000E0,-4.117699E1,1.807527E1,8.391368E0,-1.763177E1
1.034483E0,-4.120194E1,1.794341E1,8.228737E0,-1.765205E1
1.068966E0,-4.108645E1,1.799836E1,8.479912E0,-1.759732E1
1.103448E0,-4.115709E1,1.807927E1,8.770385E0,-1.756506E1
1.137931E0,-4.125509E1,1.793431E1,8.644583E0,-1.765294E1
1.172414E0,-4.120094E1,1.791348E1,8.582805E0,-1.775042E1
1.206897E0,-4.123156E1,1.792374E1,8.455673E0,-1.760653E1
1.241379E0,-4.117136E1,1.782913E1,8.675553E0,-1.753155E1
1.275862E0,-4.131109E1,1.780984E1,8.609450E0,-1.765372E1
1.310345E0,-4.127283E1,1.798087E1,8.623708E0,-1.748366E1
1.344828E0,-4.139245E1,1.782775E1,8.504087E0,-1.734095E1
1.379310E0,-4.149726E1,1.788792E1,8.400288E0,-1.731592E1
1.413793E0,-4.147250E1,1.790484E1,8.444058E0,-1.730771E1
1.448276E0,-4.153769E1,1.802765E1,8.454721E0,-1.723282E1
1.482759E0,-4.149573E1,1.794486E1,8.291093E0,-1.721932E1
1.517241E0,-4.137962E1,1.794425E1,8.301208E0,-1.717718E1
1.551724E0,-4.136913E1,1.790641E1,8.279406E0,-1.717622E1
1.586207E0,-4.138531E1,1.800969E1,8.405508E0,-1.712244E1
1.620690E0,-4.147289E1,1.794446E1,8.476296E0,-1.701244E1
1.655172E0,-4.159303E1,1.789758E1,8.532323E0,-1.715466E1
1.689655E0,-4.162910E1,1.801121E1,8.453823E0,-1.711407E1
1.724138E0,-4.155443E1,1.788665E1,8.437654E0,-1.698040E1
1.758621E0,-4.154842E1,1.778568E1,8.317201E0,-1.695819E1
1.793103E0,-4.158841E1,1.767836E1,8.256607E0,-1.688017E1
1.827586E0,-4.166219E1,1.763696E1,8.199760E0,-1.699280E1
1.862069E0,-4.172752E1,1.767093E1,8.285613E0,-1.708755E1
1.896552E0,-4.175802E1,1.773352E1,8.343817E0,-1.711491E1
1.931034E0,-4.173261E1,1.777955E1,8.374832E0,-1.708726E1
1.965517E0,-4.176471E1,1.776035E1,8.310785E0,-1.714729E1
2.000000E0,-4.182117E1,1.762745E1,8.289158E0,-1.720176E1
2.034483E0,-4.180579E1,1.762014E1,8.257341E0,-1.721793E1
2.068966E0,-4.178151E1,1.766308E1,8.414171E0,-1.719668E1
2.103448E0,-4.185678E1,1.766249E1,8.285139E0,-1.735343E1
2.137931E0,-4.177078E1,1.776384E1,8.251000E0,-1.730127E1
2.172414E0,-4.167261E1,1.766968E1,8.316915E0,-1.727510E1
2.206897E0,-4.159656E1,1.759631E1,8.213472E0,-1.715855E1
2.241379E0,-4.169880E1,1.767440E1,8.257984E0,-1.702210E1
2.275862E0,-4.171231E1,1.758037E1,8.217547E0,-1.703325E1
2.310345E0,-4.181109E1,1.751852E1,8.147782E0,-1.693573E1
2.344828E0,-4.185842E1,1.746804E1,8.182609E0,-1.712514E1
2.379310E0,-4.190726E1,1.744176E1,8.150933E0,-1.716924E1
2.413793E0,-4.198221E1,1.742432E1,8.088243E0,-1.712397E1
2.448276E0,-4.195772E1,1.736585E1,8.150185E0,-1.716053E1
2.482759E0,-4.186246E1,1.731947E1,8.241014E0,-1.708847E1
2.517241E0,-4.183127E1,1.740069E1,8.276315E0,-1.703335E1
2.551724E0,-4.199861E1,1.736395E1,8.186697E0,-1.693037E1
2.586207E0,-4.203693E1,1.737610E1,8.136162E0,-1.702449E1
2.620690E0,-4.207757E1,1.732256E1,8.243917E0,-1.690215E1
2.655172E0,-4.206822E1,1.737545E1,8.095470E0,-1.686309E1
2.689655E0,-4.197789E1,1.723902E1,8.064731E0,-1.683399E1
2.724138E0,-4.191121E1,1.731373E1,8.037979E0,-1.680447E1
2.758621E0,-4.192526E1,1.741050E1,8.088802E0,-1.664852E1
2.793103E0,-4.206594E1,1.746279E1,8.001843E0,-1.672796E1
2.827586E0,-4.212180E1,1.749363E1,7.999157E0,-1.685760E1
2.862069E0,-4.212842E1,1.746894E1,8.057724E0,-1.695086E1
2.896552E0,-4.208284E1,1.749659E1,8.162074E0,-1.701578E1
2.931034E0,-4.214189E1,1.757620E1,7.987548E0,-1.697607E1
2.965517E0,-4.218720E1,1.755982E1,7.936088E0,-1.700933E1
3.000000E0,-4.226200E1,1.749885E1,7.931991E0,-1.687356E1
3.034483E0,-4.223686E1,1.740546E1,8.035545E0,-1.682436E1
3.068966E0,-4.225042E1,1.741623E1,7.882803E0,-1.667898E1
3.103448E0,-4.227897E1,1.740374E1,7.893804E0,-1.670247E1
3.137931E0,-4.228857E1,1.733709E1,7.693171E0,-1.658262E1
3.172414E0,-4.241320E1,1.733557E1,7.735862E0,-1.658787E1
3.206897E0,-4.253493E1,1.731261E1,7.894140E0,-1.646758E1
3.241379E0,-4.255014E1,1.733418E1,7.823030E0,-1.642429E1
3.275862E0,-4.263504E1,1.742547E1,7.698829E0,-1.668309E1
3.310345E0,-4.259288E1,1.745869E1,7.775681E0,-1.665411E1
3.344828E0,-4.261860E1,1.748847E1,7.705653E0,-1.679008E1
3.379310E0,-4.262813E1,1.743852E1,7.764540E0,-1.686649E1
3.413793E0,-4.276537E1,1.747925E1,7.621006E0,-1.692877E1
3.448276E0,-4.277350E1,1.732368E1,7.716358E0,-1.697837E1
3.482759E0,-4.280936E1,1.720016E1,7.753593E0,-1.689782E1
3.517241E0,-4.284264E1,1.718728E1,7.932038E0,-1.697801E1
3.551724E0,-4.286124E1,1.727580E1,7.964113E0,-1.696879E1
3.586207E0,-4.283597E1,1.719332E1,7.959075E0,-1.698693E1
3.620690E0,-4.290412E1,1.718808E1,7.970836E0,-1.705950E1
3.655172E0,-4.293992E1,1.728698E1,7.923825E0,-1.698521E1
3.689655E0,-4.279178E1,1.730640E1,8.014285E0,-1.682065E1
3.724138E0,-4.274118E1,1.719155E1,8.006587E0,-1.674292E1
3.758621E0,-4.269597E1,1.714487E1,7.982236E0,-1.674003E1
3.793103E0,-4.282519E1,1.706758E1,7.996570E0,-1.669912E1
3.827586E0,-4.286240E1,1.698868E1,8.059733E0,-1.675859E1
3.862069E0,-4.279876E1,1.695164E1,8.237958E0,-1.668891E1
3.896552E0,-4.287221E1,1.684719E1,8.296532E0,-1.669547E1
3.931034E0,-4.291136E1,1.691421E1,8.156447E0,-1.665062E1
3.965517E0,-4.293264E1,1.683400E1,8.020612E0,-1.663761E1
4.000000E0,-4.292775E1,1.676419E1,7.866065E0,-1.683085E1
4.034483E0,-4.295343E1,1.671864E1,8.004940E0,-1.669646E1
4.068966E0,-4.299286E1,1.688212E1,8.064531E0,-1.644907E1
4.103448E0,-4.306074E1,1.683621E1,8.103365E0,-1.659066E1
