#multi:
,mass A,,mass B,,mass C,,
t,x,y,x,y,x,y,
0.000000E0,1.032778E1,-5.824211E0,-1.579308E1,-1.662304E1,2.865412E1,-3.348689E1
3.448276E-2,1.016594E1,-5.572522E0,-1.585398E1,-1.664066E1,,
6.896552E-2,1.029645E1,-5.782659E0,,,2.846500E1,-3.348689E1
1.034483E-1,1.018494E1,-5.959679E0,-1.604583E1,-1.673916E1,2.848034E1,-3.352267E1
1.379310E-1,1.016459E1,-6.064942E0,-1.591107E1,-1.669849E1,2.859389E1,-3.378249E1
1.724138E-1,1.028272E1,-6.021446E0,,,2.859007E1,-3.362968E1
2.068966E-1,,,-1.590921E1,-1.655473E1,2.824522E1,-3.347667E1
2.413793E-1,9.828736E0,-6.238052E0,-1.589330E1,-1.649122E1,2.822000E1,-3.354362E1
2.758621E-1,9.766268E0,-6.186806E0,-1.580505E1,-1.653213E1,2.816860E1,-3.349080E1
3.103448E-1,9.721767E0,-6.301667E0,-1.586168E1,-1.621538E1,2.816211E1,-3.352773E1
3.448276E-1,,,-1.576080E1,-1.626775E1,2.816344E1,-3.341533E1
3.793103E-1,9.427066E0,-6.554519E0,-1.565713E1,-1.636608E1,2.811996E1,-3.333870E1
4.137931E-1,9.356301E0,-6.353327E0,-1.575368E1,-1.617430E1,2.794908E1,-3.335743E1
4.482759E-1,,,-1.573451E1,-1.614398E1,2.792195E1,-3.320048E1
4.827586E-1,9.319709E0,-6.320499E0,-1.569683E1,-1.599126E1,2.789654E1,-3.320121E1
5.172414E-1,,,-1.562914E1,-1.616537E1,2.784653E1,-3.311376E1
5.517241E-1,,,-1.541691E1,-1.598615E1,2.800435E1,-3.307213E1
5.862069E-1,9.329692E0,-6.128506E0,-1.530062E1,-1.588795E1,2.802858E1,-3.316345E1
6.206897E-1,9.194347E0,-6.154943E0,-1.537095E1,-1.586894E1,2.792601E1,-3.320934E1
6.551724E-1,9.303513E0,-5.804865E0,,,2.790580E1,-3.319181E1
6.896552E-1,9.431273E0,-5.663505E0,-1.526368E1,-1.586531E1,2.773535E1,-3.318719E1
7.241379E-1,9.518887E0,-5.611187E0,-1.546719E1,-1.581347E1,2.755072E1,-3.317881E1
7.586207E-1,9.532114E0,-5.762237E0,,,,
7.931034E-1,9.671302E0,-5.844923E0,,,2.763697E1,-3.324154E1
8.275862E-1,9.755038E0,-6.060048E0,-1.548751E1,-1.573160E1,2.769969E1,-3.342487E1
8.620690E-1,9.857752E0,-6.175875E0,-1.560182E1,-1.578967E1,2.772897E1,-3.341533E1
8.965517E-1,9.875805E0,-6.346820E0,,,2.782443E1,-3.345283E1
9.310345E-1,9.882490E0,-6.421479E0,,,2.780877E1,-3.360167E1
9.655172E-1,9.786161E0,-6.397488E0,-1.523295E1,-1.573502E1,,
1.000000E0,9.957268E0,-6.406556E0,-1.509718E1,-1.568981E1,2.747852E1,-3.373734E1
1.034483E0,1.015605E1,-6.423473E0,,,2.746921E1,-3.400980E1
1.068966E0,,,-1.514570E1,-1.554564E1,2.728493E1,-3.432762E1
1.103448E0,9.954833E0,-6.419201E0,-1.521858E1,-1.556080E1,2.734856E1,-3.431067E1
1.137931E0,,,-1.516629E1,-1.566112E1,,
1.172414E0,9.930842E0,-6.672118E0,-1.516464E1,-1.560523E1,,
1.206897E0,9.941437E0,-6.609404E0,-1.506513E1,-1.562725E1,2.699942E1,-3.440619E1
1.241379E0,9.866180E0,-6.508506E0,-1.507466E1,-1.556095E1,,
1.275862E0,9.960837E0,-6.615509E0,-1.499386E1,-1.531833E1,,
1.310345E0,9.981985E0,-6.643454E0,,,2.692788E1,-3.453394E1
1.344828E0,9.833813E0,-6.687672E0,-1.476161E1,-1.559840E1,,
1.379310E0,9.801392E0,-6.695568E0,-1.484699E1,-1.564678E1,2.708777E1,-3.463682E1
1.413793E0,9.694616E0,-6.633843E0,-1.497502E1,-1.558140E1,2.717862E1,-3.463019E1
1.448276E0,9.838911E0,-6.593085E0,-1.503084E1,-1.554195E1,2.699006E1,-3.452221E1
1.482759E0,9.861277E0,-6.446479E0,-1.484686E1,-1.530578E1,2.699650E1,-3.447898E1
1.517241E0,9.625230E0,-6.264003E0,,,2.688338E1,-3.443872E1
1.551724E0,9.551054E0,-6.277149E0,-1.487278E1,-1.513231E1,2.689867E1,-3.454715E1
1.586207E0,,,-1.496697E1,-1.525521E1,2.683024E1,-3.422266E1
1.620690E0,,,-1.509916E1,-1.533752E1,2.694086E1,-3.422855E1
1.655172E0,,,-1.512037E1,-1.545799E1,,
1.689655E0,9.142290E0,-6.295079E0,-1.514184E1,-1.554647E1,2.693449E1,-3.431852E1
1.724138E0,,,-1.515370E1,-1.552860E1,2.723058E1,-3.423216E1
1.758621E0,9.046775E0,-5.868570E0,-1.530126E1,-1.556425E1,2.724244E1,-3.409184E1
1.793103E0,8.892688E0,-5.620707E0,-1.521533E1,-1.539697E1,2.716744E1,-3.403500E1
1.827586E0,8.860939E0,-5.569906E0,,,2.706821E1,-3.435198E1
1.862069E0,8.603135E0,-5.689734E0,-1.517413E1,-1.530022E1,2.698894E1,-3.438528E1
1.896552E0,8.542027E0,-5.810809E0,,,2.692496E1,-3.442160E1
1.931034E0,,,-1.535590E1,-1.510657E1,2.688947E1,-3.453001E1
1.965517E0,8.557377E0,-6.000566E0,,,2.679057E1,-3.470907E1
2.000000E0,8.517322E0,-5.756233E0,,,2.695259E1,-3.480785E1
2.034483E0,8.413293E0,-5.763742E0,-1.565954E1,-1.518623E1,2.714451E1,-3.474068E1
2.068966E0,8.438142E0,-5.734897E0,-1.560165E1,-1.495092E1,2.713937E1,-3.481719E1
2.103448E0,8.442170E0,-5.716542E0,,,2.713127E1,-3.462912E1
2.137931E0,8.506764E0,-5.698235E0,-1.558132E1,-1.492214E1,2.696858E1,-3.455435E1
2.172414E0,8.359622E0,-5.814589E0,-1.551301E1,-1.480601E1,2.668864E1,-3.442655E1
2.206897E0,8.163238E0,-5.968614E0,,,2.666702E1,-3.440950E1
2.241379E0,8.245474E0,-6.011236E0,-1.555664E1,-1.463113E1,2.661182E1,-3.435908E1
2.275862E0,8.105819E0,-5.896069E0,-1.550050E1,-1.452383E1,2.667181E1,-3.449259E1
2.310345E0,8.087353E0,-5.840891E0,-1.545208E1,-1.445567E1,2.659114E1,-3.459956E1
2.344828E0,8.111052E0,-5.776244E0,-1.533640E1,-1.461069E1,2.675112E1,-3.460344E1
2.379310E0,8.305885E0,-5.879039E0,-1.531267E1,-1.465863E1,2.660953E1,-3.457261E1
2.413793E0,8.248770E0,-6.001466E0,-1.518839E1,-1.452104E1,,
2.448276E0,8.079315E0,-5.854655E0,-1.514311E1,-1.466854E1,,
2.482759E0,8.126384E0,-5.745847E0,,,2.649278E1,-3.460539E1
2.517241E0,8.265130E0,-5.858867E0,,,2.650573E1,-3.469983E1
2.551724E0,8.523737E0,-5.627965E0,-1.508319E1,-1.467584E1,2.636610E1,-3.454827E1
2.586207E0,8.553393E0,-5.594343E0,-1.506181E1,-1.482790E1,2.639434E1,-3.463794E1
2.620690E0,8.366305E0,-5.576290E0,-1.511660E1,-1.500972E1,2.645686E1,-3.454023E1
2.655172E0,8.231490E0,-5.531041E0,-1.502946E1,-1.508944E1,2.625859E1,-3.448978E1
2.689655E0,8.151134E0,-5.783398E0,-1.492590E1,-1.510309E1,2.614093E1,-3.460304E1
2.724138E0,8.039576E0,-5.702600E0,-1.505239E1,-1.511186E1,2.615312E1,-3.447771E1
2.758621E0,8.021760E0,-5.490987E0,-1.517840E1,-1.495629E1,2.605244E1,-3.441227E1
2.793103E0,8.021138E0,-5.537695E0,,,2.587004E1,-3.430189E1
2.827586E0,7.864780E0,-5.584716E0,-1.509466E1,-1.485943E1,2.583056E1,-3.430484E1
2.862069E0,7.812207E0,-5.368574E0,-1.498961E1,-1.488137E1,2.566659E1,-3.411116E1
2.896552E0,7.814761E0,-5.524090E0,-1.524977E1,-1.489549E1,2.578717E1,-3.428021E1
2.931034E0,7.839250E0,-5.346919E0,-1.518300E1,-1.492799E1,2.554582E1,-3.435532E1
2.965517E0,7.831491E0,-5.356453E0,-1.516924E1,-1.481354E1,2.554454E1,-3.418921E1
3.000000E0,7.737722E0,-5.370439E0,-1.523070E1,-1.484535E1,2.581333E1,-3.428718E1
3.034483E0,7.607796E0,-5.490251E0,,,2.599559E1,-3.438090E1
3.068966E0,7.666979E0,-5.436761E0,-1.490533E1,-1.476190E1,2.602531E1,-3.440830E1
3.103448E0,7.633499E0,-5.568512E0,-1.484656E1,-1.468946E1,2.602655E1,-3.472526E1
3.137931E0,7.597157E0,-5.599736E0,-1.477881E1,-1.476310E1,2.594727E1,-3.478382E1
3.172414E0,7.727219E0,-5.584309E0,-1.492415E1,-1.462981E1,2.591834E1,-3.480414E1
3.206897E0,7.729399E0,-5.714303E0,-1.495992E1,-1.458815E1,2.586017E1,-3.497483E1
3.241379E0,7.760782E0,-5.750793E0,-1.506359E1,-1.470269E1,2.584882E1,-3.510206E1
3.275862E0,,,-1.495675E1,-1.455931E1,,
3.310345E0,7.598261E0,-5.820451E0,-1.499195E1,-1.440634E1,2.601313E1,-3.516292E1
3.344828E0,7.536985E0,-5.760125E0,-1.505042E1,-1.440901E1,2.618486E1,-3.526258E1
3.379310E0,7.546725E0,-5.768984E0,-1.517027E1,-1.440560E1,2.604446E1,-3.517362E1
3.413793E0,7.416433E0,-5.761462E0,-1.527297E1,-1.445060E1,2.591209E1,-3.508559E1
3.448276E0,7.587931E0,-5.889844E0,-1.522264E1,-1.448787E1,2.580162E1,-3.518459E1
3.482759E0,7.558619E0,-5.825985E0,-1.532152E1,-1.451182E1,2.576141E1,-3.550098E1
3.517241E0,7.501405E0,-5.850171E0,-1.544373E1,-1.453751E1,2.572711E1,-3.560717E1
3.551724E0,7.416815E0,-5.851759E0,-1.535989E1,-1.449600E1,,
3.586207E0,,,-1.544883E1,-1.449551E1,2.553237E1,-3.543677E1
3.620690E0,7.615920E0,-5.873055E0,-1.537120E1,-1.461619E1,2.577567E1,-3.549114E1
3.655172E0,7.634624E0,-5.928200E0,-1.531347E1,-1.465104E1,2.592866E1,-3.557832E1
3.689655E0,7.700104E0,-6.104306E0,-1.525554E1,-1.447233E1,,
3.724138E0,,,-1.524486E1,-1.432692E1,2.601313E1,-3.563151E1
3.758621E0,7.417223E0,-6.272111E0,-1.518256E1,-1.433084E1,,
3.793103E0,7.414619E0,-6.354623E0,-1.506854E1,-1.437913E1,,
3.827586E0,7.429142E0,-6.482723E0,,,2.602004E1,-3.607106E1
3.862069E0,,,,,2.581327E1,-3.617033E1
3.896552E0,7.343005E0,-6.357518E0,-1.485374E1,-1.437526E1,2.578890E1,-3.603045E1
3.931034E0,7.392596E0,-6.144260E0,-1.483858E1,-1.446806E1,2.596144E1,-3.605346E1
3.965517E0,7.475235E0,-6.215216E0,-1.499821E1,-1.455774E1,2.593955E1,-3.592531E1
4.000000E0,7.376665E0,-6.309092E0,-1.522139E1,-1.446380E1,2.595170E1,-3.587759E1
4.034483E0,7.359689E0,-6.432956E0,-1.538988E1,-1.460947E1,2.594839E1,-3.611958E1
4.068966E0,7.310157E0,-6.488179E0,,,,
4.103448E0,7.322048E0,-6.499273E0,-1.539587E1,-1.469740E1,2.596339E1,-3.607222E1
