#multi:
,mass A,,mass B,,mass C,,mass D,,mass E,,
t,x,y,x,y,x,y,x,y,x,y,
0.000000E0,-2.225728E1,1.873498E1,-3.833460E1,2.885400E1,2.847615E1,-1.526857E1,1.503183E1,2.746637E1,3.223385E1,3.309077E1
3.448276E-2,-2.226441E1,1.864274E1,-3.831120E1,2.860630E1,2.852479E1,-1.534567E1,1.504260E1,2.729008E1,3.231572E1,3.276686E1
6.896552E-2,-2.240513E1,1.853213E1,-3.859001E1,2.836349E1,2.848851E1,-1.544578E1,1.508237E1,2.723842E1,3.235675E1,3.279581E1
1.034483E-1,-2.238851E1,1.863708E1,-3.870474E1,2.838004E1,2.850478E1,-1.550681E1,1.513507E1,2.735004E1,3.229692E1,3.287155E1
1.379310E-1,-2.228823E1,1.867682E1,-3.873674E1,2.822154E1,2.856631E1,-1.569513E1,1.510849E1,2.729805E1,3.222715E1,3.292323E1
1.724138E-1,-2.225234E1,1.845738E1,-3.876091E1,2.803835E1,2.847893E1,-1.570394E1,1.503756E1,2.741425E1,3.211813E1,3.299795E1
2.068966E-1,-2.236909E1,1.847436E1,-3.874758E1,2.789476E1,2.860976E1,-1.567597E1,1.492533E1,2.720453E1,3.218540E1,3.312727E1
2.413793E-1,-2.218909E1,1.845635E1,-3.858389E1,2.789557E1,2.856109E1,-1.564962E1,1.483469E1,2.723988E1,3.207362E1,3.322474E1
2.758621E-1,-2.218983E1,1.832412E1,-3.846780E1,2.791428E1,2.853188E1,-1.580651E1,1.487759E1,2.729069E1,3.196914E1,3.321282E1
3.103448E-1,-2.207589E1,1.826051E1,-3.843497E1,2.790779E1,2.851720E1,-1.582992E1,1.502737E1,2.732498E1,3.187067E1,3.306743E1
3.448276E-1,-2.229620E1,1.821133E1,-3.818304E1,2.788258E1,2.858608E1,-1.592403E1,1.500385E1,2.740789E1,3.180915E1,3.316497E1
3.793103E-1,-2.245904E1,1.823150E1,-3.816727E1,2.817471E1,2.865953E1,-1.590937E1,1.492449E1,2.731571E1,3.166970E1,3.303633E1
4.137931E-1,-2.251158E1,1.827493E1,-3.817971E1,2.826763E1,2.869512E1,-1.609519E1,1.478768E1,2.732454E1,3.179144E1,3.301379E1
4.482759E-1,-2.261484E1,1.834440E1,-3.809316E1,2.819057E1,2.877336E1,-1.618306E1,1.479304E1,2.735211E1,3.185374E1,3.304974E1
4.827586E-1,-2.263828E1,1.826500E1,-3.807424E1,2.812883E1,2.876563E1,-1.622860E1,1.481404E1,2.735603E1,3.185558E1,3.321413E1
5.172414E-1,-2.277145E1,1.828668E1,-3.805407E1,2.809131E1,2.884997E1,-1.617692E1,1.470504E1,2.731680E1,3.181126E1,3.338152E1
5.517241E-1,-2.276733E1,1.839984E1,-3.808715E1,2.821122E1,2.881767E1,-1.618519E1,1.460541E1,2.726624E1,3.185083E1,3.332379E1
5.862069E-1,-2.283743E1,1.840509E1,-3.795426E1,2.836325E1,2.876708E1,-1.608884E1,1.478289E1,2.753590E1,3.158070E1,3.323153E1
6.206897E-1,-2.280636E1,1.820704E1,-3.800070E1,2.833994E1,2.872757E1,-1.635621E1,1.479539E1,2.743776E1,3.152904E1,3.300149E1
6.551724E-1,-2.268895E1,1.793462E1,-3.801242E1,2.815310E1,2.884254E1,-1.642304E1,1.471389E1,2.738284E1,3.149911E1,3.298036E1
6.896552E-1,-2.274280E1,1.792118E1,-3.785011E1,2.846155E1,2.904369E1,-1.638336E1,1.457598E1,2.772532E1,3.162023E1,3.318591E1
7.241379E-1,-2.288872E1,1.787502E1,-3.796820E1,2.840622E1,2.910405E1,-1.628875E1,1.442937E1,2.779832E1,3.153864E1,3.335584E1
7.586207E-1,-2.276817E1,1.766444E1,-3.782963E1,2.817953E1,2.909599E1,-1.651546E1,1.455471E1,2.769074E1,3.140724E1,3.307677E1
7.931034E-1,-2.263264E1,1.775500E1,-3.791603E1,2.842191E1,2.917482E1,-1.635106E1,1.453173E1,2.788070E1,3.131171E1,3.323438E1
8.275862E-1,-2.268597E1,1.785978E1,-3.777845E1,2.863937E1,2.918483E1,-1.617048E1,1.444876E1,2.792459E1,3.131304E1,3.321051E1
8.620690E-1,-2.282707E1,1.768439E1,-3.767953E1,2.834721E1,2.922087E1,-1.655453E1,1.429803E1,2.771713E1,3.130791E1,3.313355E1
8.965517E-1,,,-3.751639E1,2.823838E1,2.925360E1,-1.665939E1,1.443799E1,2.774566E1,3.129242E1,3.318848E1
9.310345E-1,,,-3.748050E1,2.864236E1,2.926170E1,-1.672950E1,1.448783E1,2.795646E1,3.124375E1,3.311117E1
9.655172E-1,-2.267211E1,1.758053E1,-3.737875E1,2.852238E1,2.924403E1,-1.690177E1,1.463418E1,2.793271E1,3.117552E1,3.293139E1
1.000000E0,-2.250309E1,1.743614E1,-3.739223E1,2.854514E1,2.927467E1,-1.700861E1,1.474039E1,2.793375E1,3.139760E1,3.300834E1
1.034483E0,-2.254807E1,1.776596E1,-3.712929E1,2.879707E1,2.924331E1,-1.692972E1,1.485481E1,2.811064E1,3.147389E1,3.301929E1
1.068966E0,-2.259572E1,1.771976E1,-3.707075E1,2.879064E1,2.920576E1,-1.688298E1,1.463900E1,2.792551E1,3.169124E1,3.288259E1
1.103448E0,-2.256259E1,1.768406E1,-3.730005E1,2.861712E1,2.919543E1,-1.693890E1,1.463657E1,2.782002E1,3.173488E1,3.274568E1
1.137931E0,-2.251289E1,1.770850E1,-3.716985E1,2.846601E1,2.919757E1,-1.680308E1,1.475993E1,2.797628E1,3.159873E1,3.269924E1
1.172414E0,,,-3.727654E1,2.839795E1,2.913885E1,-1.669620E1,1.486005E1,2.803604E1,3.170274E1,3.263618E1
1.206897E0,-2.278696E1,1.789910E1,-3.754120E1,2.825743E1,2.925232E1,-1.669247E1,1.466228E1,2.789093E1,3.166127E1,3.277070E1
1.241379E0,,,-3.757829E1,2.826137E1,2.930452E1,-1.662168E1,1.454428E1,2.778179E1,,
1.275862E0,,,-3.736871E1,2.817158E1,2.935485E1,-1.677452E1,1.464971E1,2.782986E1,3.148405E1,3.293774E1
1.310345E0,,,-3.741761E1,2.824167E1,2.933160E1,-1.679248E1,1.457628E1,2.791522E1,3.154710E1,3.291260E1
1.344828E0,-2.298603E1,1.820057E1,-3.745867E1,2.820135E1,,,,,,
1.379310E0,,,-3.744904E1,2.828553E1,2.931772E1,-1.695172E1,1.481539E1,2.807241E1,3.162177E1,3.267761E1
1.413793E0,,,-3.755101E1,2.821162E1,2.937782E1,-1.677883E1,1.498436E1,2.806295E1,3.157935E1,3.265045E1
1.448276E0,,,-3.729498E1,2.812606E1,2.939080E1,-1.681034E1,1.494795E1,2.811680E1,3.159770E1,3.257323E1
1.482759E0,,,-3.731843E1,2.803952E1,2.949315E1,-1.680789E1,1.489489E1,2.808872E1,3.153222E1,3.251764E1
1.517241E0,,,-3.730683E1,2.797620E1,2.951333E1,-1.694053E1,1.504637E1,2.793559E1,3.163391E1,3.264070E1
1.551724E0,,,-3.720899E1,2.804218E1,2.954006E1,-1.693697E1,1.511764E1,2.800622E1,3.163676E1,3.256191E1
1.586207E0,,,-3.704844E1,2.786162E1,2.950810E1,-1.699253E1,1.501000E1,2.796157E1,3.156548E1,3.241778E1
1.620690E0,,,-3.683543E1,2.799335E1,2.954901E1,-1.698532E1,1.511350E1,2.819416E1,3.168009E1,3.239653E1
1.655172E0,-2.300000E1,1.812934E1,-3.689280E1,2.803165E1,2.946444E1,-1.697511E1,1.527199E1,2.837316E1,3.176933E1,3.239918E1
1.689655E0,,,-3.687691E1,2.788395E1,2.943300E1,-1.715219E1,1.527644E1,2.831705E1,3.172258E1,3.238030E1
1.724138E0,-2.291316E1,1.812769E1,-3.661710E1,2.796090E1,,,1.520499E1,2.837542E1,,
1.758621E0,-2.282714E1,1.816588E1,-3.663808E1,2.807931E1,2.962687E1,-1.722653E1,1.535649E1,2.861351E1,3.149935E1,3.264701E1
1.793103E0,-2.283590E1,1.809856E1,-3.665956E1,2.783043E1,2.944767E1,-1.718519E1,1.523534E1,2.884728E1,3.155880E1,3.247269E1
1.827586E0,-2.286993E1,1.810665E1,-3.669985E1,2.794628E1,2.936728E1,-1.718411E1,1.543649E1,2.862357E1,3.161024E1,3.224351E1
1.862069E0,-2.284140E1,1.817100E1,-3.663155E1,2.812325E1,2.939049E1,-1.705164E1,1.542770E1,2.879959E1,3.180131E1,3.239575E1
1.896552E0,-2.272462E1,1.838095E1,-3.667940E1,2.798782E1,2.943577E1,-1.701979E1,1.558605E1,2.896952E1,3.161638E1,3.216664E1
1.931034E0,,,-3.676394E1,2.782081E1,2.952037E1,-1.693737E1,1.542311E1,2.877209E1,3.173823E1,3.205880E1
1.965517E0,-2.257421E1,1.824660E1,-3.674322E1,2.782828E1,2.941661E1,-1.700236E1,1.533130E1,2.879968E1,3.181026E1,3.197945E1
2.000000E0,-2.243635E1,1.819487E1,-3.665083E1,2.783165E1,2.939199E1,-1.697494E1,1.537046E1,2.893547E1,3.173812E1,3.200647E1
2.034483E0,,,-3.650612E1,2.801658E1,2.948746E1,-1.701418E1,1.516993E1,2.884278E1,3.170127E1,3.187573E1
2.068966E0,,,-3.647192E1,2.807369E1,2.928629E1,-1.699806E1,,,3.159762E1,3.184306E1
2.103448E0,,,-3.639112E1,2.816872E1,2.930651E1,-1.703074E1,1.548636E1,2.882995E1,3.168297E1,3.188190E1
2.137931E0,,,-3.636032E1,2.814430E1,2.920154E1,-1.697784E1,1.559458E1,2.882995E1,3.145344E1,3.172888E1
2.172414E0,,,-3.629979E1,2.825489E1,2.938199E1,-1.696549E1,1.563902E1,2.878368E1,3.163084E1,3.174791E1
2.206897E0,-2.193449E1,1.825887E1,-3.648283E1,2.810065E1,2.949632E1,-1.689544E1,1.583266E1,2.872173E1,3.165237E1,3.183599E1
2.241379E0,-2.196813E1,1.822235E1,-3.659935E1,2.824809E1,2.952033E1,-1.687903E1,1.590213E1,2.880013E1,3.150202E1,3.192675E1
2.275862E0,-2.196828E1,1.814664E1,-3.656393E1,2.821701E1,2.935518E1,-1.686449E1,,,3.138067E1,3.204899E1
2.310345E0,-2.186660E1,1.832649E1,-3.649228E1,2.807598E1,2.942048E1,-1.673405E1,1.607075E1,2.850529E1,,
2.344828E0,,,-3.658968E1,2.822048E1,2.928774E1,-1.675191E1,1.603368E1,2.845947E1,3.139223E1,3.182069E1
2.379310E0,-2.194149E1,1.838275E1,-3.692625E1,2.811547E1,,,,,,
2.413793E0,,,-3.711495E1,2.826725E1,2.880248E1,-1.674562E1,1.589760E1,2.839707E1,3.107089E1,3.157586E1
2.448276E0,,,-3.710508E1,2.821389E1,2.857802E1,-1.654026E1,1.580455E1,2.833404E1,3.116878E1,3.158571E1
2.482759E0,,,-3.716443E1,2.817860E1,2.859496E1,-1.649460E1,1.584826E1,2.829779E1,3.109497E1,3.161076E1
2.517241E0,-2.211153E1,1.847992E1,-3.714952E1,2.818417E1,,,1.578938E1,2.831049E1,,
2.551724E0,-2.207063E1,1.831214E1,-3.717482E1,2.818997E1,2.880248E1,-1.664258E1,,,3.134633E1,3.182069E1
2.586207E0,-2.209528E1,1.838483E1,-3.723699E1,2.816790E1,2.856304E1,-1.662276E1,1.596253E1,2.867844E1,,
2.620690E0,-2.209716E1,1.830765E1,-3.732329E1,2.815797E1,2.851623E1,-1.677792E1,1.595006E1,2.872295E1,3.139223E1,3.205022E1
2.655172E0,,,-3.728751E1,2.815600E1,2.865535E1,-1.691589E1,1.602092E1,2.887230E1,3.133042E1,3.207716E1
2.689655E0,-2.204911E1,1.816120E1,-3.729810E1,2.839392E1,2.877062E1,-1.701187E1,1.610384E1,2.903963E1,3.124835E1,3.199249E1
2.724138E0,-2.178746E1,1.812998E1,-3.731613E1,2.833836E1,2.874942E1,-1.702829E1,1.611410E1,2.882953E1,3.137465E1,3.199889E1
2.758621E0,-2.177145E1,1.822486E1,-3.732127E1,2.802960E1,,,,,,
2.793103E0,-2.176145E1,1.826303E1,-3.733666E1,2.800508E1,2.851050E1,-1.707195E1,1.620061E1,2.887324E1,3.145344E1,3.183599E1
2.827586E0,-2.196443E1,1.808677E1,-3.736729E1,2.788655E1,2.848033E1,-1.695261E1,1.620069E1,2.887685E1,3.143934E1,3.177180E1
2.862069E0,,,-3.732962E1,2.808519E1,2.850091E1,-1.690219E1,1.611028E1,2.881449E1,3.142466E1,3.178325E1
2.896552E0,-2.211153E1,1.815198E1,-3.732127E1,2.821852E1,,,,,,
2.931034E0,-2.203391E1,1.817456E1,-3.721162E1,2.823882E1,2.873377E1,-1.705477E1,1.620061E1,2.895982E1,3.128512E1,3.208083E1
2.965517E0,-2.221566E1,1.815304E1,-3.718032E1,2.836210E1,2.877764E1,-1.704919E1,1.613983E1,2.894305E1,3.136477E1,3.193325E1
3.000000E0,-2.234666E1,1.816684E1,-3.723700E1,2.830256E1,2.874785E1,-1.690208E1,1.611357E1,2.897585E1,3.130572E1,3.199574E1
3.034483E0,-2.227362E1,1.819763E1,-3.725851E1,2.842585E1,2.885448E1,-1.691132E1,1.622674E1,2.903010E1,3.128634E1,3.201175E1
3.068966E0,-2.231815E1,1.793181E1,-3.738044E1,2.848600E1,2.887468E1,-1.678002E1,1.631811E1,2.914818E1,3.144604E1,3.202211E1
3.103448E0,-2.229038E1,1.800519E1,-3.730059E1,2.839091E1,2.881770E1,-1.678797E1,1.619088E1,2.908020E1,3.147348E1,3.206303E1
3.137931E0,-2.217957E1,1.808885E1,-3.713631E1,2.843042E1,2.891496E1,-1.669415E1,1.619318E1,2.912083E1,3.152128E1,3.202199E1
3.172414E0,-2.222643E1,1.812681E1,-3.709034E1,2.854442E1,2.898262E1,-1.667107E1,1.600647E1,2.913743E1,3.157287E1,3.220668E1
3.206897E0,-2.231332E1,1.836099E1,-3.700273E1,2.859879E1,2.883171E1,-1.665546E1,1.592382E1,2.891980E1,3.170287E1,3.211138E1
3.241379E0,-2.231114E1,1.844990E1,-3.697311E1,2.872769E1,2.878248E1,-1.664607E1,1.600838E1,2.884602E1,3.164254E1,3.201524E1
3.275862E0,-2.219877E1,1.842276E1,-3.686508E1,2.877247E1,2.880451E1,-1.680002E1,1.599378E1,2.906499E1,3.170521E1,3.198450E1
3.310345E0,-2.213549E1,1.823194E1,-3.672776E1,2.886511E1,2.881484E1,-1.690487E1,1.584572E1,2.916194E1,3.171161E1,3.202491E1
3.344828E0,-2.205675E1,1.826003E1,-3.663561E1,2.895501E1,2.896097E1,-1.712408E1,1.566398E1,2.916014E1,3.190401E1,3.187016E1
3.379310E0,-2.195425E1,1.826606E1,-3.663567E1,2.903448E1,2.902999E1,-1.708458E1,1.557168E1,2.922722E1,3.190899E1,3.187251E1
3.413793E0,-2.187109E1,1.816565E1,-3.667072E1,2.913715E1,2.894149E1,-1.698309E1,1.554225E1,2.934721E1,3.186274E1,3.186876E1
3.448276E0,-2.192737E1,1.823361E1,-3.669937E1,2.907959E1,2.885086E1,-1.693024E1,1.548188E1,2.941076E1,3.189189E1,3.181233E1
3.482759E0,-2.183472E1,1.825988E1,-3.682483E1,2.919335E1,2.897840E1,-1.713435E1,1.540701E1,2.948264E1,3.200183E1,3.195303E1
3.517241E0,-2.170754E1,1.848311E1,-3.702742E1,2.928731E1,2.901277E1,-1.705424E1,1.544128E1,2.953314E1,3.187479E1,3.183248E1
3.551724E0,-2.178392E1,1.842635E1,-3.708106E1,2.923590E1,2.899033E1,-1.706174E1,1.539046E1,2.965002E1,3.187359E1,3.177008E1
3.586207E0,-2.179684E1,1.834049E1,-3.719174E1,2.931295E1,2.910236E1,-1.699919E1,1.525100E1,2.973797E1,3.198513E1,3.173444E1
3.620690E0,,,-3.724847E1,2.923065E1,2.901030E1,-1.709662E1,1.528939E1,2.965302E1,3.215357E1,3.171859E1
3.655172E0,-2.167765E1,1.814754E1,-3.743688E1,2.926372E1,2.925511E1,-1.713614E1,1.528646E1,2.960554E1,3.213823E1,3.156349E1
3.689655E0,,,-3.741982E1,2.937011E1,2.939905E1,-1.716341E1,1.544813E1,2.975016E1,3.221122E1,3.161775E1
3.724138E0,-2.176509E1,1.827393E1,-3.746524E1,2.954241E1,2.942637E1,-1.724806E1,1.535839E1,2.973592E1,3.204869E1,3.145350E1
3.758621E0,-2.178743E1,1.823155E1,-3.746626E1,2.941310E1,2.925161E1,-1.705461E1,1.522152E1,2.983492E1,3.189362E1,3.149325E1
3.793103E0,-2.167945E1,1.814284E1,-3.756451E1,2.934869E1,2.930264E1,-1.699359E1,1.517241E1,2.991203E1,3.191530E1,3.138952E1
3.827586E0,-2.169647E1,1.816353E1,-3.754942E1,2.941120E1,2.931038E1,-1.676525E1,1.507288E1,2.999918E1,3.197644E1,3.134697E1
3.862069E0,-2.174716E1,1.820057E1,-3.732127E1,2.945512E1,,,1.514005E1,2.989051E1,,
3.896552E0,-2.181097E1,1.825253E1,-3.718124E1,2.926992E1,2.914597E1,-1.684868E1,,,3.227975E1,3.142284E1
3.931034E0,-2.201008E1,1.833459E1,-3.710943E1,2.939945E1,2.922305E1,-1.681203E1,1.503183E1,2.986887E1,,
3.965517E0,-2.209924E1,1.847095E1,-3.709727E1,2.931620E1,2.933001E1,-1.679594E1,1.509982E1,2.978329E1,3.247868E1,3.156056E1
4.000000E0,-2.206244E1,1.848345E1,-3.724974E1,2.943544E1,2.931627E1,-1.677190E1,1.510701E1,2.989592E1,3.234769E1,3.150036E1
4.034483E0,-2.227286E1,1.845922E1,-3.729497E1,2.932907E1,2.917591E1,-1.692977E1,1.522156E1,2.993624E1,3.240396E1,3.146984E1
4.068966E0,-2.225938E1,1.843155E1,-3.725962E1,2.928352E1,2.908828E1,-1.688985E1,1.546475E1,2.993253E1,3.216548E1,3.149450E1
4.103448E0,-2.221264E1,1.843011E1,,,2.906010E1,-1.696890E1,,,,
