#multi:
,mass A,,mass B,,mass C,,mass D,,
t,x,y,x,y,x,y,x,y,
0.000000E0,-2.050695E1,-2.748000E-1,1.039813E1,-7.847187E0,2.580097E1,-1.698199E1,2.164050E0,1.731240E1
3.448276E-2,-2.049961E1,-2.914415E-1,1.040369E1,-7.830865E0,2.581057E1,-1.692820E1,2.160877E0,1.734962E1
6.896552E-2,-2.051333E1,-2.981374E-1,1.039395E1,-7.828198E0,2.581457E1,-1.697312E1,2.160586E0,1.733646E1
1.034483E-1,-2.052674E1,-2.289053E-1,1.042637E1,-7.841976E0,2.580630E1,-1.688337E1,2.181814E0,1.737117E1
1.379310E-1,-2.052332E1,-2.150544E-1,1.043405E1,-7.873842E0,2.580384E1,-1.689830E1,2.156906E0,1.736266E1
1.724138E-1,-2.054144E1,-2.570286E-1,1.041240E1,-7.907360E0,2.583397E1,-1.694433E1,2.140882E0,1.733267E1
2.068966E-1,-2.052029E1,-2.627766E-1,1.042666E1,-7.860890E0,2.582765E1,-1.688013E1,2.101486E0,1.737004E1
2.413793E-1,-2.051419E1,-2.733589E-1,1.044850E1,-7.821274E0,2.583700E1,-1.686641E1,2.117229E0,1.736593E1
2.758621E-1,-2.049707E1,-3.231531E-1,1.046752E1,-7.834721E0,2.582222E1,-1.690756E1,2.118517E0,1.730830E1
3.103448E-1,-2.048004E1,-2.835849E-1,1.046912E1,-7.810269E0,2.576236E1,-1.690437E1,2.144289E0,1.734667E1
3.448276E-1,-2.048551E1,-2.822425E-1,1.047829E1,-7.794526E0,2.574288E1,-1.690438E1,2.139714E0,1.734947E1
3.793103E-1,-2.045904E1,-2.538937E-1,1.050862E1,-7.826546E0,2.574792E1,-1.685693E1,2.170591E0,1.733152E1
4.137931E-1,-2.047450E1,-2.429905E-1,1.051718E1,-7.806674E0,2.574955E1,-1.685801E1,2.180078E0,1.735172E1
4.482759E-1,-2.046606E1,-2.382145E-1,1.052034E1,-7.775280E0,2.576175E1,-1.687875E1,2.176264E0,1.739270E1
4.827586E-1,-2.047083E1,-2.688147E-1,1.053091E1,-7.749230E0,2.573174E1,-1.689977E1,2.196232E0,1.742686E1
5.172414E-1,-2.046043E1,-3.062785E-1,1.054037E1,-7.752392E0,2.576318E1,-1.688872E1,2.154959E0,1.740443E1
5.517241E-1,-2.043075E1,-2.888314E-1,1.052533E1,-7.708662E0,2.575875E1,-1.683828E1,2.167634E0,1.743586E1
5.862069E-1,-2.043315E1,-2.972748E-1,1.050262E1,-7.677848E0,2.581585E1,-1.683041E1,2.146700E0,1.746127E1
6.206897E-1,-2.041718E1,-3.383170E-1,1.054535E1,-7.676496E0,2.580918E1,-1.686688E1,2.119713E0,1.744647E1
6.551724E-1,-2.041420E1,-3.017171E-1,1.053036E1,-7.610314E0,2.580103E1,-1.681165E1,2.146040E0,1.748195E1
6.896552E-1,-2.042755E1,-3.579008E-1,1.050300E1,-7.613757E0,2.581357E1,-1.678872E1,2.148467E0,1.745550E1
7.241379E-1,-2.047681E1,-3.841634E-1,1.051879E1,-7.654764E0,2.577622E1,-1.681333E1,2.110946E0,1.740826E1
7.586207E-1,-2.046188E1,-3.421566E-1,1.054326E1,-7.630956E0,2.579492E1,-1.677489E1,2.084431E0,1.744068E1
7.931034E-1,-2.045279E1,-3.673932E-1,1.056128E1,-7.617922E0,2.581303E1,-1.674965E1,2.098895E0,1.744147E1
8.275862E-1,-2.043390E1,-3.979763E-1,1.055570E1,-7.605133E0,2.582797E1,-1.677722E1,2.098400E0,1.745261E1
8.620690E-1,-2.043771E1,-4.186635E-1,1.057946E1,-7.594379E0,2.580657E1,-1.681084E1,2.094149E0,1.745208E1
8.965517E-1,-2.044512E1,-3.907005E-1,1.055000E1,-7.597572E0,2.581854E1,-1.681495E1,2.096887E0,1.744235E1
9.310345E-1,-2.042862E1,-3.908009E-1,1.057694E1,-7.579649E0,2.584712E1,-1.681655E1,2.065652E0,1.743595E1
9.655172E-1,-2.044095E1,-3.951718E-1,1.056923E1,-7.590869E0,2.586601E1,-1.681852E1,2.047026E0,1.740219E1
1.000000E0,-2.040015E1,-3.775014E-1,1.053798E1,-7.575487E0,2.589742E1,-1.682816E1,2.040246E0,1.739311E1
1.034483E0,-2.038379E1,-3.541433E-1,1.054431E1,-7.561304E0,2.591021E1,-1.680574E1,2.037814E0,1.738961E1
1.068966E0,-2.037870E1,-3.756161E-1,1.056214E1,-7.548574E0,2.591862E1,-1.678488E1,2.085204E0,1.734863E1
1.103448E0,-2.039443E1,-3.397715E-1,1.056234E1,-7.549253E0,2.593281E1,-1.674778E1,2.075128E0,1.735700E1
1.137931E0,-2.040733E1,-2.996366E-1,1.057674E1,-7.540225E0,2.595713E1,-1.672081E1,2.114555E0,1.740974E1
1.172414E0,-2.038266E1,-2.909120E-1,1.057755E1,-7.518853E0,2.591619E1,-1.672928E1,2.083910E0,1.737532E1
1.206897E0,-2.038884E1,-3.206573E-1,1.056011E1,-7.501328E0,2.593391E1,-1.677327E1,2.049419E0,1.736850E1
1.241379E0,-2.040283E1,-2.936645E-1,1.056335E1,-7.481390E0,2.591680E1,-1.677593E1,2.036622E0,1.733291E1
1.275862E0,-2.040073E1,-2.756906E-1,1.060235E1,-7.497943E0,2.591020E1,-1.676358E1,2.062180E0,1.736023E1
1.310345E0,-2.040227E1,-2.515212E-1,1.060569E1,-7.487971E0,2.589101E1,-1.677930E1,2.054940E0,1.735701E1
1.344828E0,-2.038545E1,-2.759793E-1,1.059634E1,-7.499356E0,2.589304E1,-1.681004E1,2.045940E0,1.734507E1
1.379310E0,-2.038070E1,-2.569756E-1,1.062263E1,-7.533962E0,2.590646E1,-1.678391E1,2.063844E0,1.734545E1
1.413793E0,-2.038530E1,-2.262651E-1,1.064024E1,-7.521663E0,2.589564E1,-1.682453E1,2.000354E0,1.737440E1
1.448276E0,-2.037433E1,-2.117228E-1,1.067929E1,-7.556630E0,2.587778E1,-1.680512E1,1.966474E0,1.733315E1
1.482759E0,-2.035301E1,-1.925829E-1,1.069117E1,-7.596482E0,2.590246E1,-1.681119E1,1.982355E0,1.734248E1
1.517241E0,-2.036084E1,-1.745309E-1,1.073348E1,-7.614936E0,2.594243E1,-1.684183E1,1.979804E0,1.729945E1
1.551724E0,-2.039788E1,-1.816820E-1,1.072326E1,-7.605701E0,2.592470E1,-1.684409E1,1.986818E0,1.729530E1
1.586207E0,-2.040526E1,-1.737803E-1,1.071067E1,-7.609247E0,2.595300E1,-1.685369E1,1.957988E0,1.733998E1
1.620690E0,-2.043528E1,-1.903966E-1,1.069220E1,-7.600827E0,2.595796E1,-1.685202E1,1.970518E0,1.730182E1
1.655172E0,-2.045257E1,-1.881707E-1,1.073284E1,-7.592498E0,2.596774E1,-1.683795E1,1.948115E0,1.727510E1
1.689655E0,-2.043961E1,-1.419032E-1,1.074959E1,-7.584589E0,2.601278E1,-1.686727E1,1.973312E0,1.731103E1
1.724138E0,-2.043010E1,-1.548918E-1,1.073437E1,-7.565895E0,2.598589E1,-1.686930E1,1.962821E0,1.732504E1
1.758621E0,-2.043212E1,-1.892812E-1,1.074804E1,-7.565662E0,2.597613E1,-1.689927E1,1.962782E0,1.731771E1
1.793103E0,-2.046374E1,-1.946997E-1,1.078340E1,-7.543380E0,2.593972E1,-1.690942E1,1.957712E0,1.729423E1
1.827586E0,-2.047357E1,-2.150568E-1,1.077510E1,-7.543651E0,2.593310E1,-1.694638E1,1.977120E0,1.728443E1
1.862069E0,-2.050757E1,-1.970222E-1,1.073511E1,-7.550476E0,2.593152E1,-1.695058E1,1.984962E0,1.724272E1
1.896552E0,-2.050417E1,-1.409777E-1,1.073249E1,-7.552202E0,2.589006E1,-1.694661E1,1.973996E0,1.727119E1
1.931034E0,-2.051065E1,-1.564553E-1,1.073704E1,-7.545384E0,2.587672E1,-1.694681E1,1.997828E0,1.728576E1
1.965517E0,-2.052603E1,-1.573072E-1,1.072742E1,-7.553876E0,2.585141E1,-1.691936E1,2.005179E0,1.728910E1
2.000000E0,-2.054080E1,-1.856826E-1,1.071746E1,-7.515311E0,2.586018E1,-1.693638E1,1.991656E0,1.733039E1
2.034483E0,-2.055259E1,-2.054111E-1,1.070832E1,-7.513633E0,2.585858E1,-1.689480E1,1.962482E0,1.734451E1
2.068966E0,-2.055763E1,-2.228496E-1,1.068102E1,-7.526069E0,2.586278E1,-1.692733E1,1.918328E0,1.734150E1
2.103448E0,-2.053228E1,-2.309424E-1,1.065322E1,-7.510047E0,2.585733E1,-1.691761E1,1.866102E0,1.731652E1
2.137931E0,-2.054304E1,-2.404706E-1,1.070108E1,-7.485712E0,2.591902E1,-1.693003E1,1.828996E0,1.734906E1
2.172414E0,-2.056642E1,-2.403291E-1,1.070046E1,-7.481301E0,2.592060E1,-1.695186E1,1.819779E0,1.735002E1
2.206897E0,-2.055523E1,-2.059883E-1,1.071638E1,-7.513300E0,2.593181E1,-1.696172E1,1.837302E0,1.737173E1
2.241379E0,-2.055288E1,-2.038179E-1,1.068889E1,-7.491390E0,2.591589E1,-1.699999E1,1.799978E0,1.734745E1
2.275862E0,-2.053163E1,-1.741291E-1,1.067854E1,-7.483217E0,2.591327E1,-1.701811E1,1.788973E0,1.735441E1
2.310345E0,-2.050715E1,-1.894768E-1,1.067668E1,-7.463354E0,2.589192E1,-1.704077E1,1.756693E0,1.738122E1
2.344828E0,-2.048932E1,-1.692884E-1,1.066792E1,-7.426228E0,2.590357E1,-1.704658E1,1.737441E0,1.739340E1
2.379310E0,-2.052056E1,-1.528105E-1,1.068706E1,-7.414433E0,2.590447E1,-1.709159E1,1.781560E0,1.739655E1
2.413793E0,-2.053398E1,-1.342281E-1,1.070503E1,-7.400388E0,2.591766E1,-1.711390E1,1.814053E0,1.740190E1
2.448276E0,-2.054958E1,-1.035633E-1,1.068811E1,-7.391629E0,2.592772E1,-1.711575E1,1.819148E0,1.740960E1
2.482759E0,-2.054911E1,-9.305354E-2,1.067189E1,-7.413926E0,2.592350E1,-1.711546E1,1.852240E0,1.739351E1
2.517241E0,-2.054691E1,-1.111907E-1,1.067334E1,-7.440816E0,2.590560E1,-1.710847E1,1.871851E0,1.740486E1
2.551724E0,-2.052506E1,-7.586941E-2,1.070196E1,-7.407361E0,2.587153E1,-1.707353E1,1.889972E0,1.741566E1
2.586207E0,-2.052087E1,-8.496791E-2,1.073901E1,-7.476182E0,2.590967E1,-1.711563E1,1.898543E0,1.740169E1
2.620690E0,-2.047557E1,-6.691689E-2,1.074982E1,-7.503354E0,2.590606E1,-1.710984E1,1.905649E0,1.738951E1
2.655172E0,-2.046182E1,-3.534841E-2,1.073308E1,-7.449335E0,2.591826E1,-1.709882E1,1.888228E0,1.741070E1
2.689655E0,-2.045964E1,-5.565538E-2,1.072135E1,-7.527521E0,2.593553E1,-1.712577E1,1.832817E0,1.738142E1
2.724138E0,-2.042766E1,-7.639722E-2,1.074880E1,-7.545845E0,2.592351E1,-1.716286E1,1.808120E0,1.733339E1
2.758621E0,-2.045217E1,-7.041604E-2,1.074876E1,-7.527990E0,2.595988E1,-1.715940E1,1.807661E0,1.738769E1
2.793103E0,-2.049050E1,-3.610703E-2,1.079142E1,-7.548249E0,2.594406E1,-1.714781E1,1.826284E0,1.738038E1
2.827586E0,-2.048028E1,-5.215012E-2,1.077033E1,-7.608579E0,2.588320E1,-1.716398E1,1.832613E0,1.736832E1
2.862069E0,-2.047934E1,-4.915672E-3,1.078021E1,-7.607506E0,2.593154E1,-1.714302E1,1.868375E0,1.735947E1
2.896552E0,-2.049157E1,-3.403612E-2,1.077004E1,-7.620320E0,2.593332E1,-1.713243E1,1.850630E0,1.733846E1
2.931034E0,-2.049543E1,-3.975244E-2,1.072089E1,-7.662231E0,2.595737E1,-1.715131E1,1.862607E0,1.729819E1
2.965517E0,-2.046388E1,-4.570240E-2,1.069210E1,-7.650878E0,2.594946E1,-1.714285E1,1.835664E0,1.731127E1
3.000000E0,-2.047935E1,-2.015638E-2,1.068942E1,-7.626214E0,2.592930E1,-1.714971E1,1.838192E0,1.733105E1
3.034483E0,-2.047105E1,-3.513909E-2,1.070551E1,-7.615736E0,2.594654E1,-1.713976E1,1.827201E0,1.730269E1
3.068966E0,-2.046699E1,-5.448719E-2,1.071697E1,-7.583528E0,2.594564E1,-1.716233E1,1.807509E0,1.728054E1
3.103448E0,-2.046026E1,-8.592804E-3,1.071233E1,-7.603737E0,2.592145E1,-1.715068E1,1.798451E0,1.725337E1
3.137931E0,-2.043940E1,1.327194E-2,1.073076E1,-7.567619E0,2.592542E1,-1.712827E1,1.793920E0,1.726722E1
3.172414E0,-2.044025E1,-2.636999E-3,1.076691E1,-7.633722E0,2.594006E1,-1.713196E1,1.794165E0,1.730963E1
3.206897E0,-2.044435E1,7.385022E-3,1.072793E1,-7.654280E0,2.593994E1,-1.712324E1,1.764447E0,1.733754E1
3.241379E0,-2.047296E1,3.052682E-2,1.075865E1,-7.654610E0,2.597292E1,-1.713688E1,1.757942E0,1.733839E1
3.275862E0,-2.048698E1,4.315320E-2,1.075305E1,-7.669655E0,2.595232E1,-1.716847E1,1.731019E0,1.732609E1
3.310345E0,-2.044857E1,1.936752E-2,1.075887E1,-7.652106E0,2.595203E1,-1.712701E1,1.724286E0,1.732268E1
3.344828E0,-2.044393E1,8.137812E-3,1.077733E1,-7.715091E0,2.595825E1,-1.716455E1,1.766433E0,1.727391E1
3.379310E0,-2.042696E1,2.321588E-2,1.080362E1,-7.713079E0,2.598169E1,-1.715790E1,1.725235E0,1.728169E1
3.413793E0,-2.040947E1,5.127716E-2,1.083124E1,-7.682827E0,2.598232E1,-1.713257E1,1.741551E0,1.731187E1
3.448276E0,-2.037624E1,2.236518E-2,1.084450E1,-7.672075E0,2.598811E1,-1.714822E1,1.730144E0,1.729156E1
3.482759E0,-2.035176E1,1.181956E-2,1.085204E1,-7.676641E0,2.598295E1,-1.711331E1,1.679961E0,1.728243E1
3.517241E0,-2.032705E1,4.570465E-2,1.084134E1,-7.657302E0,2.599481E1,-1.707574E1,1.678351E0,1.730481E1
3.551724E0,-2.035425E1,4.940874E-2,1.084836E1,-7.709518E0,2.600271E1,-1.707574E1,1.651860E0,1.726380E1
3.586207E0,-2.037369E1,-5.623250E-3,1.085080E1,-7.743733E0,2.599203E1,-1.711636E1,1.644396E0,1.721142E1
3.620690E0,-2.036118E1,7.076205E-2,1.082801E1,-7.704156E0,2.599200E1,-1.708927E1,1.652967E0,1.722524E1
3.655172E0,-2.033526E1,9.570034E-2,1.081675E1,-7.699932E0,2.596803E1,-1.706387E1,1.707340E0,1.723557E1
3.689655E0,-2.031369E1,3.548475E-2,1.081780E1,-7.757029E0,2.599255E1,-1.714556E1,1.696879E0,1.715997E1
3.724138E0,-2.032028E1,4.527425E-2,1.083219E1,-7.775699E0,2.601987E1,-1.710264E1,1.666089E0,1.716098E1
3.758621E0,-2.030615E1,6.270142E-2,1.083609E1,-7.750969E0,2.606892E1,-1.703656E1,1.646540E0,1.718957E1
3.793103E0,-2.031487E1,3.921374E-2,1.085075E1,-7.790427E0,2.610819E1,-1.706150E1,1.657135E0,1.716293E1
3.827586E0,-2.032242E1,6.230581E-2,1.085353E1,-7.819169E0,2.611453E1,-1.706040E1,1.657652E0,1.716201E1
3.862069E0,-2.030443E1,9.586359E-2,1.083295E1,-7.773352E0,2.608261E1,-1.706237E1,1.611388E0,1.718165E1
3.896552E0,-2.030557E1,8.527900E-2,1.079682E1,-7.783151E0,2.613161E1,-1.703650E1,1.634246E0,1.717377E1
3.931034E0,-2.030024E1,1.133061E-1,1.079755E1,-7.816743E0,2.610745E1,-1.706461E1,1.628990E0,1.711720E1
3.965517E0,-2.031560E1,1.524686E-1,1.079657E1,-7.770485E0,2.613152E1,-1.704785E1,1.629698E0,1.712922E1
4.000000E0,-2.030958E1,1.398606E-1,1.079084E1,-7.752569E0,2.611391E1,-1.705632E1,1.635444E0,1.712570E1
4.034483E0,-2.029309E1,1.126597E-1,1.078967E1,-7.764244E0,2.612051E1,-1.710199E1,1.638742E0,1.712068E1
4.068966E0,-2.028832E1,1.409904E-1,1.081731E1,-7.758406E0,2.615385E1,-1.710206E1,1.647534E0,1.718408E1
4.103448E0,-2.027156E1,1.252803E-1,,,2.614109E1,-1.712776E1,1.683150E0,1.720935E1
