#multi:
,mass A,,mass B,,mass C,,mass D,,mass E,,
t,x,y,x,y,x,y,x,y,x,y,
0.000000E0,3.383475E1,1.082025E1,-1.938230E1,3.047490E1,-2.167485E1,-1.580100E1,-3.213443E1,1.167900E1,-4.014982E0,-3.276918E1
3.448276E-2,3.384515E1,1.077406E1,-1.938194E1,3.044274E1,-2.166941E1,-1.584754E1,-3.212651E1,1.165742E1,-3.992602E0,-3.280049E1
6.896552E-2,3.383682E1,1.081162E1,-1.937172E1,3.055152E1,-2.166894E1,-1.580297E1,-3.213458E1,1.174451E1,-3.959716E0,-3.269782E1
1.034483E-1,3.381697E1,1.079886E1,-1.941600E1,3.050479E1,-2.166738E1,-1.585926E1,-3.213370E1,1.168732E1,-3.950835E0,-3.278049E1
1.379310E-1,3.386139E1,1.077603E1,-1.941105E1,3.042945E1,-2.167468E1,-1.588876E1,-3.216329E1,1.165679E1,-3.963216E0,-3.279853E1
1.724138E-1,3.384820E1,1.078882E1,-1.935413E1,3.047694E1,-2.171004E1,-1.584117E1,-3.211021E1,1.172778E1,-3.918620E0,-3.271793E1
2.068966E-1,3.381489E1,1.083418E1,-1.935418E1,3.051354E1,-2.173443E1,-1.587158E1,-3.215178E1,1.171770E1,-3.948022E0,-3.268958E1
2.413793E-1,3.382045E1,1.084688E1,-1.938933E1,3.051269E1,-2.173193E1,-1.587395E1,-3.215832E1,1.172719E1,-3.954668E0,-3.269244E1
2.758621E-1,3.384942E1,1.082509E1,-1.939820E1,3.059544E1,-2.174100E1,-1.585729E1,-3.213478E1,1.175040E1,-3.924771E0,-3.267957E1
3.103448E-1,3.382003E1,1.076506E1,-1.937304E1,3.062663E1,-2.175277E1,-1.586486E1,-3.214180E1,1.174903E1,-3.931383E0,-3.272122E1
3.448276E-1,3.381557E1,1.073399E1,-1.934071E1,3.060907E1,-2.177106E1,-1.586393E1,-3.213431E1,1.173634E1,-3.913057E0,-3.274885E1
3.793103E-1,3.380152E1,1.076727E1,-1.931185E1,3.059989E1,-2.172242E1,-1.585480E1,-3.210326E1,1.174452E1,-3.933640E0,-3.278013E1
4.137931E-1,3.383619E1,1.075843E1,-1.932800E1,3.062736E1,-2.175003E1,-1.585070E1,-3.214965E1,1.175169E1,-3.901707E0,-3.276302E1
4.482759E-1,3.388943E1,1.074717E1,-1.931756E1,3.063443E1,-2.172823E1,-1.587809E1,-3.212255E1,1.174063E1,-3.851367E0,-3.277333E1
4.827586E-1,3.389526E1,1.075304E1,-1.929703E1,3.060572E1,-2.172942E1,-1.585095E1,-3.212676E1,1.174969E1,-3.841544E0,-3.279726E1
5.172414E-1,3.386495E1,1.071045E1,-1.932969E1,3.059792E1,-2.172901E1,-1.588775E1,-3.213474E1,1.172783E1,-3.804692E0,-3.281703E1
5.517241E-1,3.383983E1,1.068170E1,-1.928084E1,3.055636E1,-2.175144E1,-1.585964E1,-3.212401E1,1.174879E1,-3.810538E0,-3.283864E1
5.862069E-1,3.385085E1,1.069800E1,-1.930086E1,3.053744E1,-2.173835E1,-1.579570E1,-3.214708E1,1.180750E1,-3.803359E0,-3.280411E1
6.206897E-1,3.381764E1,1.070109E1,-1.935624E1,3.047951E1,-2.169960E1,-1.581150E1,-3.213909E1,1.183002E1,-3.793666E0,-3.284065E1
6.551724E-1,3.386273E1,1.064676E1,-1.944490E1,3.048148E1,-2.169407E1,-1.588811E1,-3.213116E1,1.179249E1,-3.808521E0,-3.286847E1
6.896552E-1,3.384140E1,1.062812E1,-1.945626E1,3.050367E1,-2.168063E1,-1.586569E1,-3.212557E1,1.182823E1,-3.800414E0,-3.280563E1
7.241379E-1,3.386260E1,1.068640E1,-1.942229E1,3.050039E1,-2.165063E1,-1.583116E1,-3.208728E1,1.183290E1,-3.771427E0,-3.281087E1
7.586207E-1,3.379987E1,1.068439E1,-1.943579E1,3.037839E1,-2.166242E1,-1.586519E1,-3.204006E1,1.172090E1,-3.750300E0,-3.285742E1
7.931034E-1,3.376289E1,1.069345E1,-1.943740E1,3.039144E1,-2.167187E1,-1.587789E1,-3.202946E1,1.172353E1,-3.718528E0,-3.288367E1
8.275862E-1,3.378092E1,1.077333E1,-1.940156E1,3.042695E1,-2.165207E1,-1.581272E1,-3.201035E1,1.179944E1,-3.720650E0,-3.283038E1
8.620690E-1,3.376776E1,1.071026E1,-1.938318E1,3.038224E1,-2.169683E1,-1.585041E1,-3.199705E1,1.179484E1,-3.743859E0,-3.285794E1
8.965517E-1,3.374555E1,1.064120E1,-1.932967E1,3.033090E1,-2.168623E1,-1.589713E1,-3.199999E1,1.180894E1,-3.744047E0,-3.286802E1
9.310345E-1,3.378798E1,1.063162E1,-1.930018E1,3.039270E1,-2.162665E1,-1.581144E1,-3.199722E1,1.186870E1,-3.739294E0,-3.278544E1
9.655172E-1,3.375857E1,1.060917E1,-1.933625E1,3.037066E1,-2.160870E1,-1.580893E1,-3.199383E1,1.187907E1,-3.704364E0,-3.278025E1
1.000000E0,3.377202E1,1.056861E1,-1.932231E1,3.029917E1,-2.163529E1,-1.583379E1,-3.200530E1,1.183858E1,-3.689667E0,-3.281836E1
1.034483E0,3.377005E1,1.060556E1,-1.931275E1,3.030677E1,-2.160685E1,-1.574496E1,-3.200943E1,1.183840E1,-3.673000E0,-3.281784E1
1.068966E0,3.381071E1,1.065897E1,-1.932292E1,3.031707E1,-2.163380E1,-1.575811E1,-3.197974E1,1.180982E1,-3.677425E0,-3.280415E1
1.103448E0,3.382549E1,1.064376E1,-1.932537E1,3.034260E1,-2.159739E1,-1.582125E1,-3.199462E1,1.176830E1,-3.690389E0,-3.283486E1
1.137931E0,3.385879E1,1.064112E1,-1.930570E1,3.033395E1,-2.159392E1,-1.580302E1,-3.198750E1,1.173755E1,-3.643477E0,-3.285635E1
1.172414E0,3.383445E1,1.060408E1,-1.930174E1,3.035648E1,-2.157029E1,-1.584716E1,-3.200873E1,1.173894E1,-3.651976E0,-3.281422E1
1.206897E0,3.385745E1,1.061972E1,-1.932917E1,3.035187E1,-2.152361E1,-1.590027E1,-3.198025E1,1.172647E1,-3.677488E0,-3.283833E1
1.241379E0,3.387516E1,1.063548E1,-1.934440E1,3.034116E1,-2.154162E1,-1.591441E1,-3.198438E1,1.170806E1,-3.653026E0,-3.285398E1
1.275862E0,3.395563E1,1.064712E1,-1.931424E1,3.037492E1,-2.153287E1,-1.593563E1,-3.200879E1,1.169465E1,-3.643368E0,-3.281455E1
1.310345E0,3.394904E1,1.060797E1,-1.929763E1,3.040740E1,-2.153354E1,-1.593336E1,-3.195552E1,1.164497E1,-3.689736E0,-3.283875E1
1.344828E0,3.396943E1,1.064030E1,-1.935637E1,3.038491E1,-2.153057E1,-1.597794E1,-3.191281E1,1.165492E1,-3.686535E0,-3.281659E1
1.379310E0,3.395450E1,1.069037E1,-1.936860E1,3.045134E1,-2.153513E1,-1.598372E1,-3.190958E1,1.168919E1,-3.646689E0,-3.279029E1
1.413793E0,3.398993E1,1.069883E1,-1.937639E1,3.045953E1,-2.154999E1,-1.600915E1,-3.193680E1,1.165089E1,-3.687716E0,-3.278694E1
1.448276E0,3.397611E1,1.067882E1,-1.939528E1,3.045379E1,-2.154250E1,-1.603326E1,-3.191354E1,1.167566E1,-3.644595E0,-3.277150E1
1.482759E0,3.402119E1,1.071715E1,-1.934881E1,3.049597E1,-2.151647E1,-1.599062E1,-3.192562E1,1.171007E1,-3.664236E0,-3.275101E1
1.517241E0,3.404132E1,1.066872E1,-1.937472E1,3.049319E1,-2.157838E1,-1.599868E1,-3.192137E1,1.165397E1,-3.707524E0,-3.275870E1
1.551724E0,3.403130E1,1.066322E1,-1.940911E1,3.043770E1,-2.162279E1,-1.599882E1,-3.190712E1,1.166177E1,-3.715121E0,-3.279928E1
1.586207E0,3.403939E1,1.071319E1,-1.937098E1,3.042146E1,-2.157510E1,-1.603550E1,-3.194874E1,1.167455E1,-3.733806E0,-3.276915E1
1.620690E0,3.403786E1,1.068122E1,-1.941318E1,3.041673E1,-2.161914E1,-1.598300E1,-3.191056E1,1.164817E1,-3.762692E0,-3.278066E1
1.655172E0,3.400993E1,1.066284E1,-1.937154E1,3.039369E1,-2.157020E1,-1.601812E1,-3.192217E1,1.160500E1,-3.765389E0,-3.276957E1
1.689655E0,3.410404E1,1.068014E1,-1.937565E1,3.041480E1,-2.155993E1,-1.599450E1,-3.191798E1,1.162526E1,-3.737649E0,-3.279637E1
1.724138E0,3.413516E1,1.067831E1,-1.936795E1,3.038484E1,-2.153364E1,-1.597776E1,-3.192162E1,1.160825E1,-3.708581E0,-3.282849E1
1.758621E0,3.410213E1,1.070410E1,-1.936121E1,3.038337E1,-2.151361E1,-1.597819E1,-3.193076E1,1.160718E1,-3.738637E0,-3.284043E1
1.793103E0,3.412792E1,1.073531E1,-1.938123E1,3.041565E1,-2.149928E1,-1.596982E1,-3.192038E1,1.160186E1,-3.704506E0,-3.283854E1
1.827586E0,3.407114E1,1.074203E1,-1.938057E1,3.039643E1,-2.144443E1,-1.594814E1,-3.190934E1,1.159152E1,-3.637374E0,-3.284762E1
1.862069E0,3.400547E1,1.078841E1,-1.933452E1,3.037790E1,-2.145155E1,-1.597510E1,-3.191443E1,1.165227E1,-3.656454E0,-3.283482E1
1.896552E0,3.395661E1,1.083135E1,-1.928103E1,3.040892E1,-2.144094E1,-1.600552E1,-3.190975E1,1.168694E1,-3.602355E0,-3.285118E1
1.931034E0,3.401482E1,1.078675E1,-1.928626E1,3.039690E1,-2.148468E1,-1.601336E1,-3.192085E1,1.166795E1,-3.619010E0,-3.280129E1
1.965517E0,3.404819E1,1.075445E1,-1.931611E1,3.037359E1,-2.147756E1,-1.605840E1,-3.191851E1,1.165592E1,-3.597867E0,-3.278707E1
2.000000E0,3.404659E1,1.081091E1,-1.929633E1,3.039317E1,-2.146914E1,-1.605787E1,-3.192046E1,1.166466E1,-3.613706E0,-3.280032E1
2.034483E0,3.409389E1,1.084656E1,-1.930279E1,3.042252E1,-2.146939E1,-1.606081E1,-3.191530E1,1.167615E1,-3.584255E0,-3.278862E1
2.068966E0,3.411614E1,1.082367E1,-1.933423E1,3.041028E1,-2.148039E1,-1.606555E1,-3.195292E1,1.165133E1,-3.576387E0,-3.277345E1
2.103448E0,3.411517E1,1.078091E1,-1.932910E1,3.039570E1,-2.146695E1,-1.607262E1,-3.191619E1,1.163795E1,-3.607760E0,-3.278670E1
2.137931E0,3.411801E1,1.078140E1,-1.929327E1,3.040959E1,-2.149103E1,-1.604542E1,-3.194200E1,1.159958E1,-3.587314E0,-3.274200E1
2.172414E0,3.409789E1,1.073738E1,-1.932132E1,3.037509E1,-2.147667E1,-1.608010E1,-3.191717E1,1.158541E1,-3.570306E0,-3.280747E1
2.206897E0,3.412137E1,1.072170E1,-1.929382E1,3.040656E1,-2.147769E1,-1.607204E1,-3.188691E1,1.159693E1,-3.551704E0,-3.284558E1
2.241379E0,3.410229E1,1.075307E1,-1.926320E1,3.041618E1,-2.144036E1,-1.608604E1,-3.186323E1,1.163127E1,-3.553994E0,-3.285542E1
2.275862E0,3.413420E1,1.073671E1,-1.923879E1,3.039851E1,-2.144835E1,-1.607303E1,-3.185207E1,1.159618E1,-3.545465E0,-3.287253E1
2.310345E0,3.409850E1,1.075287E1,-1.925396E1,3.040562E1,-2.148725E1,-1.607772E1,-3.186429E1,1.164409E1,-3.537307E0,-3.291835E1
2.344828E0,3.411758E1,1.078444E1,-1.928350E1,3.041166E1,-2.152998E1,-1.600020E1,-3.182840E1,1.163667E1,-3.552517E0,-3.286297E1
2.379310E0,3.409882E1,1.074148E1,-1.933358E1,3.037628E1,-2.153455E1,-1.599500E1,-3.186319E1,1.159516E1,-3.530353E0,-3.286867E1
2.413793E0,3.409685E1,1.073252E1,-1.931845E1,3.039063E1,-2.157831E1,-1.604293E1,-3.185617E1,1.157470E1,-3.527234E0,-3.287839E1
2.448276E0,3.416651E1,1.077024E1,-1.928356E1,3.043284E1,-2.158879E1,-1.605983E1,-3.187139E1,1.154154E1,-3.523227E0,-3.288557E1
2.482759E0,3.420694E1,1.072057E1,-1.934902E1,3.037001E1,-2.159925E1,-1.606449E1,-3.183313E1,1.153449E1,-3.535682E0,-3.289328E1
2.517241E0,3.419352E1,1.073475E1,-1.937723E1,3.032824E1,-2.159728E1,-1.606346E1,-3.183884E1,1.153192E1,-3.547515E0,-3.290666E1
2.551724E0,3.421319E1,1.070464E1,-1.939676E1,3.033105E1,-2.161834E1,-1.602525E1,-3.187496E1,1.155759E1,-3.558995E0,-3.287965E1
2.586207E0,3.428849E1,1.063897E1,-1.938965E1,3.033609E1,-2.160374E1,-1.600907E1,-3.183764E1,1.154675E1,-3.484070E0,-3.290961E1
2.620690E0,3.429677E1,1.056928E1,-1.936490E1,3.032825E1,-2.159114E1,-1.603281E1,-3.182074E1,1.151819E1,-3.513857E0,-3.290223E1
2.655172E0,3.430569E1,1.057086E1,-1.938336E1,3.031549E1,-2.160001E1,-1.601389E1,-3.177848E1,1.152001E1,-3.533542E0,-3.289596E1
2.689655E0,3.431324E1,1.057291E1,-1.938390E1,3.030657E1,-2.161147E1,-1.600119E1,-3.177172E1,1.155716E1,-3.533565E0,-3.290244E1
2.724138E0,3.432726E1,1.054736E1,-1.937389E1,3.032340E1,-2.156593E1,-1.598822E1,-3.178635E1,1.155330E1,-3.544130E0,-3.290620E1
2.758621E0,3.432163E1,1.056059E1,-1.941363E1,3.031860E1,-2.148982E1,-1.601602E1,-3.180586E1,1.152049E1,-3.532768E0,-3.286308E1
2.793103E0,3.432932E1,1.055738E1,-1.942286E1,3.033322E1,-2.144135E1,-1.602822E1,-3.177318E1,1.148981E1,-3.534096E0,-3.284507E1
2.827586E0,3.431195E1,1.058420E1,-1.941463E1,3.037344E1,-2.148067E1,-1.601004E1,-3.179064E1,1.149749E1,-3.524827E0,-3.280649E1
2.862069E0,3.430363E1,1.058168E1,-1.934718E1,3.041697E1,-2.145081E1,-1.600444E1,-3.178782E1,1.147017E1,-3.521996E0,-3.282145E1
2.896552E0,3.432686E1,1.059135E1,-1.934858E1,3.044530E1,-2.143889E1,-1.599523E1,-3.176562E1,1.147878E1,-3.525385E0,-3.282112E1
2.931034E0,3.435866E1,1.062504E1,-1.936236E1,3.046378E1,-2.145563E1,-1.602012E1,-3.177130E1,1.148797E1,-3.528565E0,-3.289202E1
2.965517E0,3.435755E1,1.061366E1,-1.936390E1,3.047907E1,-2.146913E1,-1.605923E1,-3.179642E1,1.146617E1,-3.534652E0,-3.294971E1
3.000000E0,3.432974E1,1.055296E1,-1.934494E1,3.046665E1,-2.145427E1,-1.607604E1,-3.180839E1,1.144103E1,-3.566145E0,-3.297729E1
3.034483E0,3.432375E1,1.056963E1,-1.932060E1,3.048104E1,-2.146741E1,-1.606517E1,-3.180960E1,1.148250E1,-3.492269E0,-3.299312E1
3.068966E0,3.432633E1,1.056710E1,-1.932020E1,3.043224E1,-2.147548E1,-1.609942E1,-3.177833E1,1.149739E1,-3.478151E0,-3.299690E1
3.103448E0,3.430089E1,1.054220E1,-1.934116E1,3.042590E1,-2.145738E1,-1.607152E1,-3.178408E1,1.146230E1,-3.482703E0,-3.297411E1
3.137931E0,3.432215E1,1.056249E1,-1.931795E1,3.040501E1,-2.142926E1,-1.605881E1,-3.177307E1,1.149209E1,-3.436918E0,-3.297314E1
3.172414E0,3.430831E1,1.058370E1,-1.931094E1,3.040105E1,-2.142059E1,-1.608340E1,-3.176320E1,1.149935E1,-3.445378E0,-3.299693E1
3.206897E0,3.431623E1,1.061736E1,-1.929193E1,3.037992E1,-2.139658E1,-1.609141E1,-3.175304E1,1.145697E1,-3.449808E0,-3.302712E1
3.241379E0,3.430806E1,1.061623E1,-1.928964E1,3.040419E1,-2.144333E1,-1.611192E1,-3.168111E1,1.150531E1,-3.464495E0,-3.300826E1
3.275862E0,3.432055E1,1.064918E1,-1.930870E1,3.042381E1,-2.148592E1,-1.613085E1,-3.160900E1,1.150029E1,-3.478551E0,-3.297110E1
3.310345E0,3.434226E1,1.068724E1,-1.933077E1,3.036901E1,-2.146822E1,-1.617705E1,-3.159716E1,1.143094E1,-3.471243E0,-3.298737E1
3.344828E0,3.432266E1,1.067001E1,-1.929626E1,3.033447E1,-2.145666E1,-1.612353E1,-3.159342E1,1.141632E1,-3.454483E0,-3.299562E1
3.379310E0,3.433199E1,1.069748E1,-1.931112E1,3.038704E1,-2.146997E1,-1.613954E1,-3.158450E1,1.143552E1,-3.471507E0,-3.297841E1
3.413793E0,3.432447E1,1.068553E1,-1.927704E1,3.040466E1,-2.145103E1,-1.615768E1,-3.158149E1,1.142263E1,-3.489985E0,-3.302138E1
3.448276E0,3.429365E1,1.065100E1,-1.922039E1,3.041230E1,-2.145914E1,-1.612621E1,-3.160361E1,1.140907E1,-3.484394E0,-3.306515E1
3.482759E0,3.430921E1,1.066922E1,-1.926686E1,3.040533E1,-2.146307E1,-1.613048E1,-3.158497E1,1.142654E1,-3.436330E0,-3.303361E1
3.517241E0,3.435873E1,1.066715E1,-1.926365E1,3.040208E1,-2.146498E1,-1.612949E1,-3.159965E1,1.137845E1,-3.444829E0,-3.302547E1
3.551724E0,3.437990E1,1.070436E1,-1.925779E1,3.039206E1,-2.150099E1,-1.611308E1,-3.163094E1,1.146141E1,-3.480451E0,-3.308898E1
3.586207E0,3.441505E1,1.069367E1,-1.925727E1,3.038758E1,-2.145666E1,-1.609996E1,-3.165606E1,1.150724E1,-3.475406E0,-3.308155E1
3.620690E0,3.438707E1,1.066875E1,-1.922500E1,3.038456E1,-2.148318E1,-1.603966E1,-3.160896E1,1.151293E1,-3.466451E0,-3.312126E1
3.655172E0,3.440747E1,1.070580E1,-1.923474E1,3.041154E1,-2.146199E1,-1.601623E1,-3.154315E1,1.155979E1,-3.497428E0,-3.310623E1
3.689655E0,3.439932E1,1.063120E1,-1.923284E1,3.039248E1,-2.150293E1,-1.603276E1,-3.151229E1,1.152664E1,-3.488796E0,-3.314663E1
3.724138E0,3.438354E1,1.060467E1,-1.924899E1,3.039258E1,-2.151194E1,-1.603514E1,-3.153018E1,1.152744E1,-3.442318E0,-3.311653E1
3.758621E0,3.439325E1,1.062044E1,-1.925834E1,3.044961E1,-2.154108E1,-1.597934E1,-3.152400E1,1.155616E1,-3.451067E0,-3.307345E1
3.793103E0,3.440023E1,1.061538E1,-1.925246E1,3.042648E1,-2.152950E1,-1.598290E1,-3.151326E1,1.155183E1,-3.493827E0,-3.305863E1
3.827586E0,3.439487E1,1.058916E1,-1.921511E1,3.038586E1,-2.153397E1,-1.601792E1,-3.152204E1,1.153568E1,-3.486176E0,-3.305469E1
3.862069E0,3.439101E1,1.063690E1,-1.924412E1,3.040072E1,-2.152091E1,-1.598986E1,-3.154126E1,1.157943E1,-3.456194E0,-3.303172E1
3.896552E0,3.436628E1,1.065005E1,-1.922433E1,3.038275E1,-2.157180E1,-1.601054E1,-3.151532E1,1.160448E1,-3.453783E0,-3.303970E1
3.931034E0,3.440323E1,1.069957E1,-1.923680E1,3.036686E1,-2.156242E1,-1.599550E1,-3.151880E1,1.158752E1,-3.436832E0,-3.305339E1
3.965517E0,3.445950E1,1.066091E1,-1.924229E1,3.036308E1,-2.154747E1,-1.598924E1,-3.149934E1,1.161840E1,-3.445282E0,-3.302022E1
4.000000E0,3.445041E1,1.069303E1,-1.925275E1,3.037492E1,-2.151333E1,-1.601702E1,-3.153117E1,1.164111E1,-3.484013E0,-3.303142E1
4.034483E0,3.446354E1,1.064307E1,-1.927201E1,3.037309E1,-2.153757E1,-1.601833E1,-3.149230E1,1.161531E1,-3.482424E0,-3.304425E1
4.068966E0,3.445830E1,1.063033E1,-1.924543E1,3.039700E1,-2.150633E1,-1.599999E1,-3.150399E1,1.161464E1,-3.432492E0,-3.307489E1
4.103448E0,3.442920E1,1.062681E1,-1.924954E1,3.042055E1,-2.153103E1,-1.599961E1,-3.151059E1,1.160913E1,-3.437359E0,-3.303272E1
