#multi:
,mass A,,mass B,,mass C,,mass D,,
t,x,y,x,y,x,y,x,y,
0.000000E0,-2.451669E1,-2.390931E0,-2.547033E1,1.572290E1,2.577000E1,2.928891E1,6.354750E-1,-2.255078E1
3.448276E-2,-2.451178E1,-2.344912E0,-2.545680E1,1.575690E1,2.576508E1,2.934634E1,6.685749E-1,-2.255304E1
6.896552E-2,-2.451655E1,-2.257314E0,-2.549157E1,1.572872E1,2.580149E1,2.941562E1,6.223126E-1,-2.251253E1
1.034483E-1,-2.450693E1,-2.302504E0,-2.548124E1,1.572593E1,2.578073E1,2.937651E1,6.335329E-1,-2.252213E1
1.379310E-1,-2.452921E1,-2.370652E0,-2.540707E1,1.570580E1,2.578148E1,2.931590E1,6.853710E-1,-2.254243E1
1.724138E-1,-2.452834E1,-2.287883E0,-2.544666E1,1.580778E1,2.579551E1,2.933350E1,6.725476E-1,-2.249640E1
2.068966E-1,-2.456423E1,-2.343973E0,-2.544047E1,1.578211E1,2.578843E1,2.938993E1,6.949276E-1,-2.249682E1
2.413793E-1,-2.455121E1,-2.486244E0,-2.551540E1,1.573626E1,2.577884E1,2.926372E1,7.158590E-1,-2.256096E1
2.758621E-1,-2.461961E1,-2.459930E0,-2.552058E1,1.577413E1,2.574195E1,2.928015E1,6.798843E-1,-2.255804E1
3.103448E-1,-2.459638E1,-2.355591E0,-2.552757E1,1.587303E1,2.578868E1,2.930743E1,7.059158E-1,-2.250687E1
3.448276E-1,-2.463379E1,-2.311600E0,-2.555358E1,1.584734E1,2.576166E1,2.931803E1,6.822139E-1,-2.244704E1
3.793103E-1,-2.466464E1,-2.387946E0,-2.551905E1,1.588876E1,2.582823E1,2.928737E1,6.667903E-1,-2.246908E1
4.137931E-1,-2.460429E1,-2.339093E0,-2.556740E1,1.595475E1,2.582425E1,2.931844E1,6.242573E-1,-2.245415E1
4.482759E-1,-2.459769E1,-2.373499E0,-2.559456E1,1.601661E1,2.587932E1,2.930432E1,6.163517E-1,-2.246267E1
4.827586E-1,-2.459225E1,-2.361104E0,-2.554959E1,1.598572E1,2.591680E1,2.920030E1,6.367801E-1,-2.251135E1
5.172414E-1,-2.462522E1,-2.398639E0,-2.552850E1,1.597009E1,2.595190E1,2.923553E1,6.414298E-1,-2.248798E1
5.517241E-1,-2.466423E1,-2.282145E0,-2.553298E1,1.610357E1,2.600556E1,2.927375E1,6.325367E-1,-2.242771E1
5.862069E-1,-2.461346E1,-2.250933E0,-2.553493E1,1.615673E1,2.596329E1,2.924559E1,6.073279E-1,-2.243932E1
6.206897E-1,-2.453295E1,-2.291532E0,-2.546879E1,1.616316E1,2.594927E1,2.913778E1,6.581536E-1,-2.240911E1
6.551724E-1,-2.452772E1,-2.266166E0,-2.545670E1,1.614623E1,2.595671E1,2.921071E1,6.914358E-1,-2.238330E1
6.896552E-1,-2.455176E1,-2.270007E0,-2.551200E1,1.619648E1,2.599079E1,2.922019E1,6.870837E-1,-2.238222E1
7.241379E-1,-2.462349E1,-2.282162E0,-2.559145E1,1.618509E1,2.599956E1,2.917915E1,6.862926E-1,-2.247437E1
7.586207E-1,-2.466099E1,-2.216622E0,-2.566027E1,1.616623E1,2.601020E1,2.909829E1,7.270254E-1,-2.251696E1
7.931034E-1,-2.468968E1,-2.176695E0,-2.562740E1,1.614845E1,2.600984E1,2.916751E1,7.209690E-1,-2.252935E1
8.275862E-1,-2.467025E1,-2.226839E0,-2.564309E1,1.609089E1,2.602114E1,2.916466E1,6.674251E-1,-2.253669E1
8.620690E-1,-2.464204E1,-2.267375E0,-2.571291E1,1.611188E1,2.603382E1,2.917715E1,6.432241E-1,-2.256157E1
8.965517E-1,-2.467184E1,-2.263896E0,-2.570083E1,1.619707E1,2.603890E1,2.915188E1,6.502438E-1,-2.253620E1
9.310345E-1,-2.469343E1,-2.314421E0,-2.569456E1,1.622444E1,2.603267E1,2.912497E1,6.303547E-1,-2.258058E1
9.655172E-1,-2.471390E1,-2.339591E0,-2.567530E1,1.616128E1,2.603497E1,2.913767E1,6.191312E-1,-2.257460E1
1.000000E0,-2.476499E1,-2.310467E0,-2.570238E1,1.614561E1,2.606181E1,2.915048E1,6.540509E-1,-2.253235E1
1.034483E0,-2.481904E1,-2.252485E0,-2.568513E1,1.612463E1,2.604591E1,2.916799E1,6.594458E-1,-2.252825E1
1.068966E0,-2.472202E1,-2.265524E0,-2.565526E1,1.611986E1,2.608662E1,2.918024E1,6.379804E-1,-2.254077E1
1.103448E0,-2.475618E1,-2.277740E0,-2.563393E1,1.607851E1,2.614901E1,2.916271E1,6.124712E-1,-2.257893E1
1.137931E0,-2.470020E1,-2.294656E0,-2.559952E1,1.606484E1,2.617946E1,2.920513E1,6.376665E-1,-2.254483E1
1.172414E0,-2.470493E1,-2.331218E0,-2.563711E1,1.606026E1,2.619045E1,2.920214E1,6.352923E-1,-2.256537E1
1.206897E0,-2.470299E1,-2.352925E0,-2.561832E1,1.607394E1,2.621114E1,2.921082E1,6.600327E-1,-2.257268E1
1.241379E0,-2.475847E1,-2.230232E0,-2.559730E1,1.611755E1,2.619857E1,2.922903E1,6.235396E-1,-2.253800E1
1.275862E0,-2.481215E1,-2.206725E0,-2.566124E1,1.609546E1,2.615496E1,2.922720E1,6.235498E-1,-2.257938E1
1.310345E0,-2.479908E1,-2.199802E0,-2.563338E1,1.603887E1,2.616686E1,2.914369E1,6.443583E-1,-2.258752E1
1.344828E0,-2.481868E1,-2.173061E0,-2.558461E1,1.609987E1,2.616517E1,2.914494E1,6.631079E-1,-2.260461E1
1.379310E0,-2.486752E1,-2.165838E0,-2.558990E1,1.598819E1,2.618513E1,2.914090E1,6.181675E-1,-2.253806E1
1.413793E0,-2.489209E1,-2.213461E0,-2.560986E1,1.600738E1,2.621211E1,2.915111E1,6.137922E-1,-2.250593E1
1.448276E0,-2.484216E1,-2.225315E0,-2.554047E1,1.597657E1,2.613528E1,2.916305E1,6.100615E-1,-2.250586E1
1.482759E0,-2.484204E1,-2.195858E0,-2.554307E1,1.595661E1,2.608695E1,2.920459E1,6.267441E-1,-2.250009E1
1.517241E0,-2.482900E1,-2.174563E0,-2.549134E1,1.593501E1,2.614960E1,2.920256E1,6.238007E-1,-2.248996E1
1.551724E0,-2.486047E1,-2.208942E0,-2.544022E1,1.592025E1,2.612553E1,2.917761E1,6.815586E-1,-2.250249E1
1.586207E0,-2.485943E1,-2.253794E0,-2.547203E1,1.593502E1,2.612053E1,2.919497E1,6.764221E-1,-2.248963E1
1.620690E0,-2.485800E1,-2.188521E0,-2.547376E1,1.600695E1,2.607615E1,2.924511E1,7.291505E-1,-2.247299E1
1.655172E0,-2.492289E1,-2.179654E0,-2.550624E1,1.600768E1,2.598303E1,2.919369E1,6.800249E-1,-2.251043E1
1.689655E0,-2.487847E1,-2.134452E0,-2.554456E1,1.598248E1,2.596085E1,2.923657E1,6.598780E-1,-2.251721E1
1.724138E0,-2.489003E1,-2.100934E0,-2.556239E1,1.604010E1,2.601010E1,2.925935E1,5.935266E-1,-2.255258E1
1.758621E0,-2.483463E1,-2.128348E0,-2.553417E1,1.609008E1,2.598914E1,2.930784E1,5.555813E-1,-2.252031E1
1.793103E0,-2.486763E1,-2.056785E0,-2.555452E1,1.608038E1,2.595066E1,2.926533E1,6.379473E-1,-2.255724E1
1.827586E0,-2.481604E1,-2.079959E0,-2.550226E1,1.606952E1,2.597368E1,2.931988E1,6.311140E-1,-2.255333E1
1.862069E0,-2.474569E1,-1.963497E0,-2.545468E1,1.615355E1,2.603299E1,2.929885E1,5.914331E-1,-2.249913E1
1.896552E0,-2.471764E1,-1.935737E0,-2.545839E1,1.617656E1,2.602367E1,2.926275E1,5.860367E-1,-2.251099E1
1.931034E0,-2.477112E1,-1.861592E0,-2.551383E1,1.619934E1,2.602664E1,2.924281E1,5.918754E-1,-2.248294E1
1.965517E0,-2.484244E1,-1.793491E0,-2.556083E1,1.624018E1,2.601217E1,2.927403E1,5.624001E-1,-2.240905E1
2.000000E0,-2.489390E1,-1.737932E0,-2.553068E1,1.630200E1,2.606231E1,2.929924E1,5.401402E-1,-2.238884E1
2.034483E0,-2.488076E1,-1.710682E0,-2.550065E1,1.624837E1,2.603230E1,2.925229E1,5.766916E-1,-2.246262E1
2.068966E0,-2.487687E1,-1.637459E0,-2.549182E1,1.628135E1,2.605301E1,2.925424E1,5.703773E-1,-2.249164E1
2.103448E0,-2.485586E1,-1.643656E0,-2.545182E1,1.628328E1,2.605948E1,2.930357E1,6.243266E-1,-2.245119E1
2.137931E0,-2.490777E1,-1.673203E0,-2.540189E1,1.627279E1,2.602877E1,2.929849E1,6.228088E-1,-2.253102E1
2.172414E0,-2.493024E1,-1.748534E0,-2.543555E1,1.627157E1,2.601283E1,2.932676E1,6.551467E-1,-2.257609E1
2.206897E0,-2.490983E1,-1.772568E0,-2.536779E1,1.628484E1,2.595348E1,2.938573E1,5.930142E-1,-2.252696E1
2.241379E0,-2.491996E1,-1.798408E0,-2.541846E1,1.632650E1,2.599302E1,2.933199E1,5.752102E-1,-2.254202E1
2.275862E0,-2.496221E1,-1.857797E0,-2.535256E1,1.631196E1,2.596671E1,2.931630E1,6.041173E-1,-2.255057E1
2.310345E0,-2.495317E1,-1.793819E0,-2.536000E1,1.642012E1,2.598432E1,2.936591E1,6.279839E-1,-2.251949E1
2.344828E0,-2.491694E1,-1.776867E0,-2.531153E1,1.641041E1,2.598951E1,2.934719E1,6.192046E-1,-2.258156E1
2.379310E0,-2.491041E1,-1.741499E0,-2.529524E1,1.645317E1,2.594534E1,2.934639E1,6.742703E-1,-2.254153E1
2.413793E0,-2.491584E1,-1.799703E0,-2.529152E1,1.656214E1,2.598047E1,2.940663E1,7.228112E-1,-2.252337E1
2.448276E0,-2.502671E1,-1.845427E0,-2.535444E1,1.652546E1,2.591684E1,2.936546E1,6.920772E-1,-2.256063E1
2.482759E0,-2.499500E1,-1.892915E0,-2.525063E1,1.659934E1,2.589668E1,2.936476E1,6.871342E-1,-2.253878E1
2.517241E0,-2.496835E1,-1.794525E0,-2.521677E1,1.666663E1,2.588713E1,2.942974E1,7.259687E-1,-2.248075E1
2.551724E0,-2.501323E1,-1.932259E0,-2.522665E1,1.662608E1,2.589274E1,2.934363E1,6.885285E-1,-2.259095E1
2.586207E0,-2.498500E1,-1.935122E0,-2.518140E1,1.658604E1,2.592376E1,2.935220E1,7.396295E-1,-2.259400E1
2.620690E0,-2.502669E1,-1.811896E0,-2.519033E1,1.678269E1,2.590232E1,2.939972E1,8.082860E-1,-2.257911E1
2.655172E0,-2.502302E1,-1.907407E0,-2.514995E1,1.671718E1,2.594251E1,2.936110E1,8.078161E-1,-2.253164E1
2.689655E0,-2.506704E1,-2.009422E0,-2.512384E1,1.658043E1,2.597304E1,2.929136E1,8.412610E-1,-2.265914E1
2.724138E0,-2.506482E1,-1.850864E0,-2.511507E1,1.667629E1,2.600810E1,2.937726E1,8.444525E-1,-2.257480E1
2.758621E0,-2.507817E1,-1.883108E0,-2.512947E1,1.674236E1,2.599396E1,2.931385E1,8.609925E-1,-2.252793E1
2.793103E0,-2.507964E1,-2.006878E0,-2.517972E1,1.666322E1,2.592024E1,2.919257E1,7.980691E-1,-2.268658E1
2.827586E0,-2.507239E1,-1.957806E0,-2.525502E1,1.673343E1,2.590666E1,2.924237E1,8.149887E-1,-2.262399E1
2.862069E0,-2.516418E1,-1.951612E0,-2.527247E1,1.679670E1,2.590005E1,2.931815E1,8.739321E-1,-2.256952E1
2.896552E0,-2.512476E1,-2.054791E0,-2.529528E1,1.679214E1,2.593756E1,2.919896E1,8.174006E-1,-2.256904E1
2.931034E0,-2.510182E1,-2.047255E0,-2.526743E1,1.678980E1,2.590286E1,2.920737E1,7.665358E-1,-2.253119E1
2.965517E0,-2.515966E1,-1.984108E0,-2.530907E1,1.678850E1,2.591863E1,2.920265E1,7.682239E-1,-2.258691E1
3.000000E0,-2.512993E1,-1.968089E0,-2.529106E1,1.683367E1,2.591883E1,2.920783E1,7.923003E-1,-2.261183E1
3.034483E0,-2.514033E1,-2.019183E0,-2.536516E1,1.676681E1,2.585052E1,2.918295E1,7.598880E-1,-2.265542E1
3.068966E0,-2.507369E1,-1.967761E0,-2.538456E1,1.678223E1,2.585843E1,2.918784E1,7.643148E-1,-2.266270E1
3.103448E0,-2.506317E1,-1.951702E0,-2.535607E1,1.677550E1,2.579683E1,2.921199E1,7.980029E-1,-2.259508E1
3.137931E0,-2.511335E1,-1.960584E0,-2.535524E1,1.670888E1,2.579322E1,2.925719E1,7.812799E-1,-2.266608E1
3.172414E0,-2.509028E1,-1.999865E0,-2.530453E1,1.668617E1,2.577449E1,2.925386E1,8.078403E-1,-2.276054E1
3.206897E0,-2.503967E1,-1.984792E0,-2.538401E1,1.667576E1,2.577973E1,2.926597E1,8.180523E-1,-2.271661E1
3.241379E0,-2.509740E1,-1.966088E0,-2.548709E1,1.670528E1,2.578563E1,2.929008E1,7.947152E-1,-2.269506E1
3.275862E0,-2.505106E1,-1.995909E0,-2.549942E1,1.666297E1,2.578410E1,2.923049E1,7.839570E-1,-2.267964E1
3.310345E0,-2.509167E1,-1.979678E0,-2.547780E1,1.665025E1,2.577142E1,2.921938E1,8.063971E-1,-2.268333E1
3.344828E0,-2.503762E1,-1.955040E0,-2.555235E1,1.666084E1,2.575000E1,2.924890E1,7.538424E-1,-2.264828E1
3.379310E0,-2.508394E1,-1.983783E0,-2.553824E1,1.661944E1,2.581422E1,2.918503E1,7.428038E-1,-2.263108E1
3.413793E0,-2.509463E1,-2.001450E0,-2.550242E1,1.664283E1,2.580503E1,2.915661E1,7.800161E-1,-2.263579E1
3.448276E0,-2.510601E1,-1.997518E0,-2.542785E1,1.663127E1,2.582330E1,2.917645E1,7.799508E-1,-2.252782E1
3.482759E0,-2.520573E1,-1.982118E0,-2.541695E1,1.657251E1,2.580749E1,2.912560E1,7.931752E-1,-2.260152E1
3.517241E0,-2.522989E1,-2.069561E0,-2.541164E1,1.650004E1,2.584369E1,2.908147E1,7.715059E-1,-2.261206E1
3.551724E0,-2.523399E1,-1.984237E0,-2.544347E1,1.651963E1,2.580076E1,2.907357E1,7.871181E-1,-2.260230E1
3.586207E0,-2.528711E1,-2.042016E0,-2.547971E1,1.660148E1,2.578515E1,2.907019E1,8.072631E-1,-2.261252E1
3.620690E0,-2.532187E1,-2.090238E0,-2.548749E1,1.658002E1,2.575889E1,2.907275E1,8.219260E-1,-2.267779E1
3.655172E0,-2.537301E1,-2.053315E0,-2.542441E1,1.647905E1,2.573998E1,2.912651E1,8.418671E-1,-2.264229E1
3.689655E0,-2.534983E1,-2.062544E0,-2.538687E1,1.652094E1,2.575201E1,2.916854E1,8.690480E-1,-2.258732E1
3.724138E0,-2.531342E1,-2.083908E0,-2.547671E1,1.655922E1,2.578320E1,2.909862E1,8.280650E-1,-2.258335E1
3.758621E0,-2.531637E1,-2.021348E0,-2.553198E1,1.654789E1,2.574954E1,2.907559E1,8.323902E-1,-2.256720E1
3.793103E0,-2.529232E1,-1.985439E0,-2.555500E1,1.657107E1,2.570974E1,2.908354E1,8.483990E-1,-2.252669E1
3.827586E0,-2.524585E1,-1.945768E0,-2.560289E1,1.660295E1,2.568378E1,2.911299E1,8.492042E-1,-2.257081E1
3.862069E0,-2.530704E1,-2.014535E0,-2.560375E1,1.658179E1,2.569388E1,2.909507E1,8.417967E-1,-2.255199E1
3.896552E0,-2.537009E1,-2.031065E0,-2.559342E1,1.663447E1,2.571347E1,2.908141E1,8.197590E-1,-2.255906E1
3.931034E0,-2.532825E1,-2.048597E0,-2.554991E1,1.656595E1,2.575099E1,2.910679E1,8.445053E-1,-2.258347E1
3.965517E0,-2.542095E1,-2.015233E0,-2.551493E1,1.653745E1,2.576814E1,2.911646E1,8.417698E-1,-2.252761E1
4.000000E0,-2.545150E1,-2.073630E0,-2.552550E1,1.649819E1,2.573526E1,2.907896E1,8.351754E-1,-2.257705E1
4.034483E0,-2.545840E1,-2.042205E0,-2.556476E1,1.650034E1,2.570091E1,2.911020E1,8.139596E-1,-2.251644E1
4.068966E0,-2.545812E1,-2.088741E0,-2.555461E1,1.652133E1,2.574410E1,2.905329E1,8.248686E-1,-2.255134E1
4.103448E0,-2.549734E1,-2.154388E0,-2.560804E1,1.657981E1,2.573144E1,2.911537E1,7.557000E-1,-2.255078E1
