#multi:
,mass A,,mass B,,mass C,,
t,x,y,x,y,x,y,
0.000000E0,-2.920394E1,-1.034817E1,6.733960E-1,1.472289E1,3.960757E1,2.575038E1
3.448276E-2,-2.921419E1,-1.032559E1,6.572797E-1,1.480750E1,3.958533E1,2.574079E1
6.896552E-2,-2.922604E1,-1.031649E1,6.508499E-1,1.478467E1,3.958741E1,2.574917E1
1.034483E-1,-2.928760E1,-1.023365E1,6.721938E-1,1.478537E1,3.957787E1,2.577899E1
1.379310E-1,-2.929048E1,-1.020598E1,7.069660E-1,1.477003E1,3.962082E1,2.577005E1
1.724138E-1,-2.929745E1,-1.020046E1,7.092610E-1,1.476253E1,3.963667E1,2.575668E1
2.068966E-1,-2.929956E1,-1.017039E1,6.870435E-1,1.478346E1,3.967305E1,2.574948E1
2.413793E-1,-2.929969E1,-1.017067E1,6.473229E-1,1.482576E1,3.967684E1,2.578912E1
2.758621E-1,-2.926022E1,-1.018624E1,6.312974E-1,1.482594E1,3.967375E1,2.569760E1
3.103448E-1,-2.924401E1,-1.017538E1,6.272851E-1,1.481412E1,3.967995E1,2.568761E1
3.448276E-1,-2.921761E1,-1.013949E1,6.708095E-1,1.481796E1,3.970570E1,2.577692E1
3.793103E-1,-2.921550E1,-1.006992E1,6.785316E-1,1.486235E1,3.981884E1,2.586049E1
4.137931E-1,-2.921406E1,-1.002528E1,6.902240E-1,1.482252E1,3.985440E1,2.584792E1
4.482759E-1,-2.920082E1,-1.007657E1,6.648791E-1,1.478266E1,3.984896E1,2.577384E1
4.827586E-1,-2.929094E1,-1.005002E1,6.916903E-1,1.481905E1,3.982546E1,2.577304E1
5.172414E-1,-2.926663E1,-1.005179E1,7.227296E-1,1.479955E1,3.977930E1,2.574337E1
5.517241E-1,-2.929339E1,-9.992304E0,7.133370E-1,1.478153E1,3.982068E1,2.573530E1
5.862069E-1,-2.924982E1,-1.001643E1,7.006907E-1,1.476087E1,3.982877E1,2.570052E1
6.206897E-1,-2.925020E1,-9.983079E0,7.522319E-1,1.477476E1,3.985533E1,2.573006E1
6.551724E-1,-2.926431E1,-9.973369E0,7.798315E-1,1.476968E1,3.985733E1,2.563847E1
6.896552E-1,-2.924116E1,-9.981904E0,7.296076E-1,1.485767E1,3.988273E1,2.565786E1
7.241379E-1,-2.929459E1,-9.992889E0,7.058613E-1,1.487072E1,3.991782E1,2.570593E1
7.586207E-1,-2.933091E1,-1.002050E1,7.172922E-1,1.483675E1,3.987242E1,2.573857E1
7.931034E-1,-2.930141E1,-1.005387E1,7.005517E-1,1.483328E1,3.987328E1,2.568528E1
8.275862E-1,-2.931417E1,-1.005282E1,6.846258E-1,1.488088E1,3.978694E1,2.567699E1
8.620690E-1,-2.929864E1,-1.014966E1,6.757314E-1,1.485653E1,3.981422E1,2.563557E1
8.965517E-1,-2.921458E1,-1.016566E1,6.701210E-1,1.484198E1,3.981645E1,2.559198E1
9.310345E-1,-2.922767E1,-1.016401E1,6.324726E-1,1.488308E1,3.980665E1,2.555680E1
9.655172E-1,-2.921921E1,-1.020162E1,6.111571E-1,1.485198E1,3.975797E1,2.543887E1
1.000000E0,-2.918908E1,-1.017991E1,5.730986E-1,1.485268E1,3.975461E1,2.543360E1
1.034483E0,-2.910101E1,-1.013990E1,5.593660E-1,1.491317E1,3.980449E1,2.541507E1
1.068966E0,-2.906893E1,-1.014440E1,5.453345E-1,1.487420E1,3.980166E1,2.537842E1
1.103448E0,-2.905566E1,-1.019042E1,5.246857E-1,1.486469E1,3.984221E1,2.537972E1
1.137931E0,-2.902451E1,-1.020358E1,5.259232E-1,1.488954E1,3.983219E1,2.528480E1
1.172414E0,-2.898688E1,-1.022809E1,5.345841E-1,1.490647E1,3.983857E1,2.529027E1
1.206897E0,-2.898488E1,-1.025817E1,4.803044E-1,1.487418E1,3.985913E1,2.524843E1
1.241379E0,-2.892318E1,-1.032852E1,5.002621E-1,1.486214E1,3.982696E1,2.521910E1
1.275862E0,-2.889388E1,-1.025926E1,5.135779E-1,1.486939E1,3.986091E1,2.523152E1
1.310345E0,-2.882184E1,-1.028263E1,5.130543E-1,1.486577E1,3.988600E1,2.522133E1
1.344828E0,-2.878212E1,-1.026719E1,5.317292E-1,1.482859E1,3.986461E1,2.519019E1
1.379310E0,-2.875136E1,-1.023433E1,5.467840E-1,1.488830E1,3.994707E1,2.523127E1
1.413793E0,-2.873972E1,-1.023770E1,5.498414E-1,1.487244E1,3.989031E1,2.513975E1
1.448276E0,-2.876669E1,-1.026288E1,5.296590E-1,1.484833E1,3.995754E1,2.508254E1
1.482759E0,-2.873016E1,-1.019083E1,5.189302E-1,1.485232E1,3.985757E1,2.515847E1
1.517241E0,-2.876263E1,-1.017870E1,5.405690E-1,1.489337E1,3.982592E1,2.518003E1
1.551724E0,-2.878825E1,-1.019706E1,5.361256E-1,1.486485E1,3.982228E1,2.517188E1
1.586207E0,-2.876758E1,-1.019964E1,4.921710E-1,1.486307E1,3.982540E1,2.517742E1
1.620690E0,-2.876150E1,-1.015711E1,5.252631E-1,1.488346E1,3.985662E1,2.519904E1
1.655172E0,-2.879161E1,-1.017313E1,5.284034E-1,1.488168E1,3.984230E1,2.523176E1
1.689655E0,-2.874701E1,-1.020139E1,5.295776E-1,1.487272E1,3.986146E1,2.514729E1
1.724138E0,-2.874667E1,-1.016304E1,5.236304E-1,1.490723E1,3.989915E1,2.510790E1
1.758621E0,-2.868796E1,-1.017269E1,5.601770E-1,1.494662E1,3.989842E1,2.503014E1
1.793103E0,-2.867839E1,-1.020103E1,5.760681E-1,1.493896E1,3.989912E1,2.508238E1
1.827586E0,-2.866769E1,-1.020297E1,5.905075E-1,1.493859E1,3.993863E1,2.509341E1
1.862069E0,-2.869913E1,-1.017019E1,6.314598E-1,1.494647E1,3.992302E1,2.502763E1
1.896552E0,-2.871279E1,-1.016692E1,6.226372E-1,1.494813E1,3.986305E1,2.500802E1
1.931034E0,-2.871639E1,-1.019112E1,6.089527E-1,1.489798E1,3.989249E1,2.498609E1
1.965517E0,-2.874462E1,-1.014742E1,6.310746E-1,1.493722E1,3.991835E1,2.505727E1
2.000000E0,-2.878075E1,-1.017406E1,6.525093E-1,1.496165E1,3.994983E1,2.507987E1
2.034483E0,-2.884426E1,-1.019699E1,6.726133E-1,1.495613E1,3.999091E1,2.509013E1
2.068966E0,-2.888680E1,-1.022554E1,6.752131E-1,1.496567E1,4.005699E1,2.508506E1
2.103448E0,-2.893026E1,-1.023113E1,7.335691E-1,1.498572E1,4.005983E1,2.510774E1
2.137931E0,-2.893499E1,-1.019054E1,7.357119E-1,1.495029E1,4.006005E1,2.508725E1
2.172414E0,-2.897467E1,-1.028148E1,7.044324E-1,1.493238E1,4.003274E1,2.511760E1
2.206897E0,-2.895828E1,-1.027968E1,6.986745E-1,1.494348E1,4.001624E1,2.509432E1
2.241379E0,-2.894903E1,-1.030489E1,7.297052E-1,1.495630E1,3.996670E1,2.505377E1
2.275862E0,-2.891872E1,-1.034062E1,7.510626E-1,1.494141E1,3.998076E1,2.497828E1
2.310345E0,-2.889159E1,-1.034388E1,7.554625E-1,1.496279E1,4.000326E1,2.493378E1
2.344828E0,-2.893464E1,-1.032162E1,7.356422E-1,1.493682E1,4.001835E1,2.497059E1
2.379310E0,-2.891821E1,-1.033824E1,7.523647E-1,1.485730E1,4.004132E1,2.492728E1
2.413793E0,-2.886960E1,-1.031524E1,7.425510E-1,1.484641E1,4.009741E1,2.493045E1
2.448276E0,-2.882788E1,-1.030104E1,7.309173E-1,1.482970E1,4.010807E1,2.485634E1
2.482759E0,-2.882477E1,-1.029530E1,6.972091E-1,1.485759E1,4.001890E1,2.487289E1
2.517241E0,-2.885747E1,-1.029316E1,7.198294E-1,1.485021E1,4.001381E1,2.484272E1
2.551724E0,-2.883812E1,-1.029032E1,6.796272E-1,1.485447E1,4.004708E1,2.477788E1
2.586207E0,-2.887264E1,-1.027413E1,6.224328E-1,1.486963E1,4.000632E1,2.477153E1
2.620690E0,-2.890704E1,-1.031671E1,6.120342E-1,1.485774E1,4.003624E1,2.472289E1
2.655172E0,-2.888517E1,-1.034373E1,5.864612E-1,1.485628E1,4.002073E1,2.469674E1
2.689655E0,-2.887111E1,-1.030120E1,5.765265E-1,1.485563E1,4.000471E1,2.466011E1
2.724138E0,-2.886002E1,-1.028972E1,5.936066E-1,1.481819E1,4.001354E1,2.460155E1
2.758621E0,-2.889004E1,-1.026954E1,5.848342E-1,1.477296E1,4.003581E1,2.458835E1
2.793103E0,-2.889189E1,-1.022931E1,6.133188E-1,1.478476E1,4.007009E1,2.453298E1
2.827586E0,-2.895863E1,-1.021920E1,6.041754E-1,1.479722E1,4.014499E1,2.449986E1
2.862069E0,-2.895995E1,-1.025800E1,6.146907E-1,1.478696E1,4.017459E1,2.444764E1
2.896552E0,-2.896704E1,-1.027193E1,6.273042E-1,1.482212E1,4.016665E1,2.447091E1
2.931034E0,-2.891828E1,-1.029374E1,6.348401E-1,1.483999E1,4.022969E1,2.446728E1
2.965517E0,-2.891835E1,-1.031786E1,5.954745E-1,1.481932E1,4.019916E1,2.448187E1
3.000000E0,-2.887796E1,-1.026183E1,6.019619E-1,1.481301E1,4.016674E1,2.446550E1
3.034483E0,-2.886222E1,-1.024262E1,6.233486E-1,1.484968E1,4.016769E1,2.457357E1
3.068966E0,-2.883359E1,-1.025483E1,5.750247E-1,1.481149E1,4.013252E1,2.457591E1
3.103448E0,-2.877992E1,-1.021684E1,6.188155E-1,1.479399E1,4.018843E1,2.458049E1
3.137931E0,-2.874939E1,-1.012445E1,5.881162E-1,1.478995E1,4.028221E1,2.460955E1
3.172414E0,-2.879136E1,-1.012527E1,6.447541E-1,1.476647E1,4.029356E1,2.468703E1
3.206897E0,-2.882333E1,-1.011418E1,6.895303E-1,1.477126E1,4.030557E1,2.466794E1
3.241379E0,-2.882804E1,-1.008722E1,6.715113E-1,1.477668E1,4.029648E1,2.464432E1
3.275862E0,-2.882097E1,-1.006811E1,6.521962E-1,1.478997E1,4.032821E1,2.466298E1
3.310345E0,-2.878389E1,-1.005826E1,6.397880E-1,1.474164E1,4.029670E1,2.462128E1
3.344828E0,-2.872208E1,-1.004829E1,6.638525E-1,1.477539E1,4.024829E1,2.472662E1
3.379310E0,-2.867332E1,-1.006180E1,6.973425E-1,1.472341E1,4.027193E1,2.472580E1
3.413793E0,-2.859312E1,-1.000096E1,6.964739E-1,1.474132E1,4.028371E1,2.472098E1
3.448276E0,-2.858646E1,-1.000902E1,6.926475E-1,1.478595E1,4.031773E1,2.476661E1
3.482759E0,-2.856662E1,-1.003156E1,7.001532E-1,1.479723E1,4.029410E1,2.479319E1
3.517241E0,-2.854297E1,-9.976394E0,6.743135E-1,1.476980E1,4.032113E1,2.476814E1
3.551724E0,-2.857225E1,-9.979297E0,6.396826E-1,1.481088E1,4.033431E1,2.479675E1
3.586207E0,-2.854771E1,-1.000750E1,6.365851E-1,1.478818E1,4.032830E1,2.486224E1
3.620690E0,-2.855387E1,-1.001519E1,6.198006E-1,1.479128E1,4.032965E1,2.484684E1
3.655172E0,-2.856117E1,-1.002131E1,6.443738E-1,1.484877E1,4.033970E1,2.489448E1
3.689655E0,-2.852221E1,-1.010573E1,6.605365E-1,1.484250E1,4.032619E1,2.492095E1
3.724138E0,-2.853777E1,-1.011726E1,7.102483E-1,1.484362E1,4.038206E1,2.492237E1
3.758621E0,-2.846119E1,-1.010816E1,7.242982E-1,1.488649E1,4.035525E1,2.488071E1
3.793103E0,-2.846885E1,-1.005843E1,7.502026E-1,1.487958E1,4.035546E1,2.492894E1
3.827586E0,-2.850130E1,-1.000890E1,7.663456E-1,1.485766E1,4.036387E1,2.491627E1
3.862069E0,-2.853642E1,-9.948314E0,7.901836E-1,1.482968E1,4.040357E1,2.492085E1
3.896552E0,-2.855495E1,-9.952530E0,8.469234E-1,1.485009E1,4.039485E1,2.497670E1
3.931034E0,-2.855634E1,-9.991018E0,8.299206E-1,1.481393E1,4.038990E1,2.496852E1
3.965517E0,-2.859044E1,-1.001727E1,8.611755E-1,1.479660E1,4.043879E1,2.496213E1
4.000000E0,-2.856594E1,-9.951084E0,8.129263E-1,1.479288E1,4.055607E1,2.493082E1
4.034483E0,-2.858208E1,-1.000799E1,8.062035E-1,1.482257E1,4.055091E1,2.490745E1
4.068966E0,-2.855643E1,-1.004330E1,8.006751E-1,1.485736E1,4.059370E1,2.486870E1
4.103448E0,-2.851700E1,-1.003503E1,7.958317E-1,1.484532E1,,
