#multi:
,mass A,,mass B,,mass C,,mass D,,mass E,,
t,x,y,x,y,x,y,x,y,x,y,
0.000000E0,-6.526500E0,2.902575E1,4.020235E0,5.148215E0,-3.563917E1,-2.046457E1,3.034919E1,1.961927E1,-1.123245E1,-5.049450E0
3.448276E-2,-6.542450E0,2.904729E1,3.984869E0,5.110725E0,-3.567175E1,-2.042192E1,3.037948E1,1.960740E1,-1.125150E1,-5.026826E0
6.896552E-2,-6.535858E0,2.907272E1,3.992046E0,5.138952E0,-3.565616E1,-2.042907E1,3.035678E1,1.961948E1,-1.124423E1,-4.999164E0
1.034483E-1,-6.508026E0,2.909542E1,4.077486E0,5.109313E0,-3.564863E1,-2.043121E1,3.037872E1,1.964121E1,-1.121554E1,-4.979553E0
1.379310E-1,-6.507497E0,2.906801E1,4.131336E0,5.031558E0,-3.562251E1,-2.048641E1,3.035099E1,1.960299E1,-1.121507E1,-5.005024E0
1.724138E-1,-6.507750E0,2.909872E1,4.185134E0,5.031269E0,-3.562713E1,-2.044069E1,3.033378E1,1.960890E1,-1.121356E1,-4.976353E0
2.068966E-1,-6.577896E0,2.911534E1,4.056299E0,5.013818E0,-3.561187E1,-2.042933E1,3.034718E1,1.965122E1,-1.128509E1,-4.958973E0
2.413793E-1,-6.562394E0,2.909108E1,4.071640E0,5.060087E0,-3.566799E1,-2.045444E1,3.035651E1,1.963261E1,-1.126818E1,-4.983789E0
2.758621E-1,-6.602742E0,2.911724E1,4.131252E0,5.067783E0,-3.565144E1,-2.045809E1,3.037315E1,1.958569E1,-1.130925E1,-4.957865E0
3.103448E-1,-6.540210E0,2.901689E1,4.155963E0,5.017126E0,-3.558764E1,-2.052165E1,3.032241E1,1.962491E1,-1.124653E1,-5.058263E0
3.448276E-1,-6.551499E0,2.898651E1,4.117490E0,5.030430E0,-3.559226E1,-2.058377E1,3.037161E1,1.959974E1,-1.125767E1,-5.090839E0
3.793103E-1,-6.472433E0,2.891300E1,4.084233E0,5.099263E0,-3.558442E1,-2.056432E1,3.035559E1,1.966099E1,-1.117837E1,-5.161803E0
4.137931E-1,-6.488512E0,2.882166E1,4.080712E0,5.073327E0,-3.559281E1,-2.053273E1,3.032367E1,1.965789E1,-1.119604E1,-5.250522E0
4.482759E-1,-6.449816E0,2.881513E1,4.130433E0,5.103812E0,-3.553291E1,-2.053470E1,3.034445E1,1.967636E1,-1.115658E1,-5.257824E0
4.827586E-1,-6.442229E0,2.887243E1,4.165953E0,5.028532E0,-3.551032E1,-2.054513E1,3.029965E1,1.963899E1,-1.114970E1,-5.200807E0
5.172414E-1,-6.345935E0,2.896057E1,4.102460E0,5.006587E0,-3.554851E1,-2.055132E1,3.025515E1,1.959004E1,-1.105092E1,-5.116825E0
5.517241E-1,-6.350896E0,2.895093E1,4.084358E0,5.010379E0,-3.559197E1,-2.054184E1,3.028205E1,1.960224E1,-1.105690E1,-5.125634E0
5.862069E-1,-6.355546E0,2.896649E1,4.050097E0,5.027289E0,-3.556554E1,-2.053697E1,3.027168E1,1.962680E1,-1.106278E1,-5.107862E0
6.206897E-1,-6.389880E0,2.896393E1,3.955864E0,5.062564E0,-3.561146E1,-2.050400E1,3.028541E1,1.955872E1,-1.109694E1,-5.110769E0
6.551724E-1,-6.419778E0,2.891547E1,3.927432E0,5.081554E0,-3.566015E1,-2.051339E1,3.027133E1,1.953149E1,-1.112487E1,-5.161464E0
6.896552E-1,-6.424852E0,2.882359E1,3.937803E0,5.059758E0,-3.565976E1,-2.051679E1,3.027457E1,1.954672E1,-1.112975E1,-5.251832E0
7.241379E-1,-6.387867E0,2.882387E1,3.937150E0,5.072507E0,-3.561917E1,-2.051642E1,3.031222E1,1.955018E1,-1.109596E1,-5.248994E0
7.586207E-1,-6.396245E0,2.885640E1,3.968717E0,5.085586E0,-3.563400E1,-2.052496E1,3.027471E1,1.954355E1,-1.110286E1,-5.216332E0
7.931034E-1,-6.418322E0,2.889331E1,3.965112E0,5.069992E0,-3.562023E1,-2.055713E1,3.028898E1,1.954127E1,-1.112504E1,-5.181451E0
8.275862E-1,-6.489618E0,2.888789E1,3.995335E0,5.116092E0,-3.562977E1,-2.053817E1,3.026117E1,1.953915E1,-1.119382E1,-5.190515E0
8.620690E-1,-6.507482E0,2.882799E1,3.985670E0,5.175455E0,-3.562250E1,-2.056355E1,3.029417E1,1.955394E1,-1.121088E1,-5.249116E0
8.965517E-1,-6.511408E0,2.882130E1,3.936019E0,5.135007E0,-3.562324E1,-2.055263E1,3.029260E1,1.956110E1,-1.121679E1,-5.254852E0
9.310345E-1,-6.606633E0,2.882384E1,3.954570E0,5.219417E0,-3.557993E1,-2.055600E1,3.028088E1,1.951641E1,-1.131379E1,-5.251724E0
9.655172E-1,-6.628250E0,2.882002E1,3.993780E0,5.271687E0,-3.556586E1,-2.054361E1,3.027230E1,1.954377E1,-1.133394E1,-5.255522E0
1.000000E0,-6.534617E0,2.889140E1,4.006441E0,5.232870E0,-3.557802E1,-2.059089E1,3.026224E1,1.955453E1,-1.124078E1,-5.184142E0
1.034483E0,-6.531095E0,2.890099E1,4.021435E0,5.240719E0,-3.558751E1,-2.055198E1,3.021966E1,1.955933E1,-1.122955E1,-5.177333E0
1.068966E0,-6.553932E0,2.890104E1,4.048910E0,5.221801E0,-3.555993E1,-2.051862E1,3.020263E1,1.956058E1,-1.126304E1,-5.173456E0
1.103448E0,-6.490317E0,2.882387E1,3.956489E0,5.220904E0,-3.560896E1,-2.051762E1,3.026563E1,1.949379E1,-1.119517E1,-5.254159E0
1.137931E0,-6.474433E0,2.884025E1,4.002241E0,5.193040E0,-3.563668E1,-2.048540E1,3.028701E1,1.942244E1,-1.117380E1,-5.238260E0
1.172414E0,-6.532231E0,2.884594E1,4.064682E0,5.296368E0,-3.562532E1,-2.047304E1,3.022303E1,1.941528E1,-1.124508E1,-5.225948E0
1.206897E0,-6.606265E0,2.879282E1,4.069935E0,5.342089E0,-3.560705E1,-2.047682E1,3.019634E1,1.939261E1,-1.131445E1,-5.283032E0
1.241379E0,-6.577090E0,2.878472E1,4.082354E0,5.345142E0,-3.562333E1,-2.051072E1,3.022203E1,1.942196E1,-1.128676E1,-5.289786E0
1.275862E0,-6.543694E0,2.871060E1,4.159780E0,5.338196E0,-3.561528E1,-2.051034E1,3.019706E1,1.940117E1,-1.125311E1,-5.297766E0
1.310345E0,-6.529317E0,2.868640E1,4.240516E0,5.365145E0,-3.564161E1,-2.047734E1,3.022575E1,1.945632E1,-1.123573E1,-5.322108E0
1.344828E0,-6.478079E0,2.870584E1,4.269932E0,5.303338E0,-3.562624E1,-2.047562E1,3.021296E1,1.947228E1,-1.118663E1,-5.301063E0
1.379310E0,-6.556656E0,2.865036E1,4.356474E0,5.206152E0,-3.564487E1,-2.045907E1,3.015337E1,1.950591E1,-1.127017E1,-5.355980E0
1.413793E0,-6.498611E0,2.871911E1,4.392152E0,5.170643E0,-3.564102E1,-2.046624E1,3.019312E1,1.951961E1,-1.126742E1,-5.290933E0
1.448276E0,-6.551230E0,2.867753E1,4.379139E0,5.223667E0,-3.563444E1,-2.047660E1,3.021845E1,1.952963E1,-1.132483E1,-5.397004E0
1.482759E0,-6.578675E0,2.866974E1,4.328985E0,5.231958E0,-3.566705E1,-2.043913E1,3.020545E1,1.954891E1,-1.134815E1,-5.406499E0
1.517241E0,-6.586579E0,2.876117E1,4.289431E0,5.232738E0,-3.559346E1,-2.042181E1,3.022703E1,1.955258E1,-1.136114E1,-5.311851E0
1.551724E0,-6.544265E0,2.873471E1,4.326694E0,5.217315E0,-3.556827E1,-2.042005E1,3.024053E1,1.955494E1,-1.131600E1,-5.340982E0
1.586207E0,-6.463538E0,2.869668E1,4.291333E0,5.173627E0,-3.557690E1,-2.040680E1,3.021034E1,1.957056E1,-1.123183E1,-5.380106E0
1.620690E0,-6.455001E0,2.869829E1,4.313081E0,5.067531E0,-3.554014E1,-2.033867E1,3.016319E1,1.957515E1,-1.122721E1,-5.376226E0
1.655172E0,-6.455821E0,2.870478E1,4.280159E0,5.103991E0,-3.552569E1,-2.033083E1,3.015572E1,1.954756E1,-1.122696E1,-5.369728E0
1.689655E0,-6.486515E0,2.867241E1,4.278827E0,5.119892E0,-3.551581E1,-2.033645E1,3.019638E1,1.956265E1,-1.126384E1,-5.399670E0
1.724138E0,-6.432849E0,2.869697E1,4.317634E0,5.133540E0,-3.548423E1,-2.031027E1,3.024754E1,1.954286E1,-1.120284E1,-5.381114E0
1.758621E0,-6.442312E0,2.869794E1,4.312317E0,5.155942E0,-3.549960E1,-2.034235E1,3.028940E1,1.954826E1,-1.120983E1,-5.379143E0
1.793103E0,-6.518553E0,2.870557E1,4.317175E0,5.180601E0,-3.548794E1,-2.036535E1,3.028777E1,1.959655E1,-1.128789E1,-5.374920E0
1.827586E0,-6.497956E0,2.869409E1,4.352338E0,5.154718E0,-3.548209E1,-2.039654E1,3.026203E1,1.960669E1,-1.127077E1,-5.379134E0
1.862069E0,-6.473387E0,2.867040E1,4.345659E0,5.246057E0,-3.553480E1,-2.039999E1,3.028282E1,1.963257E1,-1.124461E1,-5.401217E0
1.896552E0,-6.465534E0,2.866754E1,4.389962E0,5.145512E0,-3.543864E1,-2.042616E1,3.024209E1,1.954344E1,-1.124129E1,-5.401880E0
1.931034E0,-6.365183E0,2.864869E1,4.386560E0,5.114609E0,-3.547977E1,-2.039956E1,3.020571E1,1.958893E1,-1.113621E1,-5.427127E0
1.965517E0,-6.417511E0,2.869785E1,4.289076E0,5.153591E0,-3.553176E1,-2.034989E1,3.018676E1,1.960937E1,-1.119082E1,-5.378922E0
2.000000E0,-6.349506E0,2.857210E1,4.295863E0,5.202881E0,-3.548631E1,-2.033635E1,3.024610E1,1.962307E1,-1.112006E1,-5.501502E0
2.034483E0,-6.382505E0,2.850400E1,4.222846E0,5.209104E0,-3.549201E1,-2.033834E1,3.025297E1,1.955793E1,-1.115715E1,-5.566462E0
2.068966E0,-6.513442E0,2.851549E1,4.228970E0,5.194797E0,-3.550837E1,-2.035398E1,3.032078E1,1.956628E1,-1.128773E1,-5.559298E0
2.103448E0,-6.562166E0,2.861815E1,4.244515E0,5.212957E0,-3.553677E1,-2.032792E1,3.035132E1,1.954006E1,-1.133271E1,-5.463976E0
2.137931E0,-6.640018E0,2.865205E1,4.217578E0,5.205815E0,-3.555586E1,-2.038670E1,3.035943E1,1.959370E1,-1.134678E1,-5.422766E0
2.172414E0,-6.672465E0,2.870483E1,4.214263E0,5.207559E0,-3.557487E1,-2.037448E1,3.035350E1,1.964654E1,-1.137757E1,-5.369973E0
2.206897E0,-6.600735E0,2.868394E1,4.281562E0,5.238008E0,-3.554670E1,-2.044380E1,3.033379E1,1.961474E1,-1.130934E1,-5.387647E0
2.241379E0,-6.551673E0,2.864495E1,4.376605E0,5.302112E0,-3.555848E1,-2.047933E1,3.033789E1,1.962027E1,-1.126149E1,-5.426414E0
2.275862E0,-6.459344E0,2.862769E1,4.341237E0,5.333593E0,-3.555669E1,-2.042309E1,3.042050E1,1.962815E1,-1.116719E1,-5.379862E0
2.310345E0,-6.484989E0,2.862372E1,4.358214E0,5.344926E0,-3.558152E1,-2.041788E1,3.041239E1,1.966221E1,-1.119257E1,-5.383919E0
2.344828E0,-6.492933E0,2.867290E1,4.363503E0,5.302559E0,-3.555711E1,-2.041156E1,3.039346E1,1.968246E1,-1.120151E1,-5.333682E0
2.379310E0,-6.608706E0,2.874963E1,4.390857E0,5.293497E0,-3.556477E1,-2.038542E1,3.039309E1,1.969805E1,-1.131596E1,-5.258869E0
2.413793E0,-6.573227E0,2.874373E1,4.334296E0,5.302946E0,-3.556281E1,-2.038319E1,3.037448E1,1.961626E1,-1.127932E1,-5.263985E0
2.448276E0,-6.576564E0,2.875689E1,4.427595E0,5.344471E0,-3.558888E1,-2.037101E1,3.035714E1,1.963282E1,-1.128292E1,-5.250929E0
2.482759E0,-6.616916E0,2.876180E1,4.490086E0,5.361176E0,-3.554674E1,-2.037920E1,3.036286E1,1.962286E1,-1.132347E1,-5.245641E0
2.517241E0,-6.586859E0,2.877433E1,4.453115E0,5.318545E0,-3.559658E1,-2.042331E1,3.037392E1,1.963527E1,-1.129180E1,-5.234090E0
2.551724E0,-6.598763E0,2.886608E1,4.500269E0,5.306249E0,-3.549090E1,-2.038127E1,3.038317E1,1.960199E1,-1.130624E1,-5.140390E0
2.586207E0,-6.646428E0,2.893993E1,4.501851E0,5.218586E0,-3.550571E1,-2.037605E1,3.032553E1,1.964709E1,-1.135356E1,-5.067012E0
2.620690E0,-6.671562E0,2.889954E1,4.435905E0,5.215922E0,-3.550407E1,-2.038661E1,3.032547E1,1.960883E1,-1.137717E1,-5.109196E0
2.655172E0,-6.717932E0,2.886028E1,4.406853E0,5.222539E0,-3.549033E1,-2.039099E1,3.036740E1,1.964817E1,-1.142552E1,-5.147327E0
2.689655E0,-6.760710E0,2.884949E1,4.494249E0,5.286407E0,-3.553041E1,-2.037625E1,3.038386E1,1.965167E1,-1.146679E1,-5.158474E0
2.724138E0,-6.760830E0,2.882462E1,4.494956E0,5.257188E0,-3.553493E1,-2.040939E1,3.040436E1,1.961484E1,-1.146783E1,-5.182415E0
2.758621E0,-6.804533E0,2.890864E1,4.515768E0,5.376726E0,-3.547616E1,-2.038766E1,3.039788E1,1.959679E1,-1.151081E1,-5.099182E0
2.793103E0,-6.840887E0,2.890830E1,4.536400E0,5.367524E0,-3.546546E1,-2.034855E1,3.043960E1,1.964950E1,-1.154828E1,-5.099346E0
2.827586E0,-6.850149E0,2.891076E1,4.557516E0,5.360859E0,-3.542854E1,-2.037694E1,3.043446E1,1.964608E1,-1.155584E1,-5.096485E0
2.862069E0,-6.892738E0,2.890782E1,4.622858E0,5.372878E0,-3.544695E1,-2.044131E1,3.040660E1,1.962807E1,-1.159907E1,-5.099503E0
2.896552E0,-6.823013E0,2.897152E1,4.700723E0,5.362153E0,-3.543822E1,-2.048829E1,3.041295E1,1.962167E1,-1.152868E1,-5.037530E0
2.931034E0,-6.795596E0,2.894184E1,4.689935E0,5.347847E0,-3.545643E1,-2.042137E1,3.041863E1,1.962415E1,-1.150222E1,-5.066360E0
2.965517E0,-6.815545E0,2.892295E1,4.700564E0,5.354954E0,-3.544188E1,-2.035669E1,3.040974E1,1.963366E1,-1.152073E1,-5.087112E0
3.000000E0,-6.817530E0,2.891813E1,4.735850E0,5.381547E0,-3.546577E1,-2.035143E1,3.044369E1,1.961662E1,-1.152469E1,-5.154354E0
3.034483E0,-6.814352E0,2.884710E1,4.676682E0,5.362914E0,-3.545956E1,-2.034205E1,3.041291E1,1.958374E1,-1.152002E1,-5.228598E0
3.068966E0,-6.805660E0,2.883340E1,4.681935E0,5.374892E0,-3.548230E1,-2.031929E1,3.040869E1,1.955540E1,-1.151313E1,-5.240881E0
3.103448E0,-6.784110E0,2.886903E1,4.688853E0,5.368087E0,-3.548276E1,-2.031955E1,3.042407E1,1.957510E1,-1.149069E1,-5.205695E0
3.137931E0,-6.795243E0,2.889851E1,4.656119E0,5.366696E0,-3.548815E1,-2.036964E1,3.045065E1,1.956255E1,-1.150040E1,-5.177212E0
3.172414E0,-6.832152E0,2.889916E1,4.685427E0,5.330178E0,-3.546302E1,-2.044895E1,3.039953E1,1.956788E1,-1.153971E1,-5.177163E0
3.206897E0,-6.852558E0,2.888437E1,4.716068E0,5.350581E0,-3.541792E1,-2.047426E1,3.042146E1,1.957961E1,-1.155750E1,-5.190752E0
3.241379E0,-6.802949E0,2.892188E1,4.729018E0,5.277025E0,-3.545252E1,-2.049037E1,3.042017E1,1.953431E1,-1.150893E1,-5.153000E0
3.275862E0,-6.776473E0,2.886901E1,4.775374E0,5.311458E0,-3.548431E1,-2.044022E1,3.039886E1,1.954420E1,-1.148269E1,-5.206477E0
3.310345E0,-6.772399E0,2.886075E1,4.755135E0,5.276101E0,-3.551516E1,-2.044913E1,3.038062E1,1.956608E1,-1.147978E1,-5.212409E0
3.344828E0,-6.757033E0,2.891141E1,4.749637E0,5.212935E0,-3.552501E1,-2.045341E1,3.032110E1,1.954854E1,-1.146145E1,-5.165482E0
3.379310E0,-6.710384E0,2.897172E1,4.751530E0,5.190711E0,-3.551369E1,-2.044115E1,3.035479E1,1.954145E1,-1.141548E1,-5.102749E0
3.413793E0,-6.779835E0,2.893691E1,4.757748E0,5.225112E0,-3.542399E1,-2.046650E1,3.033913E1,1.960856E1,-1.148712E1,-5.138707E0
3.448276E0,-6.754658E0,2.903185E1,4.795934E0,5.198271E0,-3.535718E1,-2.048122E1,3.035567E1,1.961855E1,-1.145952E1,-5.046977E0
3.482759E0,-6.729129E0,2.897728E1,4.752238E0,5.256881E0,-3.534223E1,-2.046005E1,3.036009E1,1.961522E1,-1.143539E1,-5.097207E0
3.517241E0,-6.730328E0,2.897084E1,4.811488E0,5.239815E0,-3.540233E1,-2.048447E1,3.037575E1,1.959458E1,-1.143574E1,-5.103041E0
3.551724E0,-6.655802E0,2.892873E1,4.782941E0,5.228087E0,-3.541407E1,-2.044991E1,3.036527E1,1.958426E1,-1.136353E1,-5.144796E0
3.586207E0,-6.656716E0,2.891964E1,4.866411E0,5.227519E0,-3.547708E1,-2.042625E1,3.034848E1,1.956395E1,-1.136249E1,-5.154706E0
3.620690E0,-6.608234E0,2.888967E1,4.848071E0,5.238754E0,-3.549757E1,-2.039956E1,3.034201E1,1.957841E1,-1.131491E1,-5.183187E0
3.655172E0,-6.592715E0,2.895374E1,4.795811E0,5.163017E0,-3.547809E1,-2.041839E1,3.031757E1,1.953325E1,-1.129925E1,-5.119693E0
3.689655E0,-6.576553E0,2.899696E1,4.714830E0,5.162044E0,-3.551583E1,-2.043979E1,3.036421E1,1.954858E1,-1.128297E1,-5.077860E0
3.724138E0,-6.628691E0,2.901623E1,4.709441E0,5.238334E0,-3.549844E1,-2.050268E1,3.033081E1,1.954629E1,-1.133628E1,-5.056439E0
3.758621E0,-6.600621E0,2.900907E1,4.693270E0,5.213098E0,-3.547797E1,-2.049231E1,3.033926E1,1.955048E1,-1.137254E1,-5.065926E0
3.793103E0,-6.588931E0,2.904575E1,4.716805E0,5.218027E0,-3.549109E1,-2.048559E1,3.039265E1,1.954192E1,-1.136246E1,-5.029192E0
3.827586E0,-6.605337E0,2.897136E1,4.695966E0,5.305570E0,-3.549417E1,-2.046989E1,3.040317E1,1.956202E1,-1.137917E1,-5.103944E0
3.862069E0,-6.563831E0,2.896515E1,4.677719E0,5.265094E0,-3.555132E1,-2.046621E1,3.041010E1,1.955293E1,-1.133622E1,-5.108385E0
3.896552E0,-6.584559E0,2.898666E1,4.668193E0,5.250322E0,-3.558621E1,-2.050404E1,3.040599E1,1.955599E1,-1.135800E1,-5.088623E0
3.931034E0,-6.646071E0,2.901621E1,4.675677E0,5.224257E0,-3.556422E1,-2.052431E1,3.038651E1,1.955222E1,-1.141888E1,-5.057208E0
3.965517E0,-6.723667E0,2.900097E1,4.709020E0,5.248323E0,-3.558243E1,-2.053255E1,3.043441E1,1.957008E1,-1.149676E1,-5.074836E0
4.000000E0,-6.847687E0,2.896936E1,4.620813E0,5.154231E0,-3.557185E1,-2.050083E1,3.040831E1,1.956833E1,-1.162036E1,-5.104646E0
4.034483E0,-6.896499E0,2.891381E1,4.587129E0,5.141062E0,-3.558051E1,-2.052703E1,3.042199E1,1.953214E1,-1.166912E1,-5.160930E0
4.068966E0,-6.922777E0,2.893679E1,4.522360E0,5.161134E0,-3.556849E1,-2.052487E1,3.044611E1,1.958537E1,-1.169646E1,-5.138714E0
4.103448E0,-6.983734E0,2.893791E1,4.403099E0,5.175538E0,-3.554372E1,-2.055739E1,3.042556E1,1.961627E1,,
