#multi:
,mass A,,mass B,,mass C,,
t,x,y,x,y,x,y,
0.000000E0,1.723780E1,-3.297600E0,3.933817E1,-2.320248E1,-9.207014E0,3.297172E1
3.448276E-2,1.721579E1,-3.456168E0,3.934843E1,-2.327687E1,-9.211630E0,3.287225E1
6.896552E-2,1.723930E1,-3.408572E0,3.936839E1,-2.321141E1,-9.247487E0,3.289587E1
1.034483E-1,1.727346E1,-3.448844E0,3.929837E1,-2.317081E1,-9.259694E0,3.303422E1
1.379310E-1,1.730698E1,-3.368482E0,3.929216E1,-2.326845E1,-9.277757E0,3.303922E1
1.724138E-1,1.728859E1,-3.308688E0,3.927560E1,-2.322367E1,-9.292413E0,3.296523E1
2.068966E-1,1.732331E1,-3.349990E0,3.927145E1,-2.319665E1,-9.284502E0,3.295875E1
2.413793E-1,1.730430E1,-3.387399E0,3.928477E1,-2.323913E1,-9.225665E0,3.299348E1
2.758621E-1,1.726420E1,-3.335733E0,3.926568E1,-2.329075E1,-9.227826E0,3.293668E1
3.103448E-1,1.725376E1,-3.344612E0,3.931825E1,-2.317517E1,-9.232701E0,3.299922E1
3.448276E-1,1.720228E1,-3.359945E0,3.936440E1,-2.320957E1,-9.232660E0,3.298103E1
3.793103E-1,1.716529E1,-3.461613E0,3.936769E1,-2.320536E1,-9.242528E0,3.289619E1
4.137931E-1,1.719291E1,-3.371194E0,3.938251E1,-2.317073E1,-9.302295E0,3.290690E1
4.482759E-1,1.719468E1,-3.367818E0,3.936751E1,-2.315625E1,-9.260976E0,3.295634E1
4.827586E-1,1.712683E1,-3.371014E0,3.933358E1,-2.311812E1,-9.293363E0,3.292193E1
5.172414E-1,1.709662E1,-3.397815E0,3.938075E1,-2.323161E1,-9.264753E0,3.287894E1
5.517241E-1,1.708151E1,-3.379417E0,3.942203E1,-2.314574E1,-9.301117E0,3.294050E1
5.862069E-1,1.712507E1,-3.352627E0,3.941648E1,-2.312903E1,-9.285979E0,3.299245E1
6.206897E-1,1.711115E1,-3.363928E0,3.944543E1,-2.310227E1,-9.281599E0,3.289145E1
6.551724E-1,1.713702E1,-3.348031E0,3.951377E1,-2.313893E1,-9.299481E0,3.292098E1
6.896552E-1,1.717171E1,-3.327590E0,3.950624E1,-2.312888E1,-9.262411E0,3.292947E1
7.241379E-1,1.714107E1,-3.362096E0,3.949353E1,-2.307549E1,-9.246868E0,3.288725E1
7.586207E-1,1.722700E1,-3.337771E0,3.950065E1,-2.307640E1,-9.323061E0,3.293756E1
7.931034E-1,1.721361E1,-3.355443E0,3.942884E1,-2.305657E1,-9.337931E0,3.298090E1
8.275862E-1,1.725468E1,-3.337767E0,3.944877E1,-2.310763E1,-9.315417E0,3.295111E1
8.620690E-1,1.721153E1,-3.441536E0,3.946251E1,-2.315421E1,-9.320866E0,3.297269E1
8.965517E-1,1.722498E1,-3.430261E0,3.948660E1,-2.314105E1,-9.326213E0,3.293968E1
9.310345E-1,1.725220E1,-3.389231E0,3.947832E1,-2.308467E1,-9.354821E0,3.297076E1
9.655172E-1,1.719253E1,-3.382484E0,3.951502E1,-2.306682E1,-9.314813E0,3.301178E1
1.000000E0,1.720267E1,-3.411229E0,3.953441E1,-2.304285E1,-9.349543E0,3.306991E1
1.034483E0,1.718082E1,-3.359367E0,3.953637E1,-2.307483E1,-9.322569E0,3.299750E1
1.068966E0,1.714043E1,-3.420725E0,3.954171E1,-2.304864E1,-9.280810E0,3.296425E1
1.103448E0,1.718039E1,-3.393212E0,3.949943E1,-2.308799E1,-9.317544E0,3.294304E1
1.137931E0,1.715798E1,-3.348080E0,3.945997E1,-2.316257E1,-9.345467E0,3.293901E1
1.172414E0,1.717055E1,-3.373593E0,3.945960E1,-2.309104E1,-9.322096E0,3.301997E1
1.206897E0,1.720379E1,-3.371512E0,3.952836E1,-2.306969E1,-9.304398E0,3.301971E1
1.241379E0,1.720867E1,-3.389005E0,3.957205E1,-2.305690E1,-9.209627E0,3.297340E1
1.275862E0,1.726220E1,-3.372688E0,3.948519E1,-2.313974E1,-9.222635E0,3.301957E1
1.310345E0,1.720164E1,-3.357827E0,3.947989E1,-2.314680E1,-9.187235E0,3.303054E1
1.344828E0,1.719641E1,-3.373976E0,3.952196E1,-2.310433E1,-9.218647E0,3.299792E1
1.379310E0,1.717690E1,-3.360149E0,3.953339E1,-2.310936E1,-9.211464E0,3.298292E1
1.413793E0,1.718535E1,-3.346183E0,3.949707E1,-2.311788E1,-9.224792E0,3.298378E1
1.448276E0,1.717867E1,-3.386735E0,3.947191E1,-2.323450E1,-9.316362E0,3.298010E1
1.482759E0,1.718025E1,-3.361082E0,3.946480E1,-2.316511E1,-9.334854E0,3.290202E1
1.517241E0,1.712059E1,-3.370156E0,3.946488E1,-2.313967E1,-9.352014E0,3.288562E1
1.551724E0,1.714366E1,-3.401186E0,3.944302E1,-2.317210E1,-9.348524E0,3.291254E1
1.586207E0,1.717719E1,-3.397991E0,3.945119E1,-2.319786E1,-9.315397E0,3.292860E1
1.620690E0,1.718862E1,-3.330710E0,3.945080E1,-2.321427E1,-9.362344E0,3.296519E1
1.655172E0,1.721161E1,-3.331179E0,3.950668E1,-2.325163E1,-9.368100E0,3.293545E1
1.689655E0,1.715873E1,-3.280247E0,3.945533E1,-2.328555E1,-9.329580E0,3.289185E1
1.724138E0,1.724353E1,-3.345647E0,3.947016E1,-2.321507E1,-9.279932E0,3.295030E1
1.758621E0,1.720654E1,-3.370825E0,3.949536E1,-2.317480E1,-9.297136E0,3.293269E1
1.793103E0,1.722624E1,-3.321171E0,3.948343E1,-2.321010E1,-9.323579E0,3.291747E1
1.827586E0,1.720772E1,-3.314878E0,3.951792E1,-2.320853E1,-9.386762E0,3.285846E1
1.862069E0,1.723109E1,-3.325016E0,3.955023E1,-2.316569E1,-9.383002E0,3.286850E1
1.896552E0,1.730617E1,-3.246816E0,3.952894E1,-2.314467E1,-9.366176E0,3.287863E1
1.931034E0,1.730360E1,-3.257780E0,3.954538E1,-2.316070E1,-9.323856E0,3.293473E1
1.965517E0,1.731745E1,-3.186633E0,3.955104E1,-2.315775E1,-9.366219E0,3.287158E1
2.000000E0,1.725561E1,-3.173375E0,3.953955E1,-2.307535E1,-9.355465E0,3.289980E1
2.034483E0,1.726014E1,-3.177692E0,3.957146E1,-2.310986E1,-9.355931E0,3.289040E1
2.068966E0,1.725858E1,-3.207771E0,3.952402E1,-2.313173E1,-9.347945E0,3.287501E1
2.103448E0,1.720220E1,-3.268664E0,3.945787E1,-2.315066E1,-9.282596E0,3.293008E1
2.137931E0,1.716496E1,-3.256834E0,3.945187E1,-2.316968E1,-9.248131E0,3.290015E1
2.172414E0,1.716445E1,-3.295162E0,3.950465E1,-2.320406E1,-9.232601E0,3.292195E1
2.206897E0,1.721378E1,-3.248722E0,3.947081E1,-2.318955E1,-9.221396E0,3.289708E1
2.241379E0,1.719963E1,-3.209421E0,3.947156E1,-2.320730E1,-9.225542E0,3.291143E1
2.275862E0,1.720476E1,-3.256394E0,3.949600E1,-2.320496E1,-9.256050E0,3.286369E1
2.310345E0,1.723859E1,-3.226598E0,3.942116E1,-2.318501E1,-9.280988E0,3.285443E1
2.344828E0,1.720772E1,-3.231141E0,3.946091E1,-2.320361E1,-9.303872E0,3.290117E1
2.379310E0,1.722268E1,-3.250554E0,3.949267E1,-2.315962E1,-9.269499E0,3.288748E1
2.413793E0,1.727910E1,-3.258356E0,3.952523E1,-2.309994E1,-9.225742E0,3.286563E1
2.448276E0,1.729145E1,-3.222977E0,3.954337E1,-2.309806E1,-9.217822E0,3.281297E1
2.482759E0,1.726179E1,-3.266675E0,3.951287E1,-2.309873E1,-9.265690E0,3.286656E1
2.517241E0,1.723407E1,-3.309920E0,3.956827E1,-2.309737E1,-9.261579E0,3.288895E1
2.551724E0,1.730845E1,-3.258257E0,3.956612E1,-2.304136E1,-9.308881E0,3.286998E1
2.586207E0,1.730453E1,-3.239519E0,3.956179E1,-2.307447E1,-9.306784E0,3.293833E1
2.620690E0,1.729730E1,-3.173884E0,3.954514E1,-2.306302E1,-9.261635E0,3.294483E1
2.655172E0,1.725999E1,-3.176619E0,3.955428E1,-2.307425E1,-9.274391E0,3.292689E1
2.689655E0,1.726652E1,-3.199010E0,3.954133E1,-2.306207E1,-9.216693E0,3.288167E1
2.724138E0,1.721398E1,-3.267497E0,3.949801E1,-2.307583E1,-9.230786E0,3.291552E1
2.758621E0,1.726728E1,-3.315250E0,3.949725E1,-2.307780E1,-9.222782E0,3.293975E1
2.793103E0,1.722017E1,-3.265473E0,3.951593E1,-2.301901E1,-9.187970E0,3.295310E1
2.827586E0,1.724553E1,-3.327582E0,3.961209E1,-2.296443E1,-9.257990E0,3.299616E1
2.862069E0,1.719741E1,-3.295538E0,3.956646E1,-2.301018E1,-9.238776E0,3.291096E1
2.896552E0,1.718741E1,-3.289592E0,3.957439E1,-2.297308E1,-9.205362E0,3.291258E1
2.931034E0,1.719417E1,-3.281838E0,3.953460E1,-2.300817E1,-9.178247E0,3.295368E1
2.965517E0,1.716400E1,-3.342530E0,3.953419E1,-2.303784E1,-9.202083E0,3.292494E1
3.000000E0,1.718399E1,-3.394007E0,3.956059E1,-2.303265E1,-9.189172E0,3.291205E1
3.034483E0,1.715463E1,-3.363387E0,3.955297E1,-2.313747E1,-9.233179E0,3.292308E1
3.068966E0,1.719262E1,-3.312814E0,3.948019E1,-2.316087E1,-9.321860E0,3.290060E1
3.103448E0,1.716706E1,-3.272411E0,3.947354E1,-2.312926E1,-9.292996E0,3.293611E1
3.137931E0,1.720057E1,-3.308763E0,3.941852E1,-2.311508E1,-9.257470E0,3.295783E1
3.172414E0,1.714169E1,-3.321230E0,3.942583E1,-2.310419E1,-9.294516E0,3.295875E1
3.206897E0,1.717704E1,-3.352162E0,3.937768E1,-2.316396E1,-9.239456E0,3.289466E1
3.241379E0,1.716559E1,-3.363558E0,3.948487E1,-2.311276E1,-9.198835E0,3.289345E1
3.275862E0,1.716768E1,-3.299048E0,3.952448E1,-2.317747E1,-9.197019E0,3.291221E1
3.310345E0,1.716387E1,-3.346874E0,3.948882E1,-2.318583E1,-9.174032E0,3.289899E1
3.344828E0,1.718843E1,-3.350151E0,3.947212E1,-2.319987E1,-9.275162E0,3.291111E1
3.379310E0,1.716908E1,-3.388524E0,3.943111E1,-2.317203E1,-9.224034E0,3.288398E1
3.413793E0,1.719228E1,-3.338954E0,3.945149E1,-2.320159E1,-9.221346E0,3.292114E1
3.448276E0,1.717179E1,-3.386937E0,3.955983E1,-2.321966E1,-9.269521E0,3.289433E1
3.482759E0,1.716198E1,-3.348293E0,3.957684E1,-2.316733E1,-9.263099E0,3.296635E1
3.517241E0,1.712473E1,-3.381155E0,3.950368E1,-2.313900E1,-9.305748E0,3.301280E1
3.551724E0,1.709897E1,-3.385736E0,3.949127E1,-2.311047E1,-9.293411E0,3.303250E1
3.586207E0,1.709167E1,-3.376351E0,3.955919E1,-2.311107E1,-9.290807E0,3.305072E1
3.620690E0,1.713857E1,-3.422451E0,3.953271E1,-2.309684E1,-9.254806E0,3.302147E1
3.655172E0,1.717233E1,-3.382714E0,3.950934E1,-2.306034E1,-9.234828E0,3.301799E1
3.689655E0,1.716881E1,-3.358070E0,3.949523E1,-2.310226E1,-9.234444E0,3.300824E1
3.724138E0,1.714598E1,-3.338546E0,3.952320E1,-2.308091E1,-9.255386E0,3.307622E1
3.758621E0,1.721055E1,-3.360430E0,3.955658E1,-2.307724E1,-9.264335E0,3.306741E1
3.793103E0,1.723457E1,-3.349352E0,3.945837E1,-2.311316E1,-9.284739E0,3.303855E1
3.827586E0,1.728093E1,-3.397870E0,3.947247E1,-2.315752E1,-9.246313E0,3.297624E1
3.862069E0,1.730003E1,-3.321330E0,3.946179E1,-2.312910E1,-9.335083E0,3.296063E1
3.896552E0,1.728626E1,-3.344795E0,3.945220E1,-2.317810E1,-9.305800E0,3.298368E1
3.931034E0,1.731774E1,-3.368818E0,3.943330E1,-2.320739E1,-9.267458E0,3.300670E1
3.965517E0,1.727592E1,-3.321458E0,3.945678E1,-2.316954E1,-9.227930E0,3.304812E1
4.000000E0,1.734102E1,-3.302310E0,3.948418E1,-2.318570E1,-9.191228E0,3.300482E1
4.034483E0,1.734183E1,-3.336552E0,3.944701E1,-2.325837E1,-9.251933E0,3.296918E1
4.068966E0,1.738828E1,-3.346196E0,3.946811E1,-2.329428E1,-9.306544E0,3.298576E1
4.103448E0,1.736776E1,-3.373656E0,3.942474E1,-2.318084E1,,
