#multi:
,mass A,,mass B,,
t,x,y,x,y,
0.000000E0,-3.149895E1,-5.152500E0,3.439750E1,-1.675498E1
3.448276E-2,-3.155308E1,-5.244309E0,3.444196E1,-1.682906E1
6.896552E-2,-3.154869E1,-5.203396E0,3.439927E1,-1.683444E1
1.034483E-1,-3.151496E1,-5.185654E0,3.440955E1,-1.682912E1
1.379310E-1,-3.149028E1,-5.156146E0,3.443237E1,-1.694173E1
1.724138E-1,-3.146293E1,-5.149519E0,3.443250E1,-1.696774E1
2.068966E-1,-3.152435E1,-5.210136E0,3.443403E1,-1.685749E1
2.413793E-1,-3.148959E1,-5.199002E0,3.446092E1,-1.691950E1
2.758621E-1,-3.146354E1,-5.183102E0,3.444654E1,-1.697854E1
3.103448E-1,-3.155091E1,-5.169780E0,3.442097E1,-1.699786E1
3.448276E-1,-3.154744E1,-5.229394E0,3.442060E1,-1.697163E1
3.793103E-1,-3.149026E1,-5.247899E0,3.448819E1,-1.693753E1
4.137931E-1,-3.154515E1,-5.297667E0,3.454274E1,-1.695944E1
4.482759E-1,-3.153546E1,-5.240338E0,3.448523E1,-1.694463E1
4.827586E-1,-3.153734E1,-5.209267E0,3.449671E1,-1.687449E1
5.172414E-1,-3.153375E1,-5.195612E0,3.455189E1,-1.690219E1
5.517241E-1,-3.150137E1,-5.184199E0,3.454214E1,-1.691645E1
5.862069E-1,-3.144926E1,-5.164561E0,3.459053E1,-1.691458E1
6.206897E-1,-3.150259E1,-5.174538E0,3.463657E1,-1.694253E1
6.551724E-1,-3.152532E1,-5.193382E0,3.460260E1,-1.686758E1
6.896552E-1,-3.149960E1,-5.200447E0,3.456079E1,-1.697461E1
7.241379E-1,-3.149706E1,-5.199563E0,3.455875E1,-1.690639E1
7.586207E-1,-3.146308E1,-5.062717E0,3.457690E1,-1.687942E1
7.931034E-1,-3.149270E1,-5.175326E0,3.454911E1,-1.701101E1
8.275862E-1,-3.146066E1,-5.186719E0,3.454859E1,-1.704703E1
8.620690E-1,-3.146706E1,-5.129269E0,3.452877E1,-1.702884E1
8.965517E-1,-3.145918E1,-5.137503E0,3.457428E1,-1.693473E1
9.310345E-1,-3.156778E1,-5.167535E0,3.457611E1,-1.698788E1
9.655172E-1,-3.150450E1,-5.144486E0,3.456861E1,-1.696170E1
1.000000E0,-3.152195E1,-5.170097E0,3.457647E1,-1.687991E1
1.034483E0,-3.148021E1,-5.177035E0,3.455104E1,-1.688574E1
1.068966E0,-3.153554E1,-5.201634E0,3.452726E1,-1.692330E1
1.103448E0,-3.152039E1,-5.192082E0,3.447920E1,-1.691696E1
1.137931E0,-3.150947E1,-5.146543E0,3.449126E1,-1.693851E1
1.172414E0,-3.152318E1,-5.189012E0,3.451144E1,-1.690911E1
1.206897E0,-3.152809E1,-5.153904E0,3.447527E1,-1.688417E1
1.241379E0,-3.151716E1,-5.174033E0,3.452055E1,-1.681870E1
1.275862E0,-3.152187E1,-5.196717E0,3.453978E1,-1.688154E1
1.310345E0,-3.148205E1,-5.202339E0,3.455543E1,-1.688843E1
1.344828E0,-3.151124E1,-5.263626E0,3.454833E1,-1.679088E1
1.379310E0,-3.149884E1,-5.271844E0,3.453932E1,-1.678832E1
1.413793E0,-3.146905E1,-5.255124E0,3.453111E1,-1.688677E1
1.448276E0,-3.145305E1,-5.194946E0,3.448524E1,-1.685346E1
1.482759E0,-3.156489E1,-5.133277E0,3.449286E1,-1.690027E1
1.517241E0,-3.155285E1,-5.160685E0,3.450492E1,-1.692960E1
1.551724E0,-3.151290E1,-5.131436E0,3.452401E1,-1.688455E1
1.586207E0,-3.145840E1,-5.093525E0,3.450847E1,-1.689608E1
1.620690E0,-3.145594E1,-5.164736E0,3.448361E1,-1.689284E1
1.655172E0,-3.146608E1,-5.203275E0,3.452660E1,-1.688441E1
1.689655E0,-3.147501E1,-5.202954E0,3.456259E1,-1.685970E1
1.724138E0,-3.145859E1,-5.224869E0,3.455982E1,-1.692761E1
1.758621E0,-3.150222E1,-5.177186E0,3.460974E1,-1.691706E1
1.793103E0,-3.157539E1,-5.157113E0,3.466014E1,-1.683366E1
1.827586E0,-3.157168E1,-5.214184E0,3.466462E1,-1.689162E1
1.862069E0,-3.150388E1,-5.179483E0,3.462362E1,-1.688609E1
1.896552E0,-3.154378E1,-5.167439E0,3.462167E1,-1.684462E1
1.931034E0,-3.151574E1,-5.194034E0,3.467424E1,-1.684561E1
1.965517E0,-3.150098E1,-5.198773E0,3.465601E1,-1.683320E1
2.000000E0,-3.152210E1,-5.232804E0,3.469410E1,-1.692256E1
2.034483E0,-3.149657E1,-5.239831E0,3.471473E1,-1.688351E1
2.068966E0,-3.153207E1,-5.206403E0,3.472637E1,-1.678111E1
2.103448E0,-3.155923E1,-5.212935E0,3.463722E1,-1.673105E1
2.137931E0,-3.158288E1,-5.186200E0,3.461721E1,-1.676377E1
2.172414E0,-3.149999E1,-5.128092E0,3.467835E1,-1.674270E1
2.206897E0,-3.158689E1,-5.213660E0,3.465099E1,-1.668787E1
2.241379E0,-3.155150E1,-5.253505E0,3.467988E1,-1.671038E1
2.275862E0,-3.152554E1,-5.180875E0,3.467295E1,-1.681923E1
2.310345E0,-3.148363E1,-5.195738E0,3.463427E1,-1.682061E1
2.344828E0,-3.147279E1,-5.135411E0,3.461549E1,-1.683589E1
2.379310E0,-3.147460E1,-5.173504E0,3.459187E1,-1.682038E1
2.413793E0,-3.153183E1,-5.178651E0,3.462172E1,-1.685278E1
2.448276E0,-3.154465E1,-5.221136E0,3.461635E1,-1.685692E1
2.482759E0,-3.156522E1,-5.225235E0,3.455186E1,-1.679728E1
2.517241E0,-3.154182E1,-5.257590E0,3.455210E1,-1.681595E1
2.551724E0,-3.154791E1,-5.240031E0,3.457605E1,-1.682471E1
2.586207E0,-3.150400E1,-5.266708E0,3.460615E1,-1.679875E1
2.620690E0,-3.151849E1,-5.269207E0,3.463621E1,-1.680498E1
2.655172E0,-3.155394E1,-5.234619E0,3.472328E1,-1.677858E1
2.689655E0,-3.154279E1,-5.265350E0,3.467706E1,-1.682975E1
2.724138E0,-3.150234E1,-5.232395E0,3.462486E1,-1.682954E1
2.758621E0,-3.151055E1,-5.248979E0,3.464280E1,-1.681231E1
2.793103E0,-3.157464E1,-5.246696E0,3.464608E1,-1.670764E1
2.827586E0,-3.156003E1,-5.219616E0,3.465968E1,-1.680586E1
2.862069E0,-3.149592E1,-5.204376E0,3.463067E1,-1.676192E1
2.896552E0,-3.147686E1,-5.105005E0,3.470550E1,-1.677727E1
2.931034E0,-3.146798E1,-5.139981E0,3.462897E1,-1.683831E1
2.965517E0,-3.147255E1,-5.174477E0,3.459068E1,-1.690624E1
3.000000E0,-3.146672E1,-5.112404E0,3.457835E1,-1.690787E1
3.034483E0,-3.149713E1,-5.153570E0,3.462157E1,-1.687371E1
3.068966E0,-3.148581E1,-5.152296E0,3.468334E1,-1.678449E1
3.103448E0,-3.152210E1,-5.153569E0,3.464862E1,-1.672406E1
3.137931E0,-3.153233E1,-5.145248E0,3.463393E1,-1.670953E1
3.172414E0,-3.152974E1,-5.155532E0,3.462464E1,-1.669602E1
3.206897E0,-3.154842E1,-5.200878E0,3.460048E1,-1.668906E1
3.241379E0,-3.153339E1,-5.131934E0,3.456063E1,-1.675327E1
3.275862E0,-3.152219E1,-5.152727E0,3.459106E1,-1.682721E1
3.310345E0,-3.149325E1,-5.175991E0,3.453849E1,-1.679711E1
3.344828E0,-3.155644E1,-5.190366E0,3.457444E1,-1.681557E1
3.379310E0,-3.155092E1,-5.153116E0,3.456312E1,-1.679235E1
3.413793E0,-3.153123E1,-5.211278E0,3.454761E1,-1.683706E1
3.448276E0,-3.153397E1,-5.210036E0,3.449905E1,-1.688346E1
3.482759E0,-3.154072E1,-5.202119E0,3.445372E1,-1.685402E1
3.517241E0,-3.157314E1,-5.210784E0,3.446915E1,-1.679615E1
3.551724E0,-3.154519E1,-5.243833E0,3.447305E1,-1.683761E1
3.586207E0,-3.151764E1,-5.218611E0,3.445975E1,-1.684181E1
3.620690E0,-3.159285E1,-5.268763E0,3.453448E1,-1.683793E1
3.655172E0,-3.155906E1,-5.184649E0,3.457704E1,-1.687641E1
3.689655E0,-3.152677E1,-5.145066E0,3.460383E1,-1.683076E1
3.724138E0,-3.150194E1,-5.175625E0,3.471096E1,-1.683830E1
3.758621E0,-3.147523E1,-5.169350E0,3.475899E1,-1.681892E1
3.793103E0,-3.148709E1,-5.190455E0,3.471193E1,-1.675234E1
3.827586E0,-3.148983E1,-5.178481E0,3.464132E1,-1.676406E1
3.862069E0,-3.152534E1,-5.224120E0,3.460954E1,-1.688331E1
3.896552E0,-3.154300E1,-5.212665E0,3.454829E1,-1.687161E1
3.931034E0,-3.154975E1,-5.208791E0,3.449721E1,-1.681026E1
3.965517E0,-3.152328E1,-5.189151E0,3.457686E1,-1.680799E1
4.000000E0,-3.151661E1,-5.180428E0,3.458380E1,-1.680330E1
4.034483E0,-3.151582E1,-5.153657E0,3.458794E1,-1.684792E1
4.068966E0,-3.152252E1,-5.213091E0,3.452076E1,-1.683530E1
4.103448E0,-3.153597E1,-5.218483E0,3.457068E1,-1.697146E1
