#multi:
,mass A,,mass B,,mass C,,mass D,,mass E,,
t,x,y,x,y,x,y,x,y,x,y,
0.000000E0,1.033935E1,5.496000E0,-2.554826E0,-1.453841E1,-2.978247E1,3.611851E0,3.639345E1,-2.014030E1,5.839500E0,-3.204855E1
3.448276E-2,1.039343E1,5.508681E0,-2.431909E0,-1.458558E1,-2.977533E1,3.578511E0,3.639771E1,-2.018353E1,5.847373E0,-3.213491E1
6.896552E-2,1.045295E1,5.583760E0,-2.420923E0,-1.459937E1,-2.983815E1,3.579331E0,3.646393E1,-2.018029E1,5.845064E0,-3.207078E1
1.034483E-1,1.048861E1,5.640394E0,-2.472539E0,-1.469017E1,-2.985589E1,3.517502E0,3.643951E1,-2.023183E1,5.825783E0,-3.207207E1
1.379310E-1,1.041950E1,5.614028E0,-2.569096E0,-1.469462E1,-2.977320E1,3.404541E0,3.642329E1,-2.026127E1,5.812624E0,-3.215773E1
1.724138E-1,1.030300E1,5.617801E0,-2.700216E0,-1.471091E1,-2.974280E1,3.493664E0,3.637122E1,-2.024100E1,5.820070E0,-3.213163E1
2.068966E-1,1.038874E1,5.660087E0,-2.705752E0,-1.461289E1,-2.978312E1,3.554639E0,3.635444E1,-2.022857E1,5.816002E0,-3.211355E1
2.413793E-1,1.046017E1,5.675302E0,-2.771198E0,-1.449351E1,-2.973578E1,3.530539E0,3.635517E1,-2.027449E1,5.843336E0,-3.211154E1
2.758621E-1,1.044786E1,5.690644E0,-2.810746E0,-1.451424E1,-2.974060E1,3.519388E0,3.632636E1,-2.017469E1,5.867617E0,-3.216028E1
3.103448E-1,1.048148E1,5.773308E0,-2.887450E0,-1.453137E1,-2.973609E1,3.479943E0,3.638515E1,-2.021258E1,5.842744E0,-3.211550E1
3.448276E-1,1.053439E1,5.848786E0,-2.905774E0,-1.457111E1,-2.976610E1,3.533354E0,3.640829E1,-2.022548E1,5.846785E0,-3.210658E1
3.793103E-1,1.059807E1,5.803859E0,-2.874186E0,-1.460835E1,-2.978915E1,3.507253E0,3.639104E1,-2.030056E1,5.872403E0,-3.212742E1
4.137931E-1,1.060556E1,5.686483E0,-2.940635E0,-1.460096E1,-2.979136E1,3.574448E0,3.642654E1,-2.027374E1,5.851494E0,-3.209544E1
4.482759E-1,1.047570E1,5.726064E0,-2.938026E0,-1.456609E1,-2.980554E1,3.494061E0,3.645224E1,-2.028448E1,5.866962E0,-3.213392E1
4.827586E-1,1.040777E1,5.752933E0,-2.925102E0,-1.456239E1,-2.976712E1,3.523475E0,3.638755E1,-2.031413E1,5.928322E0,-3.208983E1
5.172414E-1,1.051159E1,5.789515E0,-2.909360E0,-1.459854E1,-2.980917E1,3.587002E0,3.633151E1,-2.027968E1,6.008993E0,-3.213982E1
5.517241E-1,1.052086E1,5.826113E0,-2.977571E0,-1.454412E1,-2.982352E1,3.566644E0,3.640274E1,-2.032448E1,6.008841E0,-3.217627E1
5.862069E-1,1.048830E1,5.774820E0,-2.979641E0,-1.454275E1,-2.980929E1,3.525968E0,3.644540E1,-2.025416E1,5.940112E0,-3.221315E1
6.206897E-1,1.051569E1,5.732259E0,-3.069286E0,-1.451796E1,-2.980232E1,3.532342E0,3.643668E1,-2.022978E1,5.951895E0,-3.222384E1
6.551724E-1,1.062684E1,5.675750E0,-2.950817E0,-1.451849E1,-2.972264E1,3.559275E0,3.638192E1,-2.022972E1,5.897120E0,-3.220967E1
6.896552E-1,1.063952E1,5.615407E0,-2.956049E0,-1.450425E1,-2.971156E1,3.522295E0,3.637697E1,-2.028020E1,5.874185E0,-3.215545E1
7.241379E-1,1.051315E1,5.669810E0,-3.003185E0,-1.441522E1,-2.974831E1,3.493779E0,3.634037E1,-2.028015E1,5.907399E0,-3.213836E1
7.586207E-1,1.042700E1,5.802717E0,-2.975408E0,-1.441705E1,-2.976470E1,3.552608E0,3.634760E1,-2.025219E1,5.850044E0,-3.213135E1
7.931034E-1,1.045254E1,5.816289E0,-3.056955E0,-1.447256E1,-2.976046E1,3.584783E0,3.629200E1,-2.027957E1,5.871589E0,-3.209336E1
8.275862E-1,1.031430E1,5.773344E0,-3.065596E0,-1.451266E1,-2.970716E1,3.554804E0,3.627323E1,-2.029310E1,5.796524E0,-3.213298E1
8.620690E-1,1.023683E1,5.771455E0,-2.991647E0,-1.445321E1,-2.973494E1,3.577830E0,3.629005E1,-2.025738E1,5.821300E0,-3.214976E1
8.965517E-1,1.017757E1,5.779162E0,-2.990408E0,-1.439976E1,-2.976211E1,3.576799E0,3.635857E1,-2.025913E1,5.806821E0,-3.212042E1
9.310345E-1,1.016363E1,5.787621E0,-3.010226E0,-1.450517E1,-2.979590E1,3.484759E0,3.629680E1,-2.021046E1,5.825413E0,-3.213226E1
9.655172E-1,1.018248E1,5.880752E0,-3.018476E0,-1.447883E1,-2.978625E1,3.499995E0,3.632554E1,-2.024124E1,5.850324E0,-3.216969E1
1.000000E0,1.021317E1,5.954630E0,-3.047882E0,-1.450914E1,-2.977192E1,3.437209E0,3.627915E1,-2.022472E1,5.883314E0,-3.219330E1
1.034483E0,1.019097E1,5.894175E0,-3.083736E0,-1.454779E1,-2.980320E1,3.529803E0,3.626135E1,-2.018278E1,5.919709E0,-3.219867E1
1.068966E0,1.017010E1,5.850681E0,-3.083604E0,-1.446735E1,-2.982391E1,3.492621E0,3.624681E1,-2.019814E1,5.934086E0,-3.217020E1
1.103448E0,1.024262E1,5.840719E0,-3.065762E0,-1.450101E1,-2.983793E1,3.570675E0,3.619114E1,-2.019340E1,5.966474E0,-3.212697E1
1.137931E0,1.027259E1,5.815017E0,-3.056026E0,-1.450608E1,-2.976332E1,3.557637E0,3.618660E1,-2.025019E1,5.958388E0,-3.213687E1
1.172414E0,1.039113E1,5.827990E0,-3.102099E0,-1.454160E1,-2.981174E1,3.559815E0,3.613959E1,-2.027304E1,5.976014E0,-3.212659E1
1.206897E0,1.035762E1,5.894187E0,-3.147061E0,-1.448772E1,-2.984281E1,3.544533E0,3.610990E1,-2.021565E1,5.942420E0,-3.218279E1
1.241379E0,1.038564E1,5.906475E0,-3.201408E0,-1.450726E1,-2.980215E1,3.540517E0,3.614263E1,-2.023174E1,5.937704E0,-3.220447E1
1.275862E0,1.040790E1,5.847656E0,-3.218357E0,-1.453849E1,-2.983751E1,3.566891E0,3.615059E1,-2.019041E1,5.917114E0,-3.221753E1
1.310345E0,1.043468E1,5.795654E0,-3.256267E0,-1.453269E1,-2.980126E1,3.573721E0,3.618592E1,-2.021430E1,5.908293E0,-3.222252E1
1.344828E0,1.040485E1,5.819168E0,-3.334065E0,-1.442217E1,-2.980903E1,3.632390E0,3.619387E1,-2.017780E1,5.891339E0,-3.221726E1
1.379310E0,1.034903E1,5.620534E0,-3.326009E0,-1.440630E1,-2.974898E1,3.549457E0,3.611943E1,-2.012037E1,5.971889E0,-3.218532E1
1.413793E0,1.028102E1,5.646197E0,-3.325477E0,-1.440262E1,-2.977258E1,3.550909E0,3.611723E1,-2.015098E1,5.974040E0,-3.223582E1
1.448276E0,1.024755E1,5.767808E0,-3.339325E0,-1.436584E1,-2.980413E1,3.538223E0,3.616140E1,-2.012381E1,5.999004E0,-3.216236E1
1.482759E0,1.021675E1,5.728349E0,-3.339646E0,-1.438861E1,-2.976972E1,3.559240E0,3.623550E1,-2.020618E1,6.008305E0,-3.220223E1
1.517241E0,1.018680E1,5.680114E0,-3.340177E0,-1.444274E1,-2.980925E1,3.584056E0,3.627489E1,-2.021758E1,5.920875E0,-3.217643E1
1.551724E0,1.015665E1,5.650368E0,-3.383725E0,-1.445944E1,-2.981819E1,3.533772E0,3.629105E1,-2.022902E1,5.953936E0,-3.211760E1
1.586207E0,1.020869E1,5.636142E0,-3.361970E0,-1.443636E1,-2.978494E1,3.504000E0,3.625896E1,-2.019299E1,5.983478E0,-3.206494E1
1.620690E0,1.017022E1,5.630931E0,-3.384932E0,-1.446383E1,-2.977000E1,3.508556E0,3.624449E1,-2.019121E1,6.032983E0,-3.203409E1
1.655172E0,1.020108E1,5.623197E0,-3.465904E0,-1.442360E1,-2.970139E1,3.544998E0,3.620981E1,-2.020054E1,5.970531E0,-3.209870E1
1.689655E0,1.014805E1,5.566377E0,-3.455301E0,-1.447629E1,-2.969485E1,3.551174E0,3.617958E1,-2.023246E1,5.917566E0,-3.218451E1
1.724138E0,1.010049E1,5.535107E0,-3.364757E0,-1.453013E1,-2.967263E1,3.532731E0,3.618343E1,-2.022093E1,5.895505E0,-3.224128E1
1.758621E0,1.007813E1,5.497678E0,-3.355689E0,-1.441623E1,-2.973608E1,3.559019E0,3.621665E1,-2.025449E1,5.882893E0,-3.225480E1
1.793103E0,1.008973E1,5.482637E0,-3.430778E0,-1.433348E1,-2.975050E1,3.546783E0,3.623192E1,-2.023146E1,5.836988E0,-3.217673E1
1.827586E0,1.001110E1,5.534452E0,-3.430734E0,-1.429482E1,-2.974238E1,3.507095E0,3.629009E1,-2.026433E1,5.829140E0,-3.218351E1
1.862069E0,9.913455E0,5.410601E0,-3.515079E0,-1.435589E1,-2.974147E1,3.566106E0,3.631893E1,-2.026640E1,5.828063E0,-3.221532E1
1.896552E0,9.954441E0,5.384736E0,-3.589388E0,-1.438105E1,-2.974586E1,3.559469E0,3.627754E1,-2.020597E1,5.820330E0,-3.224380E1
1.931034E0,9.904179E0,5.416713E0,-3.569281E0,-1.434752E1,-2.977255E1,3.615017E0,3.627197E1,-2.024668E1,5.806604E0,-3.214806E1
1.965517E0,9.903771E0,5.397368E0,-3.560193E0,-1.425960E1,-2.979816E1,3.611658E0,3.622531E1,-2.020041E1,5.859623E0,-3.214759E1
2.000000E0,9.901275E0,5.443551E0,-3.486100E0,-1.419531E1,-2.983675E1,3.623905E0,3.625721E1,-2.028196E1,5.773399E0,-3.211264E1
2.034483E0,9.848367E0,5.533033E0,-3.437186E0,-1.425403E1,-2.983435E1,3.569014E0,3.623188E1,-2.025180E1,5.811203E0,-3.215726E1
2.068966E0,9.859654E0,5.543219E0,-3.365235E0,-1.419373E1,-2.979038E1,3.557783E0,3.619541E1,-2.022485E1,5.834665E0,-3.218284E1
2.103448E0,9.739187E0,5.564318E0,-3.368961E0,-1.425131E1,-2.982822E1,3.588919E0,3.622015E1,-2.021725E1,5.848569E0,-3.220098E1
2.137931E0,9.643995E0,5.487505E0,-3.320405E0,-1.423138E1,-2.981493E1,3.621926E0,3.618788E1,-2.026889E1,5.879195E0,-3.210963E1
2.172414E0,9.682352E0,5.521149E0,-3.271789E0,-1.426264E1,-2.977560E1,3.587009E0,3.617418E1,-2.021437E1,5.906331E0,-3.212472E1
2.206897E0,9.678042E0,5.529517E0,-3.292557E0,-1.429087E1,-2.981846E1,3.565060E0,3.618593E1,-2.023057E1,5.909250E0,-3.213131E1
2.241379E0,9.654730E0,5.658139E0,-3.346234E0,-1.434474E1,-2.983040E1,3.557793E0,3.612158E1,-2.020967E1,5.931829E0,-3.213458E1
2.275862E0,9.626687E0,5.641109E0,-3.385189E0,-1.427367E1,-2.984135E1,3.574386E0,3.618987E1,-2.023497E1,5.910210E0,-3.212769E1
2.310345E0,9.571712E0,5.677157E0,-3.382203E0,-1.419297E1,-2.982640E1,3.584987E0,3.620539E1,-2.017217E1,5.929559E0,-3.216354E1
2.344828E0,9.573255E0,5.840770E0,-3.439379E0,-1.424092E1,-2.977852E1,3.560197E0,3.620536E1,-2.013910E1,5.949570E0,-3.206672E1
2.379310E0,9.634594E0,5.799360E0,-3.415338E0,-1.416619E1,-2.976567E1,3.528270E0,3.614475E1,-2.014934E1,5.922595E0,-3.206039E1
2.413793E0,9.639601E0,5.792744E0,-3.528478E0,-1.417278E1,-2.982194E1,3.537538E0,3.615986E1,-2.010676E1,5.939668E0,-3.202993E1
2.448276E0,9.671669E0,5.800725E0,-3.582681E0,-1.419331E1,-2.988608E1,3.543654E0,3.623385E1,-2.018658E1,5.951510E0,-3.205671E1
2.482759E0,9.711690E0,5.831163E0,-3.601431E0,-1.418460E1,-2.981283E1,3.566986E0,3.623971E1,-2.013909E1,5.904067E0,-3.208995E1
2.517241E0,9.684107E0,5.897359E0,-3.578445E0,-1.415068E1,-2.977241E1,3.578300E0,3.622602E1,-2.017601E1,5.874156E0,-3.214583E1
2.551724E0,9.655678E0,6.023672E0,-3.524068E0,-1.414403E1,-2.981049E1,3.585086E0,3.622275E1,-2.019906E1,5.858975E0,-3.212509E1
2.586207E0,9.648535E0,6.048239E0,-3.508571E0,-1.408018E1,-2.978875E1,3.621861E0,3.627729E1,-2.024791E1,5.845260E0,-3.215735E1
2.620690E0,9.675127E0,6.018804E0,-3.427975E0,-1.413563E1,-2.986420E1,3.604258E0,3.624855E1,-2.029955E1,5.852745E0,-3.217103E1
2.655172E0,9.669898E0,5.997584E0,-3.462464E0,-1.417319E1,-2.987312E1,3.568563E0,3.633641E1,-2.024457E1,5.842435E0,-3.219435E1
2.689655E0,9.666860E0,5.968866E0,-3.456485E0,-1.415495E1,-2.980209E1,3.601437E0,3.630376E1,-2.015335E1,5.819760E0,-3.220283E1
2.724138E0,9.668956E0,6.028096E0,-3.491099E0,-1.409831E1,-2.983077E1,3.628868E0,3.627053E1,-2.014216E1,5.871366E0,-3.217150E1
2.758621E0,9.648011E0,5.927680E0,-3.481469E0,-1.415197E1,-2.986253E1,3.528648E0,3.636058E1,-2.018849E1,5.880624E0,-3.222610E1
2.793103E0,9.675882E0,5.938298E0,-3.553016E0,-1.412827E1,-2.984486E1,3.541483E0,3.636834E1,-2.015117E1,5.890557E0,-3.221637E1
2.827586E0,9.596012E0,5.871363E0,-3.577253E0,-1.413147E1,-2.978576E1,3.525689E0,3.636189E1,-2.012604E1,5.873655E0,-3.217208E1
2.862069E0,9.580435E0,5.868542E0,-3.584588E0,-1.410355E1,-2.981972E1,3.477925E0,3.636105E1,-2.018809E1,5.917470E0,-3.213187E1
2.896552E0,9.556939E0,5.909342E0,-3.728814E0,-1.415986E1,-2.987005E1,3.477413E0,3.629520E1,-2.022098E1,5.920201E0,-3.210618E1
2.931034E0,9.555524E0,6.007026E0,-3.810322E0,-1.418347E1,-2.987314E1,3.488091E0,3.624419E1,-2.026725E1,5.930120E0,-3.215196E1
2.965517E0,9.634874E0,5.892867E0,-3.863052E0,-1.417061E1,-2.983718E1,3.492447E0,3.620705E1,-2.026031E1,5.918875E0,-3.215534E1
3.000000E0,9.611943E0,5.813579E0,-3.891969E0,-1.416558E1,-2.983358E1,3.528443E0,3.622027E1,-2.025248E1,5.854231E0,-3.214082E1
3.034483E0,9.518554E0,5.793019E0,-3.900849E0,-1.408116E1,-2.982401E1,3.519989E0,3.627347E1,-2.025029E1,5.860023E0,-3.211405E1
3.068966E0,9.475046E0,5.812308E0,-3.980474E0,-1.402263E1,-2.982497E1,3.485786E0,3.622132E1,-2.025212E1,5.915884E0,-3.215825E1
3.103448E0,9.426430E0,5.880788E0,-4.024756E0,-1.408807E1,-2.978091E1,3.501915E0,3.626861E1,-2.024411E1,5.929894E0,-3.218185E1
3.137931E0,9.386774E0,5.837364E0,-4.045358E0,-1.407582E1,-2.976356E1,3.541543E0,3.623516E1,-2.015761E1,5.984386E0,-3.215597E1
3.172414E0,9.354718E0,5.816830E0,-4.025826E0,-1.410568E1,-2.981200E1,3.542605E0,3.624645E1,-2.014571E1,5.945013E0,-3.213858E1
3.206897E0,9.189729E0,5.785000E0,-4.003445E0,-1.407816E1,-2.979674E1,3.552857E0,3.623510E1,-2.013876E1,5.953630E0,-3.218529E1
3.241379E0,8.998057E0,5.760564E0,-4.053035E0,-1.400999E1,-2.982390E1,3.519211E0,3.629078E1,-2.013358E1,5.948844E0,-3.216310E1
3.275862E0,9.011174E0,5.750646E0,-4.027479E0,-1.395280E1,-2.986890E1,3.517057E0,3.626868E1,-2.009225E1,5.904373E0,-3.210876E1
3.310345E0,9.106877E0,5.712767E0,-3.966189E0,-1.403290E1,-2.985709E1,3.488298E0,3.630440E1,-2.007715E1,5.950216E0,-3.213735E1
3.344828E0,9.055501E0,5.843337E0,-3.990631E0,-1.409872E1,-2.985230E1,3.484302E0,3.625640E1,-2.008362E1,5.975543E0,-3.216195E1
3.379310E0,9.051035E0,5.812295E0,-4.085561E0,-1.407387E1,-2.987893E1,3.487846E0,3.621152E1,-2.010791E1,5.945287E0,-3.215670E1
3.413793E0,8.995773E0,5.868094E0,-4.180553E0,-1.403562E1,-2.991185E1,3.525201E0,3.623184E1,-2.013565E1,5.926919E0,-3.213944E1
3.448276E0,8.944977E0,5.856893E0,-4.167851E0,-1.403818E1,-2.988391E1,3.540212E0,3.624797E1,-2.023305E1,5.931092E0,-3.215384E1
3.482759E0,8.932434E0,5.819189E0,-4.258402E0,-1.399106E1,-2.986033E1,3.588646E0,3.625779E1,-2.021390E1,5.943416E0,-3.213885E1
3.517241E0,8.988823E0,5.796297E0,-4.220223E0,-1.402018E1,-2.984081E1,3.602212E0,3.627865E1,-2.028517E1,5.956470E0,-3.210531E1
3.551724E0,8.979928E0,5.826038E0,-4.232878E0,-1.409673E1,-2.985927E1,3.548603E0,3.624170E1,-2.022937E1,5.978928E0,-3.212871E1
3.586207E0,9.054241E0,5.749227E0,-4.234219E0,-1.411381E1,-2.983473E1,3.523616E0,3.626045E1,-2.016888E1,5.969173E0,-3.214577E1
3.620690E0,9.101575E0,5.767831E0,-4.238503E0,-1.425425E1,-2.981961E1,3.542106E0,3.620809E1,-2.009148E1,5.996405E0,-3.217653E1
3.655172E0,9.140287E0,5.759377E0,-4.185213E0,-1.422686E1,-2.979586E1,3.574546E0,3.615580E1,-2.013996E1,5.971077E0,-3.218176E1
3.689655E0,9.130270E0,5.699694E0,-4.171802E0,-1.421755E1,-2.982275E1,3.569799E0,3.622102E1,-2.014751E1,5.948754E0,-3.224602E1
3.724138E0,9.117562E0,5.744781E0,-4.175919E0,-1.427706E1,-2.987244E1,3.569403E0,3.630866E1,-2.013400E1,5.955265E0,-3.223856E1
3.758621E0,9.087733E0,5.920263E0,-4.192229E0,-1.433272E1,-2.984487E1,3.579506E0,3.632102E1,-2.014070E1,5.942432E0,-3.220952E1
3.793103E0,9.076055E0,5.874189E0,-4.084001E0,-1.436010E1,-2.981172E1,3.622417E0,3.632830E1,-2.022621E1,5.948264E0,-3.224048E1
3.827586E0,8.993788E0,5.742460E0,-4.148843E0,-1.437862E1,-2.988761E1,3.613991E0,3.627250E1,-2.025028E1,5.930376E0,-3.221060E1
3.862069E0,9.122057E0,5.697646E0,-4.214381E0,-1.434991E1,-2.987495E1,3.598597E0,3.625003E1,-2.023035E1,5.931450E0,-3.214648E1
3.896552E0,9.170613E0,5.648489E0,-4.251924E0,-1.429455E1,-2.980659E1,3.568290E0,3.627916E1,-2.025805E1,5.955760E0,-3.212371E1
3.931034E0,8.998070E0,5.593567E0,-4.303285E0,-1.433050E1,-2.981672E1,3.578310E0,3.631614E1,-2.022878E1,5.886702E0,-3.213791E1
3.965517E0,8.958980E0,5.563487E0,-4.205362E0,-1.424787E1,-2.983370E1,3.572994E0,3.631720E1,-2.030479E1,5.877864E0,-3.218701E1
4.000000E0,8.961089E0,5.603643E0,-4.173963E0,-1.424256E1,-2.983817E1,3.528596E0,3.625922E1,-2.033173E1,5.857685E0,-3.219112E1
4.034483E0,8.940533E0,5.596662E0,-4.258107E0,-1.423162E1,-2.984811E1,3.556102E0,3.624264E1,-2.021287E1,5.885051E0,-3.221025E1
4.068966E0,8.884393E0,5.631457E0,-4.278988E0,-1.421403E1,-2.981325E1,3.552306E0,3.624531E1,-2.018728E1,5.937943E0,-3.216680E1
4.103448E0,8.866021E0,5.609416E0,-4.295791E0,-1.421449E1,-2.980863E1,3.524574E0,3.627946E1,-2.016252E1,5.895316E0,-3.222827E1
