Frame	X2	Y2	Flag2	X5	Y5	Flag5	X3	Y3	Flag3	X1	Y1	Flag1	X6	Y6	Flag6	X4	Y4	Flag4
1	1077.0000	1014.0000	0	486.5226	657.3945	0	745.6724	367.9794	0	457.3893	631.4956	0	724.2527	373.6787	0	449.0984	670.2977	0
2	1078.5000	1014.0000	0	486.5478	657.5001	0	747.9794	369.6940	0	471.7003	632.0139	0	723.3454	371.8454	0	449.1504	670.3618	0
3	1078.4681	1015.6837	0	486.6444	657.5201	0	750.5242	370.2576	0	472.8841	633.0859	0	723.7177	374.3912	0	446.7324	673.2652	0
4	1080.4056	1015.0064	0	486.4078	657.6062	0	750.9064	371.0498	0	466.8294	634.2559	0	722.1068	370.6647	0	442.9113	673.9535	0
5	1078.1670	1016.1427	0	486.5211	657.4150	0	747.9766	371.4726	0	458.4731	632.6060	0	724.3310	372.2860	0	449.2086	674.3265	0
6	1080.0000	1017.0000	0	486.6525	657.4388	0	746.6854	370.9227	0	461.9758	631.4650	0	724.4416	373.9274	0	447.6618	675.4928	0
7	1078.5000	1018.5000	0	479.2520	650.4905	0	744.8813	369.8802	0	461.7789	628.4205	0	721.2339	367.8601	0	450.1655	671.5996	0
8	1081.7650	1017.4152	0	486.9001	657.2037	0	747.3168	370.9532	0	476.9752	628.0899	0	724.9248	373.7016	0	441.1322	657.4959	0
9	1079.6466	1020.0306	0	487.5167	657.6974	0	748.2312	371.3367	0	471.0994	626.5399	0	724.6569	373.1464	0	452.0524	669.0437	0
10	1082.4093	1013.6754	0	487.2463	657.6132	0	746.8960	373.0255	0	477.7530	629.0833	0	724.1661	372.2824	0	450.5101	652.2248	0
11	1081.9796	1021.7190	0	487.5709	657.6385	0	747.7126	374.6402	0	477.9091	625.7803	0	723.8246	371.1784	0			
12	1082.4083	1014.2221	0	486.9364	657.3836	0	745.9480	374.3678	0	481.9627	625.0435	0	720.5781	367.3698	0			
13	1082.3737	1017.3534	0	487.5000	657.0000	0	745.7124	372.7029	0	482.6701	623.9246	0	716.6148	362.7876	0			
14	1081.9412	1017.2631	0	487.4744	657.7468	0	745.2645	370.7808	0									
15	1082.9305	1016.9229	0	487.5000	657.0000	0	745.2439	371.7808	0									
16	1083.7025	1016.5771	0	480.7587	643.1094	0	746.5710	372.4022	0									
17	1084.5000	1015.5000	0	476.2405	642.9075	0	743.8067	371.9077	0									
18	1084.5000	1017.0000	0	475.9916	645.7966	0	746.4628	369.8183	0									
19	1080.0000	1012.5000	0	478.3344	646.3849	0	743.7373	368.7941	0									
20	1081.3124	1013.9440	0	480.8481	645.3966	0	744.9123	369.2917	0									
21	1080.0000	1015.5000	0	480.3815	645.1598	0	747.1186	368.3944	0									
22	1080.0000	1018.5000	0	483.0649	646.2258	0	745.6917	366.7483	0									
23	1081.5000	1015.5000	0	481.6805	645.5216	0	747.0000	367.5000	0									
24	1086.0000	1017.0000	0	482.6232	645.8803	0	749.4106	369.0886	0									
25	1084.5000	1015.5000	0	484.1079	644.5328	0	750.0374	368.9674	0									
26	1086.0000	1017.0000	0	485.6021	644.9454	0	745.3163	363.2062	0									
27	1086.0000	1017.0000	0	488.3360	645.5391	0	743.0104	360.0016	0									
28	1087.5000	1012.5000	0	486.5809	645.5563	0	739.7764	358.7484	0									
29	1084.5000	1009.5000	0	485.2439	645.1332	0	736.2279	358.2824	0									
30	1083.0000	1008.0000	0	483.5628	646.2688	0	734.3604	362.7772	0									
31	1083.0000	1012.5000	0	482.9637	645.6565	0	735.0000	363.0000	0									
32	1078.5000	1014.0000	0	481.1063	648.1488	0	734.9351	364.9008	0									
33	1080.0000	1015.5000	0	480.0093	646.5207	0	735.2238	365.7449	0									
34	1081.5000	1012.5000	0	478.5000	640.5000	0	734.3615	364.7010	0									
35	1081.5000	1011.0000	0	481.5000	640.5000	0	733.1684	364.3549	0									
36	1084.5000	1015.5000	0	483.0000	637.5000	0	733.5000	363.0000	0									
37	1083.0000	1017.0000	0	481.5000	637.5000	0	729.8437	366.3647	0									
38	1080.6180	1014.4943	0	478.5000	639.0000	0	733.8195	363.8317	0									
39	1078.5000	1011.0000	0	480.0000	642.0000	0	734.1911	361.6335	0									
40	1075.5000	1011.0000	0	477.0000	642.0000	0	731.7472	363.7403	0									
41	1078.5000	1012.5000	0	480.0000	640.5000	0	728.7567	363.9533	0									
42	1078.5000	1012.5000	0	477.0000	646.5000	0	729.4641	364.1687	0									
43	1083.0000	1012.5000	0	480.8633	651.7729	0	728.5574	366.9685	0									
44	1083.0000	1012.5000	0	481.7459	651.6941	0	729.2922	365.5832	0									
45	1086.0000	1014.0000	0	480.0165	650.7135	0	730.4841	363.8825	0									
46	1089.0000	1014.0000	0	475.5000	648.0000	0	726.6581	362.4373	0									
47	1087.5000	1011.0000	0	477.0000	649.5000	0	727.1589	363.0109	0									
48	1089.0000	1011.0000	0	475.5000	648.0000	0	726.2126	364.7986	0									
49	1092.0000	1009.5000	0	475.5000	649.5000	0	723.4782	360.2022	0									
50	1092.0000	1011.0000	0	474.0000	649.5000	0	723.1957	357.1632	0									
51	1087.8802	1013.1089	0	472.5000	651.0000	0	724.4381	358.1280	0									
52	1090.5000	1009.5000	0	472.5000	649.5000	0	725.1461	356.2230	0									
53	1090.5000	1008.0000	0	475.5000	651.0000	0	724.2127	355.8520	0									
54	1088.1618	1010.3275	0	477.0000	652.5000	0	723.4556	351.2692	0									
55	1089.0000	1006.5000	0	480.0000	654.0000	0	725.0135	349.2456	0									
56	1087.5000	1006.5000	0	484.5000	654.0000	0	722.8853	348.5903	0									
57	1085.2379	1009.4415	0	483.0000	655.5000	0	723.9138	344.9811	0									
58	1081.6208	1011.7845	0	486.4567	656.6402	0	722.5760	343.7727	0									
59	1083.1401	1011.0907	0	487.5000	652.5000	0	720.8086	346.5682	0									
60	1084.7994	1008.2790	0	488.8931	654.8040	0	719.9057	344.5839	0									
61	1085.1252	1007.3631	0	490.3772	653.5509	0	718.2792	341.7393	0									
62	1086.9568	1005.8326	0	489.2200	652.2057	0	716.8204	343.5570	0									
63	1087.6079	1005.0505	0	490.5699	652.5268	0	714.0493	340.0482	0									
64	1092.9923	1000.3677	0	492.3455	654.3609	0	714.0000	340.5000	0									
65	1093.4302	999.5253	0	496.2004	653.9769	0	713.7556	345.0088	0									
66	1091.8024	998.2607	0	491.5695	655.1982	0	715.8979	344.4032	0									
67	1087.2952	1005.7355	0	492.7990	660.2776	0	717.2799	345.0199	0									
68	1087.4922	1004.6307	0	490.2656	658.3287	0	720.5219	347.7880	0									
69	1088.2509	1003.6365	0	492.7656	657.1379	0	719.5933	347.5739	0									
70	1092.7597	997.0344	0	492.2388	656.7737	0	717.3221	348.8159	0									
71	1094.8831	996.8833	0	491.4930	655.3357	0	713.0300	345.9873	0									
72	1097.1017	994.7356	0	492.0133	655.7247	0	712.7043	347.1386	0									
73	1095.6365	996.4588	0	493.6604	654.1917	0	712.2504	349.1020	0									
74	1092.3901	999.0563	0	492.2724	655.3546	0	708.9505	350.6717	0									
75	1092.2937	998.4757	0	492.2785	656.5171	0	709.7206	351.4020	0									
76	1090.3539	998.3715	0	496.5000	655.5000	0	709.5889	353.6781	0									
77	1087.3130	1004.0468	0	495.0000	655.5000	0	711.3291	355.6167	0									
78	1090.9479	1000.7346	0	492.0000	655.5000	0	710.9569	357.2991	0									
79	1088.2302	1005.4860	0	490.5000	655.5000	0	710.7674	361.6346	0									
80	1089.1933	999.9306	0	487.6494	660.1874	0	712.3982	365.6239	0									
81	1086.1268	1002.7501	0	486.8545	663.4748	0	713.7235	368.5208	0									
82	1086.5657	1003.7006	0	485.2293	664.6423	0	712.2790	367.8993	0									
83	1085.7072	1006.0826	0	484.0853	662.7217	0	710.4959	370.1820	0									
84	1085.6372	1006.1559	0	480.0000	666.0000	0	710.6379	371.6934	0									
85	1082.9226	1005.1358	0	478.5000	664.5000	0	709.3702	371.9238	0									
86	1083.8890	1005.5089	0	477.0000	664.5000	0	710.0322	374.0265	0									
87	1084.8858	1006.7921	0	480.0000	667.5000	0	710.4463	372.2652	0									
88	1088.2152	1006.7939	0	480.0000	667.5000	0	710.0811	372.2194	0									
89	1089.2989	1006.7659	0	487.7980	663.3941	0	710.9984	368.3995	0									
90	1089.8426	1006.4788	0	484.5000	663.0000	0	706.6494	372.1475	0									
91	1091.4278	1009.4362	0	486.0000	663.0000	0	705.3060	373.2440	0									
92	1096.4982	1006.5133	0	481.5000	663.0000	0	706.8134	371.5375	0									
93	1096.3101	1004.2659	0	483.0000	661.5000	0	712.4460	370.3180	0									
94	1090.9654	1007.2451	0	485.6894	659.5780	0	714.7219	367.9032	0									
95	1091.0913	1008.3985	0	483.0000	655.5000	0	715.0368	369.2430	0									
96	1093.5000	1008.0000	0	484.9610	660.3484	0	711.4250	368.4923	0									
97	1089.2475	1009.7033	0	488.1510	659.8708	0	710.3628	370.4050	0									
98	1090.2525	1011.0742	0	488.4553	660.3654	0	706.5901	371.4352	0									
99	1090.3614	1011.6740	0	489.8856	661.9517	0	708.5381	370.5845	0									
100	1090.5000	1012.5000	0	490.5000	661.5000	0	707.9488	372.4704	0									
101	1088.9915	1013.8737	0	490.5302	661.7848	0	703.8111	375.1760	0									
102	1089.0000	1012.5000	0	491.4743	659.8288	0	703.2788	376.4712	0									
103	1087.8013	1011.8270	0	491.9687	660.4997	0	702.0728	375.5226	0									
104	1089.0000	1018.5000	0	495.0000	658.5000	0	702.4239	376.5804	0									
105	1090.5003	1017.2639	0	495.0000	661.5000	0	703.3989	377.3560	0									
106	1090.8450	1016.4498	0	493.3817	660.8384	0	705.1119	376.6348	0									
107	1091.0036	1015.2203	0	495.6771	660.4829	0	705.0574	379.0112	0									
108	1090.9271	1015.7438	0	496.8918	659.9896	0	705.6438	379.3049	0									
109	1089.2279	1017.2739	0	495.8434	661.3818	0	716.8517	365.8038	0									
110	1092.0000	1018.5000	0	494.7319	661.0138	0												
111	1088.9149	1016.6264	0	495.5470	659.8518	0												
112	1088.1372	1016.6082	0	495.0164	657.4703	0												
113	1084.9396	1015.7490	0	492.3864	654.8288	0												
114	1084.5588	1015.3533	0	492.1408	656.7879	0												
115	1082.2590	1016.5086	0	489.4413	655.9096	0												
116	1081.5000	1020.0000	0	489.2418	655.8779	0												
117	1084.5000	1023.0000	0															
118	1087.8438	1019.9891	0															
119	1088.5709	1026.0718	0															
120	1090.4146	1026.8995	0															
