Frame	X1	Y1	Flag1	X3	Y3	Flag3	X2	Y2	Flag2
1	10.3278	-5.8242	0	28.6541	-33.4869	0	-15.7931	-16.6230	0
2	10.1659	-5.5725	0	28.4650	-33.4869	0	-15.8540	-16.6407	0
3	10.2965	-5.7827	0	28.4803	-33.5227	0	-16.0458	-16.7392	0
4	10.1849	-5.9597	0	28.5939	-33.7825	0	-15.9111	-16.6985	0
5	10.1646	-6.0649	0	28.5901	-33.6297	0	-15.9092	-16.5547	0
6	10.2827	-6.0214	0	28.2452	-33.4767	0	-15.8933	-16.4912	0
7	9.8287	-6.2381	0	28.2200	-33.5436	0	-15.8050	-16.5321	0
8	9.7663	-6.1868	0	28.1686	-33.4908	0	-15.8617	-16.2154	0
9	9.7218	-6.3017	0	28.1621	-33.5277	0	-15.7608	-16.2677	0
10	9.4271	-6.5545	0	28.1634	-33.4153	0	-15.6571	-16.3661	0
11	9.3563	-6.3533	0	28.1200	-33.3387	0	-15.7537	-16.1743	0
12	9.3197	-6.3205	0	27.9491	-33.3574	0	-15.7345	-16.1440	0
13	9.3297	-6.1285	0	27.9219	-33.2005	0	-15.6968	-15.9913	0
14	9.1943	-6.1549	0	27.8965	-33.2012	0	-15.6291	-16.1654	0
15	9.3035	-5.8049	0	27.8465	-33.1138	0	-15.4169	-15.9862	0
16	9.4313	-5.6635	0	28.0043	-33.0721	0	-15.3006	-15.8880	0
17	9.5189	-5.6112	0	28.0286	-33.1634	0	-15.3710	-15.8689	0
18	9.5321	-5.7622	0	27.9260	-33.2093	0	-15.2637	-15.8653	0
19	9.6713	-5.8449	0	27.9058	-33.1918	0	-15.4672	-15.8135	0
20	9.7550	-6.0600	0	27.7354	-33.1872	0	-15.4875	-15.7316	0
21	9.8578	-6.1759	0	27.5507	-33.1788	0	-15.6018	-15.7897	0
22	9.8758	-6.3468	0	27.6370	-33.2415	0	-15.2330	-15.7350	0
23	9.8825	-6.4215	0	27.6997	-33.4249	0	-15.0972	-15.6898	0
24	9.7862	-6.3975	0	27.7290	-33.4153	0	-15.1457	-15.5456	0
25	9.9573	-6.4066	0	27.8244	-33.4528	0	-15.2186	-15.5608	0
26	10.1561	-6.4235	0	27.8088	-33.6017	0	-15.1663	-15.6611	0
27	9.9548	-6.4192	0	27.4785	-33.7373	0	-15.1646	-15.6052	0
28	9.9308	-6.6721	0	27.4692	-34.0098	0	-15.0651	-15.6273	0
29	9.9414	-6.6094	0	27.2849	-34.3276	0	-15.0747	-15.5610	0
30	9.8662	-6.5085	0	27.3486	-34.3107	0	-14.9939	-15.3183	0
31	9.9608	-6.6155	0	26.9994	-34.4062	0	-14.7616	-15.5984	0
32	9.9820	-6.6435	0	26.9279	-34.5339	0	-14.8470	-15.6468	0
33	9.8338	-6.6877	0	27.0878	-34.6368	0	-14.9750	-15.5814	0
34	9.8014	-6.6956	0	27.1786	-34.6302	0	-15.0308	-15.5419	0
35	9.6946	-6.6338	0	26.9901	-34.5222	0	-14.8469	-15.3058	0
36	9.8389	-6.5931	0	26.9965	-34.4790	0	-14.8728	-15.1323	0
37	9.8613	-6.4465	0	26.8834	-34.4387	0	-14.9670	-15.2552	0
38	9.6252	-6.2640	0	26.8987	-34.5472	0	-15.0992	-15.3375	0
39	9.5511	-6.2771	0	26.8302	-34.2227	0	-15.1204	-15.4580	0
40	9.1423	-6.2951	0	26.9409	-34.2285	0	-15.1418	-15.5465	0
41	9.0468	-5.8686	0	26.9345	-34.3185	0	-15.1537	-15.5286	0
42	8.8927	-5.6207	0	27.2306	-34.2322	0	-15.3013	-15.5642	0
43	8.8609	-5.5699	0	27.2424	-34.0918	0	-15.2153	-15.3970	0
44	8.6031	-5.6897	0	27.1674	-34.0350	0	-15.1741	-15.3002	0
45	8.5420	-5.8108	0	27.0682	-34.3520	0	-15.3559	-15.1066	0
46	8.5574	-6.0006	0	26.9889	-34.3853	0	-15.6595	-15.1862	0
47	8.5173	-5.7562	0	26.9250	-34.4216	0	-15.6016	-14.9509	0
48	8.4133	-5.7637	0	26.8895	-34.5300	0	-15.5813	-14.9221	0
49	8.4381	-5.7349	0	26.7906	-34.7091	0	-15.5130	-14.8060	0
50	8.4422	-5.7165	0	26.9526	-34.8079	0	-15.5566	-14.6311	0
51	8.5068	-5.6982	0	27.1445	-34.7407	0	-15.5005	-14.5238	0
52	8.3596	-5.8146	0	27.1394	-34.8172	0	-15.4521	-14.4557	0
53	8.1632	-5.9686	0	27.1313	-34.6291	0	-15.3364	-14.6107	0
54	8.2455	-6.0112	0	26.9686	-34.5543	0	-15.3127	-14.6586	0
55	8.1058	-5.8961	0	26.6886	-34.4265	0	-15.1884	-14.5210	0
56	8.0874	-5.8409	0	26.6670	-34.4095	0	-15.1431	-14.6685	0
57	8.1111	-5.7762	0	26.6118	-34.3591	0	-15.0832	-14.6758	0
58	8.3059	-5.8790	0	26.6718	-34.4926	0	-15.0618	-14.8279	0
59	8.2488	-6.0015	0	26.5911	-34.5996	0	-15.1166	-15.0097	0
60	8.0793	-5.8547	0	26.7511	-34.6034	0	-15.0295	-15.0894	0
61	8.1264	-5.7458	0	26.6095	-34.5726	0	-14.9259	-15.1031	0
62	8.2651	-5.8589	0	26.4928	-34.6054	0	-15.0524	-15.1119	0
63	8.5237	-5.6280	0	26.5057	-34.6998	0	-15.1784	-14.9563	0
64	8.5534	-5.5943	0	26.3661	-34.5483	0	-15.0947	-14.8594	0
65	8.3663	-5.5763	0	26.3943	-34.6379	0	-14.9896	-14.8814	0
66	8.2315	-5.5310	0	26.4569	-34.5402	0	-15.2498	-14.8955	0
67	8.1511	-5.7834	0	26.2586	-34.4898	0	-15.1830	-14.9280	0
68	8.0396	-5.7026	0	26.1409	-34.6030	0	-15.1692	-14.8135	0
69	8.0218	-5.4910	0	26.1531	-34.4777	0	-15.2307	-14.8453	0
70	8.0211	-5.5377	0	26.0524	-34.4123	0	-14.9053	-14.7619	0
71	7.8648	-5.5847	0	25.8700	-34.3019	0	-14.8466	-14.6895	0
72	7.8122	-5.3686	0	25.8306	-34.3048	0	-14.7788	-14.7631	0
73	7.8148	-5.5241	0	25.6666	-34.1112	0	-14.9241	-14.6298	0
74	7.8392	-5.3469	0	25.7872	-34.2802	0	-14.9599	-14.5882	0
75	7.8315	-5.3565	0	25.5458	-34.3553	0	-15.0636	-14.7027	0
76	7.7377	-5.3704	0	25.5445	-34.1892	0	-14.9567	-14.5593	0
77	7.6078	-5.4903	0	25.8133	-34.2872	0	-14.9919	-14.4063	0
78	7.6670	-5.4368	0	25.9956	-34.3809	0	-15.0504	-14.4090	0
79	7.6335	-5.5685	0	26.0253	-34.4083	0	-15.1703	-14.4056	0
80	7.5972	-5.5997	0	26.0266	-34.7253	0	-15.2730	-14.4506	0
81	7.7272	-5.5843	0	25.9473	-34.7838	0	-15.2226	-14.4879	0
82	7.7294	-5.7143	0	25.9183	-34.8041	0	-15.3215	-14.5118	0
83	7.7608	-5.7508	0	25.8602	-34.9748	0	-15.4437	-14.5375	0
84	7.5983	-5.8205	0	25.8488	-35.1021	0	-15.3599	-14.4960	0
85	7.5370	-5.7601	0	26.0131	-35.1629	0	-15.4488	-14.4955	0
86	7.5467	-5.7690	0	26.1849	-35.2626	0	-15.3712	-14.6162	0
87	7.4164	-5.7615	0	26.0445	-35.1736	0	-15.3135	-14.6510	0
88	7.5879	-5.8898	0	25.9121	-35.0856	0	-15.2555	-14.4723	0
89	7.5586	-5.8260	0	25.8016	-35.1846	0	-15.2449	-14.3269	0
90	7.5014	-5.8502	0	25.7614	-35.5010	0	-15.1826	-14.3308	0
91	7.4168	-5.8518	0	25.7271	-35.6072	0	-15.0685	-14.3791	0
92	7.6159	-5.8731	0	25.5324	-35.4368	0	-14.8537	-14.3753	0
93	7.6346	-5.9282	0	25.7757	-35.4911	0	-14.8386	-14.4681	0
94	7.7001	-6.1043	0	25.9287	-35.5783	0	-14.9982	-14.5577	0
95	7.4172	-6.2721	0	26.0131	-35.6315	0	-15.2214	-14.4638	0
96	7.4146	-6.3546	0	26.0200	-36.0711	0	-15.3899	-14.6095	0
97	7.4291	-6.4827	0	25.8133	-36.1703	0	-15.3959	-14.6974	0
98	7.3430	-6.3575	0	25.7889	-36.0305	0			
99	7.3926	-6.1443	0	25.9614	-36.0535	0			
100	7.4752	-6.2152	0	25.9396	-35.9253	0			
101	7.3767	-6.3091	0	25.9517	-35.8776	0			
102	7.3597	-6.4330	0	25.9484	-36.1196	0			
103	7.3102	-6.4882	0	25.9634	-36.0722	0			
104	7.3220	-6.4993	0						
