Frame	X1	Y1	Flag1	X2	Y2	Flag2	X3	Y3	Flag3	X4	Y4	Flag4	X5	Y5	Flag5
1	-13.9340	-12.9990	0	-35.1987	-12.3596	0	8.2356	-9.5883	0	13.7882	6.0938	0	-24.2089	21.9471	0
2	-13.9138	-12.9480	0	-35.1956	-12.2805	0	8.3165	-9.5399	0	13.8356	6.0756	0	-24.2180	22.0109	0
3	-13.9542	-12.9849	0	-35.2314	-12.3438	0	8.3311	-9.4599	0	13.8458	6.0626	0	-24.1849	21.9357	0
4	-13.9447	-13.0423	0	-35.1539	-12.3467	0	8.2624	-9.4990	0	13.9005	6.0808	0	-24.2052	21.9358	0
5	-13.9649	-13.0079	0	-35.0999	-12.3209	0	8.2368	-9.4654	0	13.8775	6.1156	0	-24.1967	21.9627	0
6	-13.9198	-12.9955	0	-35.1224	-12.3238	0	8.2533	-9.4691	0	13.8085	6.0579	0	-24.1889	21.9325	0
7	-13.9779	-13.0885	0	-35.1453	-12.3000	0	8.2422	-9.4617	0	13.7534	5.9427	0	-24.2195	21.8529	0
8	-14.0084	-13.0750	0	-35.1151	-12.2743	0	8.2671	-9.5141	0	13.7163	6.0331	0	-24.2440	21.9031	0
9	-14.0066	-13.0273	0	-35.1370	-12.3001	0	8.1445	-9.4907	0	13.7084	6.0374	0	-24.2374	21.8281	0
10	-13.9912	-13.0519	0	-35.1618	-12.2525	0	8.2208	-9.5116	0	13.7249	6.0760	0	-24.2162	21.8308	0
11	-13.9919	-13.0160	0	-35.0974	-12.2403	0	8.2339	-9.5157	0	13.7317	6.0998	0	-24.1997	21.7985	0
12	-14.0486	-13.0105	0	-35.0763	-12.2122	0	8.2534	-9.4995	0	13.7088	6.0742	0	-24.2541	21.7675	0
13	-14.0660	-12.9912	0	-35.0870	-12.2662	0	8.2664	-9.5121	0	13.7274	6.0762	0	-24.2995	21.7482	0
14	-14.0709	-13.0063	0	-35.0625	-12.3198	0	8.2016	-9.5591	0	13.6826	6.0773	0	-24.2800	21.7838	0
15	-14.1133	-13.0269	0	-35.0577	-12.3166	0	8.2204	-9.5977	0	13.6841	6.0922	0	-24.2760	21.7387	0
16	-14.0938	-12.9604	0	-35.0700	-12.2994	0	8.1876	-9.5627	0	13.6370	6.0842	0	-24.2367	21.7670	0
17	-14.0371	-12.9096	0	-35.0757	-12.4159	0	8.1247	-9.6083	0	13.6552	6.1950	0	-24.1470	21.7495	0
18	-14.0977	-13.0128	0	-35.0882	-12.4910	0	8.1098	-9.6810	0	13.5777	6.1174	0	-24.1448	21.6900	0
19	-14.1155	-12.9258	0	-35.0803	-12.4943	0	8.0833	-9.6510	0	13.5932	6.0902	0	-24.1277	21.7064	0
20	-14.1643	-12.9333	0	-35.0245	-12.4336	0	8.1086	-9.6368	0	13.5896	6.0917	0	-24.1095	21.7157	0
21	-14.1272	-12.9716	0	-35.0799	-12.4302	0	8.0531	-9.6822	0	13.5737	6.0532	0	-24.0889	21.6352	0
22	-14.0945	-13.0090	0	-35.0804	-12.3753	0	8.0529	-9.6659	0	13.6354	6.0667	0	-24.0159	21.6017	0
23	-14.1000	-12.9962	0	-35.1318	-12.3290	0	8.0198	-9.6586	0	13.6426	6.0359	0	-23.9911	21.6079	0
24	-14.0303	-12.9760	0	-35.1120	-12.3448	0	7.9370	-9.6851	0	13.6449	6.0591	0	-24.0158	21.6139	0
25	-13.9952	-12.9846	0	-35.1425	-12.3162	0	7.9515	-9.6501	0	13.6562	6.0130	0	-24.0025	21.6283	0
26	-13.9985	-13.0688	0	-35.1798	-12.3048	0	7.9981	-9.6887	0	13.6690	6.0062	0	-23.9686	21.5623	0
27	-13.9964	-13.0197	0	-35.2040	-12.2047	0	8.0317	-9.6705	0	13.6508	6.0904	0	-23.9751	21.6081	0
28	-14.0352	-13.0158	0	-35.2313	-12.2348	0	8.0996	-9.6641	0	13.6088	6.0537	0	-24.0072	21.6239	0
29	-13.9549	-13.0098	0	-35.2123	-12.2187	0	8.1283	-9.6204	0	13.5204	5.9606	0	-24.0605	21.5952	0
30	-13.9482	-12.9903	0	-35.2082	-12.2540	0	8.0315	-9.5600	0	13.4877	5.9582	0	-24.1009	21.6326	0
31	-13.9219	-13.0024	0	-35.2000	-12.1934	0	8.0691	-9.5876	0	13.5303	5.9599	0	-24.1124	21.6482	0
32	-13.9196	-12.9869	0	-35.2486	-12.2642	0	8.0749	-9.6034	0	13.4366	5.9601	0	-24.1531	21.6743	0
33	-13.9604	-12.9918	0	-35.2762	-12.2944	0	8.0714	-9.5609	0	13.4580	5.9580	0	-24.1656	21.6982	0
34	-13.9426	-12.9793	0	-35.2724	-12.2656	0	8.0251	-9.6200	0	13.4510	5.9854	0	-24.0959	21.6870	0
35	-13.9199	-13.0562	0	-35.2405	-12.3478	0	8.0372	-9.5407	0	13.4538	5.9425	0	-24.0956	21.6393	0
36	-13.9252	-13.0390	0	-35.2528	-12.2841	0	8.0222	-9.4971	0	13.4847	5.9549	0	-24.0983	21.7224	0
37	-13.9417	-13.0477	0	-35.2524	-12.2687	0	8.0433	-9.4985	0	13.4907	6.0823	0	-24.0918	21.7620	0
38	-13.9597	-13.0876	0	-35.2064	-12.3135	0	7.9638	-9.4964	0	13.5133	6.0845	0	-24.0831	21.6691	0
39	-13.9607	-13.1181	0	-35.1914	-12.3792	0	7.9755	-9.5062	0	13.5493	6.0609	0	-24.0781	21.6502	0
40	-13.9389	-13.0804	0	-35.2113	-12.3104	0	7.9867	-9.5086	0	13.6475	6.1330	0	-24.1192	21.7157	0
41	-13.9271	-13.0833	0	-35.2174	-12.2752	0	7.9591	-9.4414	0	13.6779	6.1019	0	-24.1272	21.7003	0
42	-13.9575	-13.1304	0	-35.2527	-12.3220	0	7.8702	-9.4521	0	13.6389	6.0466	0	-24.1673	21.6663	0
43	-13.9667	-13.1758	0	-35.2303	-12.2736	0	7.9233	-9.4649	0	13.6820	6.0430	0	-24.1120	21.7422	0
44	-13.9176	-13.2168	0	-35.1762	-12.3137	0	7.9204	-9.4418	0	13.6140	6.0023	0	-24.1166	21.7580	0
45	-13.9581	-13.1908	0	-35.2301	-12.3011	0	7.9265	-9.4497	0	13.6101	6.0321	0	-24.1965	21.7237	0
46	-13.9405	-13.1732	0	-35.1703	-12.3109	0	7.9506	-9.4728	0	13.5757	6.0831	0	-24.2226	21.7232	0
47	-13.8788	-13.1880	0	-35.1867	-12.3281	0	7.9670	-9.4339	0	13.5862	6.1133	0	-24.2038	21.7587	0
48	-13.8412	-13.1424	0	-35.2033	-12.3901	0	7.9862	-9.4097	0	13.5783	6.0680	0	-24.2096	21.7468	0
49	-13.8678	-13.2381	0	-35.2201	-12.3343	0	7.8940	-9.3999	0	13.5486	6.1248	0	-24.1941	21.7240	0
50	-13.8257	-13.2020	0	-35.1936	-12.3217	0	7.8907	-9.3919	0	13.6162	6.0728	0	-24.1810	21.7190	0
51	-13.8016	-13.1672	0	-35.1950	-12.2696	0	7.8945	-9.4115	0	13.5634	6.1166	0	-24.2070	21.7438	0
52	-13.8461	-13.1807	0	-35.1990	-12.3175	0	7.8951	-9.4541	0	13.6259	6.0865	0	-24.2147	21.7287	0
53	-13.8712	-13.2575	0	-35.2044	-12.2680	0	7.8994	-9.4770	0	13.6937	6.1491	0	-24.2153	21.7628	0
54	-13.8748	-13.2629	0	-35.1818	-12.2742	0	7.8586	-9.4051	0	13.7297	6.1216	0	-24.1735	21.7406	0
55	-13.9144	-13.2240	0	-35.2260	-12.2378	0	7.8560	-9.3982	0	13.7633	6.1375	0	-24.1310	21.8019	0
56	-13.9164	-13.2339	0	-35.2360	-12.2142	0	7.7969	-9.4373	0	13.7801	6.2073	0	-24.1541	21.8414	0
57	-13.9148	-13.2273	0	-35.2771	-12.2463	0	7.8084	-9.4525	0	13.7598	6.2248	0	-24.1183	21.8253	0
58	-13.9451	-13.1945	0	-35.2690	-12.2299	0	7.7753	-9.4383	0	13.8044	6.2263	0	-24.1589	21.8370	0
59	-13.9241	-13.2360	0	-35.2860	-12.3151	0	7.8199	-9.4483	0	13.8203	6.3033	0	-24.1784	21.7326	0
60	-13.9557	-13.1912	0	-35.2569	-12.2238	0	7.7428	-9.4425	0	13.8360	6.3211	0	-24.1960	21.7548	0
61	-13.8720	-13.2168	0	-35.2862	-12.1836	0	7.7523	-9.4099	0	13.8759	6.2639	0	-24.2340	21.7293	0
62	-13.8824	-13.2167	0	-35.2737	-12.2431	0	7.7948	-9.3515	0	13.8739	6.2420	0	-24.2233	21.6821	0
63	-13.8527	-13.2276	0	-35.2211	-12.2807	0	7.7777	-9.4203	0	13.8214	6.2319	0	-24.2348	21.6568	0
64	-13.8682	-13.1893	0	-35.1488	-12.2670	0	7.7871	-9.4373	0	13.8143	6.2400	0	-24.1973	21.6703	0
65	-13.8832	-13.2008	0	-35.1619	-12.3137	0	7.7915	-9.4493	0	13.7856	6.2194	0	-24.2067	21.6706	0
66	-13.9279	-13.1907	0	-35.1639	-12.2898	0	7.8446	-9.4761	0	13.7539	6.2183	0	-24.2659	21.6673	0
67	-13.9084	-13.2287	0	-35.1338	-12.3061	0	7.8078	-9.4527	0	13.7852	6.2430	0	-24.2803	21.6643	0
68	-13.9168	-13.2022	0	-35.1638	-12.3206	0	7.7878	-9.4771	0	13.7549	6.2251	0	-24.2584	21.6590	0
69	-13.9381	-13.1937	0	-35.1396	-12.2906	0	7.7135	-9.4052	0	13.8378	6.2749	0	-24.2437	21.6963	0
70	-13.9472	-13.1946	0	-35.1321	-12.2846	0	7.7254	-9.3352	0	13.8220	6.3102	0	-24.3187	21.7313	0
71	-13.9485	-13.2475	0	-35.1594	-12.2887	0	7.7751	-9.3688	0	13.8172	6.3130	0	-24.3450	21.7007	0
72	-13.9049	-13.2529	0	-35.1064	-12.3049	0	7.7390	-9.3514	0	13.8462	6.2876	0	-24.3643	21.7269	0
73	-13.8953	-13.2424	0	-35.1587	-12.2711	0	7.6973	-9.3207	0	13.8654	6.2831	0	-24.3269	21.7464	0
74	-13.8567	-13.2418	0	-35.1554	-12.3397	0	7.7308	-9.3657	0	13.8369	6.3461	0	-24.3477	21.7399	0
75	-13.8038	-13.2566	0	-35.0687	-12.3705	0	7.7278	-9.3429	0	13.8754	6.3673	0	-24.2787	21.7123	0
76	-13.7615	-13.2405	0	-35.0742	-12.3236	0	7.7481	-9.2850	0	13.9034	6.3646	0	-24.2664	21.7319	0
77	-13.7330	-13.1894	0	-35.0803	-12.2859	0	7.7860	-9.3151	0	13.9051	6.3619	0	-24.2683	21.7388	0
78	-13.7516	-13.2221	0	-35.0596	-12.3101	0	7.7470	-9.2975	0	13.9205	6.4271	0	-24.2739	21.7489	0
79	-13.7123	-13.2400	0	-35.0060	-12.3350	0	7.7013	-9.3553	0	13.8651	6.4707	0	-24.2669	21.7165	0
80	-13.7217	-13.2398	0	-35.0661	-12.3790	0	7.6952	-9.4107	0	13.8870	6.4414	0	-24.3011	21.7453	0
81	-13.7369	-13.2371	0	-34.9772	-12.3874	0	7.6918	-9.3711	0	13.8748	6.4462	0	-24.3360	21.7451	0
82	-13.7706	-13.1953	0	-35.0319	-12.3276	0	7.6766	-9.3926	0	13.8998	6.3709	0	-24.3173	21.7010	0
83	-13.8420	-13.2136	0	-35.0803	-12.3469	0	7.7195	-9.3551	0	13.8820	6.3721	0	-24.3344	21.6916	0
84	-13.8820	-13.2606	0	-35.0967	-12.3339	0	7.6704	-9.4018	0	13.8146	6.3464	0	-24.3156	21.6856	0
85	-13.7982	-13.2849	0	-35.1062	-12.3370	0	7.6193	-9.3783	0	13.7643	6.4165	0	-24.3108	21.6748	0
86	-13.8254	-13.2506	0	-35.1666	-12.3384	0	7.5681	-9.3329	0	13.7822	6.4954	0	-24.2883	21.6471	0
87	-13.8333	-13.3096	0	-35.1980	-12.3995	0	7.5706	-9.2994	0	13.7770	6.4789	0	-24.2179	21.6776	0
88	-13.8585	-13.3984	0	-35.2116	-12.4407	0	7.5402	-9.3244	0	13.8298	6.5087	0	-24.1863	21.6227	0
89	-13.8328	-13.3985	0	-35.2066	-12.4449	0	7.5414	-9.3161	0	13.8615	6.5228	0	-24.1613	21.6012	0
90	-13.7820	-13.4366	0	-35.1878	-12.3802	0	7.5202	-9.2505	0	13.8800	6.4974	0	-24.1438	21.6122	0
91	-13.8297	-13.4657	0	-35.2097	-12.3909	0	7.5251	-9.2935	0	13.8217	6.4631	0	-24.2027	21.6489	0
92	-13.7960	-13.4463	0	-35.2356	-12.3217	0	7.5034	-9.3003	0	13.7918	6.4196	0	-24.2094	21.6420	0
93	-13.8534	-13.4428	0	-35.2731	-12.2961	0	7.5199	-9.3249	0	13.8097	6.4032	0	-24.2005	21.6823	0
94	-13.8646	-13.4245	0	-35.2570	-12.2847	0	7.5569	-9.3307	0	13.7385	6.4553	0	-24.2238	21.6568	0
95	-13.8837	-13.4316	0	-35.2650	-12.3011	0	7.5052	-9.2955	0	13.7035	6.4338	0	-24.2413	21.6886	0
96	-13.8630	-13.3636	0	-35.2916	-12.2912	0	7.5381	-9.3022	0	13.6885	6.4596	0	-24.2035	21.6634	0
97	-13.8855	-13.3873	0	-35.2579	-12.2902	0	7.5768	-9.2782	0	13.7463	6.4429	0	-24.2184	21.6713	0
98	-13.8355	-13.3909	0	-35.2772	-12.2959	0	7.6544	-9.2167	0	13.7224	6.4402	0	-24.1482	21.6751	0
99	-13.8679	-13.4248	0	-35.2744	-12.3082	0	7.6949	-9.2239	0	13.7329	6.5079	0	-24.1526	21.6660	0
100	-13.8210	-13.3966	0	-35.2166	-12.3118	0	7.7239	-9.2068	0	13.7266	6.4650	0	-24.1398	21.6730	0
101	-13.7937	-13.4348	0	-35.1822	-12.3025	0	7.7881	-9.1938	0	13.7215	6.3772	0	-24.1695	21.6564	0
102	-13.8495	-13.3883	0	-35.1915	-12.2943	0	7.8283	-9.1269	0	13.6568	6.3753	0	-24.1468	21.7730	0
103	-13.8471	-13.4201	0	-35.2481	-12.2320	0	7.8271	-9.0753	0	13.6281	6.3615	0	-24.1408	21.7714	0
104	-13.8595	-13.4119	0	-35.2881	-12.1670	0	7.7728	-9.1034	0	13.6565	6.3351	0	-24.1526	21.6957	0
105	-13.8544	-13.4293	0	-35.2718	-12.1516	0	7.7537	-9.1185	0	13.6569	6.3850	0	-24.1567	21.6364	0
106	-13.8438	-13.3925	0	-35.2115	-12.1235	0	7.7392	-9.1281	0	13.6941	6.3756	0	-24.1273	21.5981	0
107	-13.8471	-13.4262	0	-35.1184	-12.1645	0	7.7478	-9.0953	0	13.7499	6.3692	0	-24.1329	21.6439	0
108	-13.8627	-13.4381	0	-35.1525	-12.1451	0	7.8317	-9.1136	0	13.7918	6.3318	0	-24.1611	21.6772	0
109	-13.8462	-13.4565	0	-35.1423	-12.1392	0	7.8259	-9.0797	0	13.7250	6.3107	0	-24.1467	21.6861	0
110	-13.8621	-13.4672	0	-35.1181	-12.1329	0	7.8621	-9.1658	0	13.7226	6.3499	0	-24.1305	21.6856	0
111	-13.8055	-13.4325	0	-35.1178	-12.1175	0	7.8098	-9.1844	0	13.6941	6.3387	0	-24.1426	21.7128	0
112	-13.8011	-13.4283	0	-35.1718	-12.1109	0	7.8316	-9.1739	0	13.7081	6.3677	0	-24.1517	21.7237	0
113	-13.7846	-13.4858	0	-35.1965	-12.0689	0	7.8376	-9.1893	0	13.6996	6.4211	0	-24.1294	21.7580	0
114	-13.7937	-13.4490	0	-35.1844	-12.0889	0	7.9142	-9.1688	0	13.7322	6.4456	0	-24.1333	21.7539	0
115	-13.8465	-13.4709	0	-35.2210	-12.0638	0	7.8921	-9.2026	0	13.6774	6.4076	0	-24.1436	21.7714	0
116	-13.8633	-13.4815	0	-35.2261	-12.0784	0	7.8793	-9.0898	0	13.6637	6.4354	0	-24.1268	21.6850	0
117	-13.8781	-13.4791	0	-35.1752	-12.0959	0	7.8696	-9.1035	0	13.6876	6.4911	0	-24.2689	21.6777	0
118	-13.8617	-13.4400	0	-35.2262	-12.0779	0	7.9441	-9.2130	0	13.7258	6.4971	0	-24.2399	21.6909	0
119	-13.8549	-13.4356	0	-35.1828	-12.1789	0	8.0089	-9.2886	0	13.7141	6.5056	0	-24.2948	21.6876	0
120	-13.8572	-13.4286	0	-35.2001	-12.1059	0	7.9886	-9.3040	0	13.7214	6.5091	0	-24.3084	21.6930	0
121	-13.8944	-13.3570	0	-35.1894	-12.0809	0	7.9325	-9.2812	0	13.6144	6.5210	0	-24.2571	21.7519	0
122	-13.9058	-13.3300	0	-35.2088	-12.0764	0	7.8884	-9.3002	0	13.5590	6.4168	0	-24.2734	21.7468	0
123	-13.9285	-13.3463	0	-35.2013	-12.1094	0	7.8845	-9.3763	0	13.5554	6.4198	0	-24.2561	21.6797	0
124	-13.9551	-13.3774	0	-35.1912	-12.1143	0	7.8968	-9.3804	0	13.5871	6.4495	0	-24.2574	21.6932	0
125	-13.9173	-13.3853	0	-35.2166	-12.0995	0	7.8343	-9.3923	0	13.5822	6.4560	0	-24.2539	21.6735	0
126	-13.9512	-13.4597	0	-35.1941	-12.0862	0	7.8058	-9.3652	0	13.5884	6.3881	0	-24.2752	21.6697	0
127	-13.9426	-13.4287	0	-35.2350	-12.0730	0	7.7687	-9.3357	0	13.6247	6.4334	0	-24.2685	21.7012	0
128	-13.9780	-13.4575	0	-35.3034	-12.0891	0	7.7080	-9.3597	0	13.5914	6.3745	0	-24.2569	21.6386	0
129	-13.9639	-13.4989	0	-35.3475	-12.1186	0	7.6617	-9.3694	0	13.5702	6.3469	0	-24.2604	21.6788	0
130	-13.9318	-13.4611	0	-35.3761	-12.0271	0	7.6343	-9.3672	0	13.5558	6.4293	0	-24.2748	21.6974	0
131	-13.9158	-13.4871	0	-35.4168	-12.0020	0	7.6742	-9.4197	0	13.5403	6.4658	0	-24.2569	21.7219	0
132	-13.9053	-13.5411	0	-35.4571	-12.0502	0	7.6873	-9.4920	0	13.5460	6.5194	0	-24.3648	21.7386	0
133	-13.8984	-13.4995	0	-35.4866	-11.9998	0	7.6930	-9.5111	0	13.5823	6.5070	0	-24.3343	21.7574	0
134	-13.8812	-13.4466	0	-35.4514	-12.0298	0	7.6735	-9.4638	0	13.6018	6.5545	0	-24.2814	21.7145	0
135	-13.8826	-13.5116	0	-35.4857	-12.0403	0	7.6329	-9.4355	0	13.5459	6.5179	0	-24.2769	21.7330	0
136	-13.8754	-13.4759	0	-35.4687	-12.0313	0	7.6090	-9.4022	0	13.5004	6.4712	0	-24.2672	21.7050	0
137	-13.8363	-13.3645	0	-35.4701	-11.9662	0	7.5506	-9.3114	0	13.5503	6.5470	0	-24.3402	21.6482	0
138	-13.8572	-13.3587	0	-35.4877	-11.9515	0	7.5535	-9.3080	0	13.5953	6.6539	0	-24.3346	21.6587	0
139	-13.8425	-13.4108	0	-35.4124	-11.9721	0	7.5505	-9.3589	0	13.5753	6.5929	0	-24.3371	21.6207	0
140	-13.8545	-13.3962	0	-35.3917	-11.8758	0	7.6088	-9.3675	0	13.6700	6.6369	0	-24.3447	21.6523	0
141	-13.8472	-13.3787	0	-35.4457	-11.8480	0	7.6409	-9.3609	0	13.7117	6.7078	0	-24.3832	21.7117	0
142	-13.8594	-13.4726	0	-35.4841	-11.9268	0	7.6408	-9.4167	0	13.7221	6.6711	0	-24.4499	21.6143	0
143	-13.8632	-13.4749	0	-35.4871	-11.9205	0	7.6056	-9.4696	0	13.7206	6.6829	0	-24.4923	21.6937	0
144	-13.8184	-13.4392	0	-35.4428	-11.9173	0	7.6772	-9.3585	0	13.7488	6.7358	0	-24.4606	21.7766	0
145	-13.7991	-13.4878	0	-35.4780	-11.9939	0	7.7012	-9.4750	0	13.7697	6.7091	0	-24.4495	21.7495	0
146	-13.8006	-13.4316	0	-35.4595	-12.0542	0	7.6833	-9.4594	0	13.7803	6.7238	0	-24.4739	21.7418	0
147	-13.7353	-13.3590	0	-35.4687	-11.9999	0	7.6537	-9.3785	0	13.7971	6.7740	0	-24.5109	21.7610	0
148	-13.7694	-13.4188	0	-35.4662	-12.0526	0	7.7115	-9.3329	0	13.8137	6.8070	0	-24.5008	21.7253	0
149	-13.7607	-13.3898	0	-35.4442	-12.1123	0	7.6360	-9.3627	0	13.8335	6.7795	0	-24.4514	21.7282	0
150	-13.7490	-13.3696	0	-35.4717	-12.0306	0	7.6071	-9.3706	0	13.8243	6.8313	0	-24.4456	21.7452	0
151	-13.7321	-13.3631	0	-35.4859	-12.0087	0	7.6006	-9.4105	0	13.8177	6.9238	0	-24.4294	21.7067	0
152	-13.7091	-13.3750	0	-35.4630	-12.0514	0	7.6661	-9.3844	0	13.8159	6.8706	0	-24.4229	21.7088	0
153	-13.7080	-13.2658	0	-35.4988	-12.1031	0	7.8079	-9.3347	0	13.8375	6.9007	0	-24.3462	21.8013	0
154	-13.7710	-13.2567	0	-35.4725	-12.0562	0	7.7945	-9.3048	0	13.8748	6.9050	0	-24.3178	21.7876	0
155	-13.8361	-13.3353	0	-35.4606	-12.1081	0	7.7744	-9.3440	0	13.8495	6.8626	0	-24.3727	21.8031	0
156	-13.9107	-13.3496	0	-35.4849	-12.0830	0	7.7437	-9.2895	0	13.8128	6.8497	0	-24.3531	21.8244	0
157	-13.9441	-13.3587	0	-35.5091	-12.1155	0	7.7469	-9.2189	0	13.8208	6.9023	0	-24.3910	21.8912	0
158	-13.9086	-13.3602	0	-35.5013	-12.0503	0	7.7462	-9.2598	0	13.7966	6.9407	0	-24.4114	21.8905	0
159	-13.8973	-13.3376	0	-35.4641	-12.0318	0	7.7184	-9.2325	0	13.8205	6.9033	0	-24.3818	21.9055	0
160	-13.8516	-13.3839	0	-35.4502	-11.9959	0	7.6444	-9.1405	0	13.7877	6.9374	0	-24.3997	21.9029	0
161	-13.8959	-13.3718	0	-35.4972	-11.9977	0	7.5070	-9.0881	0	13.8143	6.9514	0	-24.4064	21.8865	0
162	-13.8734	-13.3701	0	-35.4974	-12.0113	0	7.4183	-9.1100	0	13.8186	6.9757	0	-24.4014	21.8683	0
163	-13.8776	-13.3486	0	-35.4551	-12.0339	0	7.4215	-9.0448	0	13.7976	6.9582	0	-24.4723	21.8462	0
164	-13.8779	-13.2846	0	-35.4526	-12.0293	0	7.4347	-8.9540	0	13.7801	6.9595	0	-24.4545	21.9462	0
165	-13.8680	-13.2666	0	-35.4873	-11.9747	0	7.5105	-8.9900	0	13.8170	6.9716	0	-24.4624	21.9427	0
166	-13.8706	-13.3178	0	-35.4977	-11.9637	0	7.5408	-9.0419	0	13.8478	7.0259	0	-24.4864	21.9250	0
167	-13.8432	-13.3441	0	-35.4770	-11.9422	0	7.5488	-9.0209	0	13.8338	7.0330	0	-24.5347	22.0277	0
168	-13.8571	-13.3250	0	-35.4392	-11.9110	0	7.4993	-9.0489	0	13.8687	7.0195	0	-24.5272	22.0220	0
169	-13.8527	-13.3739	0	-35.4673	-11.9097	0	7.4585	-9.0378	0	13.8344	6.9013	0	-24.5521	21.9855	0
170	-13.9080	-13.3377	0	-35.4220	-11.8624	0	7.5032	-8.9494	0	13.7917	7.0441	0	-24.5612	22.0156	0
171	-13.9238	-13.2876	0	-35.4363	-11.8595	0	7.4870	-8.9505	0	13.7692	7.1281	0	-24.5721	21.9592	0
172	-13.9501	-13.2973	0	-35.4545	-11.8992	0	7.4822	-9.0023	0	13.7985	7.1348	0	-24.5577	21.9425	0
173	-13.9466	-13.2820	0	-35.4671	-11.8915	0	7.4829	-9.0011	0	13.7926	7.1256	0	-24.5544	21.9065	0
174	-13.9335	-13.2501	0	-35.4118	-11.8708	0	7.5504	-8.9144	0	13.8405	7.1929	0	-24.5478	21.9356	0
175	-13.9082	-13.3354	0	-35.4216	-11.8450	0	7.5194	-8.8804	0	13.8942	7.1990	0	-24.5650	21.9306	0
176	-13.9500	-13.3570	0	-35.4038	-11.8648	0	7.5034	-8.8557	0	13.8917	7.1728	0	-24.5218	21.9179	0
177	-13.8944	-13.3274	0	-35.4342	-11.8657	0	7.4513	-8.8224	0	13.8786	7.2294	0	-24.5213	21.9852	0
178	-13.9166	-13.3102	0	-35.4132	-11.8674	0	7.4351	-8.8513	0	13.8062	7.1872	0	-24.6053	21.9901	0
179	-13.9221	-13.3623	0	-35.4535	-11.9016	0	7.3332	-8.7955	0	13.8276	7.2015	0	-24.6389	21.9903	0
180	-13.9290	-13.3428	0	-35.4692	-11.8607	0	7.3831	-8.7801	0	13.8464	7.2350	0	-24.5971	22.0535	0
181	-13.9570	-13.3570	0	-35.4956	-11.8947	0	7.3976	-8.7353	0	13.9086	7.2095	0	-24.6402	22.1482	0
182	-13.9129	-13.3861	0	-35.5019	-11.9210	0	7.4035	-8.7614	0	13.9150	7.1139	0	-24.6496	22.1197	0
183	-13.9031	-13.4337	0	-35.4686	-11.9494	0	7.4044	-8.7784	0	13.9409	7.0917	0	-24.6080	22.1596	0
184	-13.9684	-13.3937	0	-35.4785	-11.9401	0	7.3837	-8.6879	0	13.9075	7.1137	0	-24.5918	22.1386	0
185	-13.9166	-13.4301	0	-35.5030	-11.9550	0	7.3451	-8.7348	0	13.9525	7.0764	0	-24.6319	22.1570	0
186	-13.9859	-13.4501	0	-35.4425	-11.9527	0	7.3650	-8.7870	0	13.9678	7.0770	0	-24.6331	22.1481	0
187	-13.9380	-13.4244	0	-35.4861	-11.9382	0	7.3533	-8.6511	0	14.0179	7.0255	0	-24.5964	22.1809	0
188	-13.9460	-13.4359	0	-35.4631	-11.9726	0	7.2812	-8.5903	0	13.9186	7.0978	0	-24.5647	22.0956	0
189	-13.9973	-13.4161	0	-35.4750	-11.9644	0	7.2508	-8.5722	0	13.9183	7.1471	0	-24.5121	22.0238	0
190	-14.0056	-13.4126	0	-35.4972	-11.9573	0	7.2271	-8.5618	0	13.9302	7.2180	0	-24.4928	21.9879	0
191	-14.0666	-13.3940	0	-35.4771	-11.9278	0	7.2155	-8.4689	0	13.9253	7.1651	0	-24.4781	22.0400	0
192	-14.0251	-13.4043	0	-35.4724	-11.9440	0	7.2691	-8.4748	0	13.9665	7.2459	0	-24.4792	22.0114	0
193	-13.9410	-13.3624	0	-35.4175	-11.9593	0	7.2092	-8.4978	0	14.0996	7.3297	0	-24.4794	22.0426	0
194	-13.9445	-13.3485	0	-35.4217	-11.9240	0	7.2501	-8.4978	0	14.2008	7.2885	0	-24.5035	21.9994	0
195	-13.9911	-13.3713	0	-35.4205	-11.9596	0	7.2697	-8.4594	0	14.1653	7.2315	0	-24.4613	22.0006	0
196	-13.9996	-13.3245	0	-35.4131	-11.9549	0	7.2647	-8.5055	0	14.2122	7.2309	0	-24.4671	22.0408	0
197	-13.9938	-13.3008	0	-35.4230	-11.9680	0	7.2682	-8.4646	0	14.2146	7.2677	0	-24.5032	21.9998	0
198	-14.0143	-13.3115	0	-35.3328	-11.9863	0	7.2631	-8.4757	0	14.1953	7.2303	0	-24.4716	21.9866	0
199	-13.9786	-13.3601	0	-35.3218	-11.9957	0	7.2843	-8.4892	0	14.1303	7.3065	0	-24.4986	22.0822	0
200	-14.0218	-13.3090	0	-35.3094	-11.9958	0	7.2922	-8.4678	0	14.1474	7.2915	0	-24.4784	22.1027	0
201	-14.0145	-13.3389	0	-35.4209	-12.0812	0	7.2282	-8.5046	0	14.1633	7.1964	0	-24.5346	22.0753	0
202	-14.0073	-13.3724	0	-35.4042	-12.0423	0	7.2268	-8.4578	0	14.1336	7.1858	0	-24.5494	22.0826	0
203	-14.0624	-13.3557	0	-35.4463	-12.0209	0	7.1909	-8.4626	0	14.1664	7.2611	0	-24.5100	22.0946	0
204	-14.0582	-13.3222	0	-35.5273	-11.9753	0	7.2448	-8.4912	0	14.1698	7.3137	0	-24.4328	22.0445	0
205	-14.0607	-13.3574	0	-35.5521	-11.9472	0	7.2406	-8.4910	0	14.2449	7.2217	0	-24.4186	22.0309	0
206	-14.0775	-13.2852	0	-35.4678	-11.9431	0	7.2546	-8.5247	0	14.2393	7.1642	0	-24.3961	21.9999	0
207	-14.0988	-13.3096	0	-35.4989	-11.9597	0	7.2785	-8.5056	0	14.2697	7.2347	0	-24.4172	22.0406	0
208	-14.0858	-13.2829	0	-35.4182	-11.9774	0	7.2835	-8.4384	0	14.3258	7.2658	0	-24.4256	21.9693	0
209	-14.0938	-13.2543	0	-35.3827	-11.9430	0	7.2877	-8.4297	0	14.3498	7.2315	0	-24.3871	21.9155	0
210	-14.0391	-13.2692	0	-35.4170	-11.9262	0	7.2592	-8.3846	0	14.3903	7.2491	0	-24.4257	21.9580	0
211	-14.1093	-13.2824	0	-35.4051	-11.9134	0	7.2167	-8.3381	0	14.4112	7.1975	0	-24.4335	21.9769	0
212	-14.1375	-13.2883	0	-35.4037	-11.9885	0	7.2068	-8.2972	0	14.4418	7.1430	0	-24.4102	21.9341	0
213	-14.1343	-13.2807	0	-35.3993	-12.0191	0	7.1589	-8.2360	0	14.4674	7.1372	0	-24.3867	21.9265	0
214	-14.0767	-13.2277	0	-35.4314	-11.9978	0	7.0906	-8.2361	0	14.4564	7.1233	0	-24.3532	21.9621	0
215	-14.1179	-13.1993	0	-35.4035	-12.1222	0	7.0924	-8.2004	0	14.4316	7.1464	0	-24.3507	21.9315	0
216	-14.1501	-13.2166	0	-35.4066	-12.1332	0	7.0773	-8.1029	0	14.3650	7.1329	0	-24.3211	21.9430	0
217	-14.1322	-13.1682	0	-35.3929	-12.1332	0	7.0768	-8.0981	0	14.3650	7.1496	0	-24.3427	21.9802	0
218	-14.1534	-13.1590	0	-35.3729	-12.1368	0	7.1348	-8.1083	0	14.3069	7.1116	0	-24.3300	21.9534	0
219	-14.1297	-13.1409	0	-35.3969	-12.1143	0	7.1624	-8.0924	0	14.3298	7.1558	0	-24.3449	21.9463	0
220	-14.1378	-13.1324	0	-35.4091	-12.0880	0	7.1002	-8.1145	0	14.3060	7.1038	0	-24.3203	21.9851	0
221	-14.1300	-13.1775	0	-35.4447	-12.0378	0	7.0264	-8.1907	0	14.3154	7.1752	0	-24.3420	22.0202	0
222	-14.1009	-13.1876	0	-35.4789	-12.0156	0	7.0015	-8.2175	0	14.3613	7.2009	0	-24.3632	22.0395	0
223	-14.0448	-13.2096	0	-35.4884	-11.9897	0	6.9493	-8.1879	0	14.3657	7.1691	0	-24.3638	22.0106	0
224	-14.0834	-13.2021	0	-35.4633	-12.0232	0	6.9128	-8.2332	0	14.3273	7.2233	0	-24.3207	21.9969	0
225	-14.0534	-13.1588	0	-35.4819	-11.9755	0	6.8973	-8.2644	0	14.3694	7.2220	0	-24.3807	22.0334	0
226	-14.0579	-13.1575	0	-35.4713	-11.9511	0	6.9347	-8.2795	0	14.3090	7.1363	0	-24.3949	21.9858	0
227	-14.0821	-13.1281	0	-35.4532	-11.9571	0	6.9529	-8.2353	0	14.4105	7.1906	0	-24.4217	22.0484	0
228	-14.0971	-13.1260	0	-35.4518	-11.9651	0	6.9688	-8.2532	0	14.3857	7.2233	0	-24.4190	21.9860	0
229	-14.0629	-13.2013	0	-35.4743	-11.9338	0	6.9732	-8.1959	0	14.3658	7.1396	0	-24.4182	22.0121	0
230	-14.0576	-13.1685	0	-35.4700	-11.9370	0	7.0387	-8.2295	0	14.2825	7.1249	0	-24.4327	22.0261	0
231	-14.0624	-13.1719	0	-35.4711	-11.9694	0	6.9873	-8.2156	0	14.2441	7.1855	0	-24.4236	22.0315	0
232	-14.0887	-13.1841	0	-35.4894	-11.9473	0	7.0264	-8.1945	0	14.2264	7.1932	0	-24.3865	21.9125	0
233	-14.0317	-13.1278	0	-35.4573	-11.9707	0	7.0079	-8.1816	0	14.1859	7.2197	0	-24.3616	21.9218	0
234	-13.9822	-13.1243	0	-35.4784	-11.9066	0	6.9512	-8.1803	0	14.1539	7.1521	0	-24.3610	21.9741	0
235	-13.9955	-13.1715	0	-35.4401	-11.8922	0	6.9394	-8.1643	0	14.0765	7.1809	0	-24.3377	21.9152	0
236	-13.9921	-13.2047	0	-35.4546	-11.8876	0	6.9254	-8.2419	0	14.0844	7.2050	0	-24.3511	21.9666	0
237	-14.0819	-13.1940	0	-35.4870	-11.8020	0	6.9253	-8.2326	0	14.1075	7.1896	0	-24.3069	21.9947	0
238	-14.0523	-13.2119	0	-35.4603	-11.8433	0	6.8891	-8.1897	0	14.1938	7.1499	0	-24.2474	22.0125	0
239	-14.0263	-13.2439	0	-35.4650	-11.8147	0	6.8832	-8.2049	0	14.2697	7.1391	0	-24.2887	21.9786	0
240	-13.9961	-13.2655	0	-35.3916	-11.8390	0	6.8936	-8.1598	0						
