Frame	X1	Y1	Flag1	X2	Y2	Flag2	X4	Y4	Flag4	X3	Y3	Flag3	X5	Y5	Flag5
1	-26.2135	11.3569	0	-1.6035	9.0862	0	-36.1362	-33.0275	0	-18.7986	-16.0289	0	36.3209	7.2396	0
2	-26.2515	11.3324	0	-1.5360	8.9318	0	-36.1116	-33.0855	0	-18.7682	-16.1017	0	36.3878	7.1855	0
3	-26.2866	11.2875	0	-1.6374	8.9318	0	-36.1706	-33.1875	0	-18.7850	-16.1310	0	36.5344	7.2116	0
4	-26.2788	11.2359	0	-1.6513	8.9684	0	-36.1526	-33.2198	0	-18.8352	-16.1346	0	36.6879	7.2727	0
5	-26.3244	11.1205	0	-1.7697	9.0352	0	-36.0930	-33.2202	0	-19.0589	-16.0906	0	36.5643	7.3115	0
6	-26.3725	11.2099	0	-1.7326	9.0633	0	-36.0818	-33.1554	0	-19.0298	-15.9863	0	36.5629	7.3052	0
7	-26.4255	11.3187	0	-1.7950	9.0579	0	-36.0084	-33.1744	0	-18.9736	-16.0264	0	36.3788	7.3189	0
8	-26.4708	11.2319	0	-1.7407	8.9437	0	-36.0438	-33.1648	0	-18.9007	-16.0189	0	36.2458	7.3729	0
9	-26.4664	11.3015	0	-1.6813	8.9381	0	-36.0360	-33.0477	0	-18.9020	-16.0696	0	36.2218	7.5256	0
10	-26.3607	11.3389	0	-1.7550	9.0304	0	-36.1391	-33.0852	0	-18.9059	-16.0294	0	36.1693	7.4866	0
11	-26.2802	11.4379	0	-1.7201	9.0144	0	-36.1973	-33.1692	0	-19.0133	-16.0640	0	36.1300	7.4941	0
12	-26.2837	11.4729	0	-1.8635	8.9165	0	-36.2797	-33.1689	0	-18.9922	-16.0861	0	36.1828	7.4903	0
13	-26.3247	11.6148	0	-1.9122	8.8981	0	-36.3710	-33.2773	0	-19.0929	-16.0988	0	36.2374	7.5157	0
14	-26.4764	11.6189	0	-1.8689	8.8579	0	-36.4325	-33.3092	0	-19.1261	-16.1094	0	36.1694	7.5424	0
15	-26.5278	11.6134	0	-1.8656	8.9119	0	-36.5134	-33.3993	0	-19.1097	-16.0518	0	36.2331	7.5645	0
16	-26.6393	11.5419	0	-1.8933	8.9845	0	-36.4468	-33.3056	0	-19.0746	-16.0257	0	36.0155	7.5366	0
17	-26.6844	11.4376	0	-1.9703	9.0459	0	-36.4499	-33.3923	0	-18.9675	-16.0028	0	35.8723	7.3089	0
18	-26.5589	11.5137	0	-1.9620	9.1062	0	-36.4633	-33.2057	0	-18.9785	-16.0094	0	35.8053	7.3350	0
19	-26.5392	11.4395	0	-1.8836	9.2056	0	-36.4863	-33.2032	0	-19.0852	-16.0322	0	35.7567	7.2244	0
20	-26.6242	11.3630	0	-1.9035	9.1515	0	-36.4242	-33.2759	0	-19.1990	-16.0633	0	35.7917	7.1658	0
21	-26.5339	11.3396	0	-1.9631	9.1288	0	-36.3238	-33.3208	0	-19.2855	-16.0594	0	35.8759	7.1651	0
22	-26.5241	11.2799	0	-1.9964	9.1345	0	-36.4779	-33.2317	0	-19.2658	-16.0066	0	35.8774	7.1082	0
23	-26.4872	11.2754	0	-1.9510	9.1682	0	-36.4501	-33.2606	0	-19.3080	-16.0354	0	35.8740	7.0837	0
24	-26.4275	11.2529	0	-2.0065	9.1386	0	-36.4353	-33.2005	0	-19.2400	-15.9247	0	35.8759	7.1221	0
25	-26.4703	11.0394	0	-1.9836	9.1790	0	-36.3359	-33.2791	0	-19.2916	-15.7371	0	35.8641	6.9958	0
26	-26.5067	10.9164	0	-1.9343	9.0633	0	-36.3655	-33.2955	0	-19.3214	-15.9184	0	35.8912	6.7824	0
27	-26.4795	10.9907	0	-1.9046	8.9979	0	-36.4777	-33.3939	0	-19.2466	-15.9520	0	35.9032	6.8307	0
28	-26.4622	10.9999	0	-1.8738	8.9053	0	-36.5161	-33.3109	0	-19.1882	-15.9617	0	36.0165	6.8465	0
29	-26.4735	10.8801	0	-1.8336	8.8698	0	-36.5780	-33.1236	0	-19.2499	-15.8843	0	35.9992	6.7792	0
30	-26.3825	10.7944	0	-1.7364	8.8396	0	-36.4866	-32.9369	0	-19.2611	-15.8525	0	35.8235	6.7405	0
31	-26.3200	10.8756	0	-1.6348	8.8697	0	-36.3978	-32.9956	0	-19.2773	-15.8109	0	35.9156	6.7913	0
32	-26.2935	10.8092	0	-1.5710	8.8573	0	-36.3578	-33.1165	0	-19.2730	-15.7842	0	36.0322	6.7153	0
33	-26.2954	10.8102	0	-1.7381	8.8472	0	-36.2188	-33.1654	0	-19.3605	-15.8211	0	36.1174	6.6775	0
34	-26.3374	10.8726	0	-1.8603	8.8036	0	-36.0657	-33.3167	0	-19.3758	-15.6933	0	36.0746	6.6778	0
35	-26.3995	10.9201	0	-1.8759	8.8704	0	-36.0425	-33.3178	0	-19.4342	-15.7147	0	36.0692	6.6620	0
36	-26.3933	10.8175	0	-1.6898	8.8257	0	-36.1650	-33.2529	0	-19.4667	-15.7258	0	35.9917	6.6312	0
37	-26.4962	10.6996	0	-1.6256	8.8122	0	-36.2674	-33.2802	0	-19.4805	-15.7379	0	36.0311	6.5849	0
38	-26.3929	10.8168	0	-1.5667	8.7676	0	-36.1971	-33.2357	0	-19.4291	-15.7539	0	36.1775	6.6435	0
39	-26.3494	10.8475	0	-1.5411	8.6754	0	-36.1195	-33.1148	0	-19.4777	-15.7162	0	36.3293	6.6209	0
40	-26.3219	10.8487	0	-1.5585	8.5992	0	-36.2260	-33.0917	0	-19.5363	-15.8171	0	36.2230	6.5360	0
41	-26.3782	10.8302	0	-1.6118	8.5142	0	-36.2279	-33.1870	0	-19.4817	-15.8568	0	36.2673	6.6190	0
42	-26.4039	10.8614	0	-1.5885	8.5904	0	-36.2478	-33.3443	0	-19.4366	-15.7746	0	36.2409	6.6754	0
43	-26.4264	10.9638	0	-1.7146	8.6450	0	-36.3914	-33.3735	0	-19.4600	-15.7558	0	36.2687	6.7213	0
44	-26.4105	10.9875	0	-1.7754	8.6027	0	-36.4466	-33.3739	0	-19.5215	-15.7724	0	36.2804	6.8063	0
45	-26.4808	10.9576	0	-1.8548	8.4907	0	-36.4800	-33.2397	0	-19.5740	-15.6887	0	36.3193	6.9670	0
46	-26.4626	10.8232	0	-1.9592	8.4380	0	-36.4829	-33.3010	0	-19.5596	-15.5868	0	36.2291	6.9395	0
47	-26.5319	10.7017	0	-1.9034	8.3929	0	-36.3367	-33.2603	0	-19.5866	-15.7424	0	36.2696	6.8837	0
48	-26.5579	10.6603	0	-2.0068	8.4382	0	-36.3886	-33.1972	0	-19.5625	-15.7458	0	36.2435	6.7970	0
49	-26.5615	10.7037	0	-2.0355	8.5669	0	-36.4345	-33.1265	0	-19.5819	-15.8096	0	36.2489	6.8786	0
50	-26.5298	10.6768	0	-2.1338	8.4461	0	-36.4613	-33.0658	0	-19.5611	-15.9024	0	36.2563	6.8205	0
51	-26.5048	10.6194	0	-2.0765	8.4073	0	-36.4619	-33.0135	0	-19.6828	-15.8995	0	36.2476	6.8811	0
52	-26.5664	10.6441	0	-1.9912	8.2872	0	-36.4099	-32.9829	0	-19.6261	-15.8758	0	36.3589	6.9397	0
53	-26.5424	10.7454	0	-2.0153	8.2008	0	-36.3676	-32.7895	0	-19.6399	-15.9529	0	36.2157	6.9142	0
54	-26.4348	10.6598	0	-2.0806	8.2568	0	-36.2591	-32.7941	0	-19.5340	-15.9670	0	36.2536	6.8792	0
55	-26.2889	10.7236	0	-2.0629	8.3484	0	-36.2625	-32.9078	0	-19.5340	-16.0850	0	36.2403	6.8805	0
56	-26.2930	10.7160	0	-2.0256	8.3721	0	-36.2457	-32.9294	0	-19.5684	-16.0101	0	36.2000	6.8792	0
57	-26.3440	10.7505	0	-2.0565	8.4011	0	-36.2941	-32.9570	0	-19.5407	-16.0461	0	36.1876	6.8538	0
58	-26.3692	10.6519	0	-2.0901	8.4225	0	-36.3051	-33.0824	0	-19.6830	-16.0650	0	36.1617	6.8814	0
59	-26.3896	10.6334	0	-2.0906	8.4277	0	-36.3730	-33.0966	0	-19.6954	-16.0488	0	36.1912	6.8811	0
60	-26.3759	10.4948	0	-2.2627	8.2838	0	-36.3203	-33.1602	0	-19.7340	-16.0744	0	36.2878	6.8350	0
61	-26.3677	10.4292	0	-2.2129	8.1136	0	-36.2353	-33.2542	0	-19.7072	-15.9976	0	36.4478	6.8449	0
62	-26.3906	10.4660	0	-2.2126	8.1878	0	-36.2745	-33.2953	0	-19.6385	-15.9385	0	36.4205	6.7954	0
63	-26.3588	10.4938	0	-2.2467	8.2815	0	-36.2936	-33.2309	0	-19.6840	-15.9771	0	36.4070	6.8681	0
64	-26.3857	10.4255	0	-2.3310	8.2611	0	-36.3819	-33.2878	0	-19.7946	-16.0562	0	36.3686	6.8999	0
65	-26.3102	10.4445	0	-2.3985	8.3306	0	-36.5469	-33.2392	0	-19.7250	-16.1035	0	36.4009	6.8560	0
66	-26.2550	10.6404	0	-2.3878	8.2750	0	-36.5832	-33.2968	0	-19.6345	-16.0510	0	36.3588	6.7126	0
67	-26.3307	10.7698	0	-2.4032	8.2591	0	-36.5791	-33.3420	0	-19.6854	-16.0630	0	36.4859	6.6863	0
68	-26.2753	10.6290	0	-2.4002	8.2454	0	-36.5543	-33.1423	0	-19.6307	-16.0684	0	36.5621	6.8217	0
69	-26.3946	10.5611	0	-2.4859	8.1988	0	-36.4601	-33.0005	0	-19.7200	-16.1883	0	36.6161	6.8265	0
70	-26.3816	10.5580	0	-2.4662	8.1489	0	-36.5164	-32.9946	0	-19.8370	-16.2755	0	36.5320	6.8769	0
71	-26.2631	10.5448	0	-2.4918	8.1017	0	-36.6752	-32.9665	0	-19.8207	-16.3169	0	36.6139	6.9629	0
72	-26.3034	10.6366	0	-2.4588	8.1775	0	-36.5551	-32.9995	0	-19.9254	-16.2593	0	36.5476	6.9790	0
73	-26.2381	10.7486	0	-2.4681	8.2029	0	-36.6082	-32.9773	0	-19.9575	-16.1186	0	36.6309	6.8857	0
74	-26.2738	10.7864	0	-2.5748	8.0377	0	-36.4251	-32.8447	0	-19.9847	-16.1608	0	36.7927	6.9911	0
75	-26.2574	10.7259	0	-2.5431	8.1366	0	-36.3491	-32.7754	0	-20.0075	-16.1767	0	36.7881	6.9309	0
76	-26.1274	10.7243	0	-2.5825	8.2149	0	-36.3183	-32.7243	0	-19.9141	-16.0408	0	36.7853	6.8965	0
77	-26.0863	10.5660	0	-2.5840	8.2652	0	-36.2594	-32.7146	0	-19.8985	-16.0353	0	36.8197	6.9978	0
78	-26.1217	10.4711	0	-2.5171	8.2276	0	-36.3441	-32.8427	0	-19.8927	-16.0700	0	36.8894	6.9855	0
79	-26.0614	10.4052	0	-2.4229	8.2788	0	-36.4419	-32.7243	0	-19.9782	-16.0055	0	36.9438	6.9616	0
80	-26.1224	10.4304	0	-2.4956	8.2795	0	-36.4365	-32.6517	0	-20.1504	-15.9904	0	36.9224	6.8300	0
81	-26.1583	10.5158	0	-2.4190	8.1626	0	-36.2463	-32.7960	0	-20.2116	-15.9997	0	37.1234	6.8341	0
82	-26.1594	10.5099	0	-2.3537	8.0970	0	-36.3767	-32.7610	0	-20.2709	-16.0111	0	37.2056	6.8891	0
83	-26.1573	10.6285	0	-2.2516	8.1152	0	-36.5579	-32.7845	0	-20.4206	-16.0450	0	37.1293	6.8713	0
84	-26.2045	10.6837	0	-2.1493	8.1899	0	-36.6445	-32.7447	0	-20.4372	-16.0821	0	37.3706	6.8488	0
85	-26.1696	10.7056	0	-2.1828	8.2112	0	-36.6446	-32.7175	0	-20.4927	-16.1077	0	37.1891	6.8690	0
86	-26.1443	10.7535	0	-2.0993	8.2286	0	-36.6892	-32.6866	0	-20.5805	-16.0223	0	37.1567	6.8944	0
87	-26.1592	10.6821	0	-2.2099	8.3132	0	-36.7370	-32.6537	0	-20.5866	-15.9845	0	37.2898	6.9984	0
88	-26.1753	10.7735	0	-2.2379	8.3221	0	-36.8357	-32.6742	0	-20.4394	-15.9474	0	37.2461	6.9541	0
89	-26.1667	10.7338	0	-2.1182	8.2698	0	-36.7564	-32.7318	0	-20.4533	-15.8959	0	37.2488	7.0590	0
90	-26.1473	10.6294	0	-2.1043	8.3068	0	-36.7371	-32.8944	0	-20.4361	-15.8038	0	37.4221	7.1200	0
91	-26.0893	10.4395	0	-2.0861	8.4065	0	-36.7653	-32.7658	0	-20.4567	-15.7862	0	37.5698	7.0944	0
92	-26.0571	10.4703	0	-2.0607	8.4493	0	-36.6732	-32.7032	0	-20.3590	-15.7272	0	37.5322	7.1218	0
93	-26.0728	10.3689	0	-2.2201	8.3233	0	-36.6514	-32.6243	0	-20.3304	-15.8116	0	37.6179	7.0546	0
94	-25.9892	10.3505	0	-2.1736	8.3001	0	-36.7349	-32.5675	0	-20.3051	-15.8063	0	37.6457	6.9782	0
95	-26.0888	10.3294	0	-2.0520	8.3501	0	-36.7447	-32.5316	0	-20.3091	-15.9002	0	37.5452	6.9886	0
96	-26.0003	10.2441	0	-2.1148	8.3829	0	-36.7485	-32.6644	0	-20.2267	-15.8478	0	37.5190	7.0974	0
97	-25.9518	10.2924	0	-2.0620	8.4126	0	-36.8278	-32.6796	0	-20.1894	-15.7239	0	37.4372	7.1540	0
98	-25.9682	10.3448	0	-2.0786	8.3544	0	-36.8852	-32.7270	0	-20.1772	-15.6977	0	37.4421	6.9972	0
99	-25.8864	10.3208	0	-2.0921	8.4087	0	-36.9321	-32.9278	0	-20.1831	-15.6629	0	37.3686	6.9256	0
100	-25.9226	10.3188	0	-2.0077	8.3920	0	-37.0138	-32.9726	0	-20.0634	-15.6022	0	37.2516	6.7864	0
101	-25.8501	10.3386	0	-2.0082	8.4181	0	-36.9877	-33.0629	0	-20.1138	-15.6515	0	37.1467	6.7009	0
102	-25.8893	10.3874	0	-2.0673	8.3505	0	-36.9169	-33.0534	0	-20.1023	-15.6413	0	37.1670	6.6693	0
103	-25.8794	10.3779	0	-2.1486	8.3518	0	-36.9117	-32.9601	0	-20.1598	-15.5122	0	37.1604	6.6991	0
104	-25.7960	10.2703	0	-2.2533	8.2092	0	-36.8458	-32.9250	0	-20.3645	-15.5473	0	37.1573	6.5915	0
105	-25.7861	10.2654	0	-2.1810	8.2186	0	-36.8279	-32.8761	0	-20.3461	-15.5443	0	37.0606	6.5973	0
106	-25.9242	10.3583	0	-2.1465	8.1502	0	-36.7642	-32.9639	0	-20.4136	-15.5029	0	36.8618	6.5888	0
107	-25.9379	10.3637	0	-2.2162	8.1547	0	-36.7680	-32.9941	0	-20.4570	-15.4884	0	36.8117	6.5814	0
108	-26.0674	10.3307	0	-2.2707	8.0790	0	-36.8116	-32.9256	0	-20.3045	-15.3711	0	36.8112	6.5216	0
109	-26.0642	10.3397	0	-2.2296	8.0765	0	-36.6944	-32.8445	0	-20.3562	-15.3849	0	36.8326	6.5416	0
110	-26.1861	10.2094	0	-2.1921	8.1292	0	-36.7075	-32.7706	0	-20.4043	-15.6036	0	36.7674	6.5729	0
111	-26.2222	10.0608	0	-2.1746	8.1857	0	-36.6660	-32.7626	0	-20.5087	-15.7340	0	36.7006	6.4820	0
112	-26.1863	9.8936	0	-2.3185	8.1847	0	-36.6917	-32.8650	0	-20.5156	-15.7367	0	36.7177	6.5301	0
113	-26.2604	9.9634	0	-2.2496	8.2635	0	-36.6967	-32.9442	0	-20.4737	-15.7831	0	36.7498	6.4771	0
114	-26.2283	9.9386	0	-2.2291	8.1350	0	-36.6199	-32.8216	0	-20.4276	-15.7637	0	36.7657	6.4570	0
115	-26.1205	9.9007	0	-2.2538	8.0965	0	-36.6223	-32.6497	0	-20.4805	-15.7890	0	36.6424	6.5308	0
116	-26.1044	9.9583	0	-2.2657	8.1917	0	-36.5848	-32.6630	0	-20.3365	-15.9032	0	36.6320	6.5627	0
117	-26.1146	9.9467	0	-2.3054	8.1550	0	-36.6115	-32.6226	0	-20.2598	-15.8200	0	36.5965	6.5767	0
118	-26.1680	9.9378	0	-2.2978	8.1220	0	-36.6963	-32.5425	0	-20.1737	-15.8212	0	36.5643	6.5346	0
119	-26.1499	9.9310	0	-2.3815	8.0714	0	-36.8318	-32.5072	0	-20.2448	-15.9019	0	36.5629	6.5033	0
120	-26.1753	9.9628	0	-2.6238	7.9687	0	-36.9950	-32.5123	0						
