Frame	X1	Y1	Flag1	X2	Y2	Flag2	X3	Y3	Flag3	X4	Y4	Flag4	X5	Y5	Flag5	X6	Y6	Flag6	X7	Y7	Flag7	X8	Y8	Flag8	X9	Y9	Flag9	X10	Y10	Flag10
Tracks 1 to 10
1	1393.50000	171.00000	 	862.50000	133.50000	 	1138.01196	917.73014	 	 	 	 	 	 	 	 	 	 	 	 	 	 	 	 	 	 	 	 	 	 
2	1399.32671	177.02283	 	862.50000	133.50000	 	1146.00000	912.00000	 	 	 	 	 	 	 	 	 	 	 	 	 	 	 	 	 	 	 	 	 	 
3	1399.69685	176.94465	 	861.00000	133.50000	 	1144.50000	912.00000	 	1285.50000	469.50000	 	 	 	 	 	 	 	 	 	 	 	 	 	 	 	 	 	 	 
4	1393.50000	171.00000	 	864.00000	133.50000	 	1146.00000	913.50000	 	 	 	 	 	 	 	 	 	 	 	 	 	 	 	 	 	 	 	 	 	 
5	1399.21932	176.99619	 	861.00000	135.00000	 	1137.61867	917.58964	 	1284.00000	469.50000	*	 	 	 	 	 	 	 	 	 	 	 	 	 	 	 	 	 	 
6	1401.00000	175.50000	 	864.00000	133.50000	 	1146.00000	912.00000	 	1284.00000	468.00000	 	 	 	 	 	 	 	 	 	 	 	 	 	 	 	 	 	 	 
7	1396.50000	172.50000	 	859.50000	132.00000	 	1136.44383	915.77408	 	 	 	 	 	 	 	 	 	 	 	 	 	 	 	 	 	 	 	 	 	 
8	1396.50000	171.00000	 	862.50000	133.50000	 	1136.70252	916.01629	 	 	 	 	 	 	 	 	 	 	 	 	 	 	 	 	 	 	 	 	 	 
9	1396.50000	174.00000	 	861.00000	133.50000	 	1137.21448	916.01891	 	1285.50000	466.50000	*	 	 	 	 	 	 	 	 	 	 	 	 	 	 	 	 	 	 
10	1399.08493	177.04282	 	861.00000	133.50000	 	1147.50000	915.00000	 	 	 	 	 	 	 	 	 	 	 	 	 	 	 	 	 	 	 	 	 	 
11	1398.00000	172.50000	 	856.50000	133.50000	 	1137.20884	916.42473	 	 	 	 	 	 	 	 	 	 	 	 	 	 	 	 	 	 	 	 	 	 
12	1399.50000	169.50000	 	862.50000	133.50000	 	1137.12232	916.71288	 	1284.00000	469.50000	*	1303.50000	621.00000	 	 	 	 	 	 	 	 	 	 	 	 	 	 	 	 
13	1399.50000	171.00000	 	859.50000	132.00000	 	1137.30619	916.53297	 	 	 	 	1303.50000	618.00000	 	 	 	 	 	 	 	 	 	 	 	 	 	 	 	 
14	1398.00000	169.50000	 	862.50000	135.00000	 	1144.50000	915.00000	 	 	 	 	1302.00000	612.00000	 	 	 	 	 	 	 	 	 	 	 	 	 	 	 	 
15	1401.00000	171.00000	 	861.00000	135.00000	 	1144.50000	915.00000	 	1282.50000	471.00000	*	1303.50000	619.50000	 	 	 	 	 	 	 	 	 	 	 	 	 	 	 	 
16	1401.00000	171.00000	 	862.50000	133.50000	 	1137.15722	916.33484	 	1284.00000	469.50000	 	1303.50000	619.50000	 	 	 	 	 	 	 	 	 	 	 	 	 	 	 	 
17	1401.00000	174.00000	 	862.50000	133.50000	 	1144.50000	915.00000	 	1284.00000	471.00000	 	1306.50000	618.00000	 	 	 	 	 	 	 	 	 	 	 	 	 	 	 	 
18	1402.50000	171.00000	 	862.50000	133.50000	 	1137.00373	916.51239	 	 	 	 	1306.50000	618.00000	 	 	 	 	 	 	 	 	 	 	 	 	 	 	 	 
19	1402.50000	168.00000	 	861.00000	133.50000	 	1137.05922	916.42794	 	 	 	 	1306.50000	619.50000	 	 	 	 	 	 	 	 	 	 	 	 	 	 	 	 
20	1402.50000	168.00000	 	862.50000	133.50000	 	1137.02063	916.41099	 	 	 	 	1308.00000	619.50000	 	 	 	 	 	 	 	 	 	 	 	 	 	 	 	 
21	1402.50000	168.00000	 	861.00000	132.00000	 	1146.00000	913.50000	 	1282.50000	471.00000	*	1306.50000	621.00000	 	 	 	 	 	 	 	 	 	 	 	 	 	 	 	 
22	1404.00000	166.50000	 	862.50000	133.50000	 	1144.50000	913.50000	 	1281.00000	472.50000	 	1306.50000	622.50000	 	 	 	 	 	 	 	 	 	 	 	 	 	 	 	 
23	1402.50000	171.00000	 	861.00000	133.50000	 	1144.50000	912.00000	 	 	 	 	1306.50000	622.50000	 	 	 	 	 	 	 	 	 	 	 	 	 	 	 	 
24	1405.50000	166.50000	 	862.50000	133.50000	 	1144.50000	910.50000	 	 	 	 	1306.50000	622.50000	 	 	 	 	 	 	 	 	 	 	 	 	 	 	 	 
25	1402.50000	171.00000	 	862.50000	133.50000	 	1144.50000	910.50000	 	 	 	 	1308.00000	624.00000	 	 	 	 	 	 	 	 	 	 	 	 	 	 	 	 
26	1402.50000	171.00000	 	861.00000	132.00000	 	1143.00000	910.50000	 	 	 	 	1306.50000	624.00000	 	 	 	 	 	 	 	 	 	 	 	 	 	 	 	 
27	1402.50000	171.00000	 	861.00000	133.50000	 	1143.00000	910.50000	 	 	 	 	1306.50000	624.00000	 	 	 	 	 	 	 	 	 	 	 	 	 	 	 	 
28	1401.00000	169.50000	 	861.00000	133.50000	 	1143.00000	910.50000	 	 	 	 	1308.00000	625.50000	 	 	 	 	 	 	 	 	 	 	 	 	 	 	 	 
29	1399.50000	171.00000	 	861.00000	133.50000	 	1144.50000	910.50000	 	 	 	 	1308.00000	625.50000	 	 	 	 	 	 	 	 	 	 	 	 	 	 	 	 
30	1397.06251	177.17703	 	858.00000	130.50000	 	1143.00000	910.50000	 	 	 	 	1309.50000	625.50000	 	 	 	 	 	 	 	 	 	 	 	 	 	 	 	 
31	1397.27189	177.29424	 	861.00000	132.00000	 	1144.50000	910.50000	 	 	 	 	1308.00000	627.00000	 	 	 	 	 	 	 	 	 	 	 	 	 	 	 	 
32	1397.11713	177.22323	 	862.50000	133.50000	 	1146.00000	910.50000	 	 	 	 	1306.63085	638.67204	 	 	 	 	 	 	 	 	 	 	 	 	 	 	 	 
33	1398.09835	177.36986	 	861.00000	135.00000	 	1138.26690	917.45831	 	 	 	 	1308.00000	627.00000	 	 	 	 	 	 	 	 	 	 	 	 	 	 	 	 
34	1398.00000	172.50000	 	861.00000	133.50000	 	1137.69427	916.86874	 	 	 	 	1306.50000	627.00000	 	 	 	 	 	 	 	 	 	 	 	 	 	 	 	 
35	1398.00000	174.00000	 	861.00000	133.50000	 	1146.00000	913.50000	 	 	 	 	1306.72179	638.40270	 	 	 	 	 	 	 	 	 	 	 	 	 	 	 	 
36	1399.14040	177.04899	 	862.50000	133.50000	 	1146.00000	913.50000	 	 	 	 	1309.50000	625.50000	 	 	 	 	 	 	 	 	 	 	 	 	 	 	 	 
37	1398.54719	177.04359	 	861.00000	133.50000	 	1137.96436	917.46597	 	 	 	 	1309.50000	625.50000	 	 	 	 	 	 	 	 	 	 	 	 	 	 	 	 
38	1398.44369	177.26357	 	861.00000	133.50000	 	1144.50000	913.50000	 	 	 	 	1308.00000	627.00000	 	 	 	 	 	 	 	 	 	 	 	 	 	 	 	 
39	1397.94128	177.44863	 	862.50000	132.00000	 	1141.50000	915.00000	 	 	 	 	1308.00000	630.00000	 	 	 	 	 	 	 	 	 	 	 	 	 	 	 	 
40	1402.50000	175.50000	 	866.60258	126.56964	 	1141.50000	915.00000	 	 	 	 	1306.50000	630.00000	 	 	 	 	 	 	 	 	 	 	 	 	 	 	 	 
41	1398.25720	177.06516	 	861.00000	132.00000	 	1141.50000	915.00000	 	 	 	 	1308.00000	630.00000	 	 	 	 	 	 	 	 	 	 	 	 	 	 	 	 
42	1398.38411	177.25271	 	861.00000	133.50000	 	1141.50000	915.00000	 	 	 	 	1306.50000	636.00000	 	 	 	 	 	 	 	 	 	 	 	 	 	 	 	 
43	1398.75934	177.06758	 	858.00000	132.00000	 	1141.50000	916.50000	 	 	 	 	1308.00000	631.50000	 	 	 	 	 	 	 	 	 	 	 	 	 	 	 	 
44	1393.50000	174.00000	 	864.00000	132.00000	 	1141.50000	916.50000	 	 	 	 	1305.00000	634.50000	 	 	 	 	 	 	 	 	 	 	 	 	 	 	 	 
45	1395.00000	174.00000	 	861.00000	135.00000	 	1143.00000	918.00000	 	 	 	 	1305.00000	636.00000	 	 	 	 	 	 	 	 	 	 	 	 	 	 	 	 
46	1395.00000	174.00000	 	861.00000	132.00000	 	1141.50000	918.00000	 	 	 	 	1305.00000	636.00000	 	 	 	 	 	 	 	 	 	 	 	 	 	 	 	 
47	1395.00000	172.50000	 	862.50000	133.50000	 	1143.00000	918.00000	 	 	 	 	1305.00000	636.00000	 	 	 	 	 	 	 	 	 	 	 	 	 	 	 	 
48	1395.00000	172.50000	 	864.00000	133.50000	 	1141.50000	916.50000	 	 	 	 	1305.00000	634.50000	 	 	 	 	 	 	 	 	 	 	 	 	 	 	 	 
49	1396.50000	172.50000	 	858.00000	132.00000	 	1143.00000	916.50000	 	 	 	 	1306.50000	636.00000	 	 	 	 	 	 	 	 	 	 	 	 	 	 	 	 
50	1399.50000	172.50000	 	861.00000	132.00000	 	1144.50000	915.00000	 	 	 	 	1306.24555	639.97664	 	 	 	 	 	 	 	 	 	 	 	 	 	 	 	 
51	1398.26432	177.33013	 	856.50000	132.00000	 	1144.50000	916.50000	 	 	 	 	1306.00267	640.22172	 	 	 	 	 	 	 	 	 	 	 	 	 	 	 	 
52	1401.00000	175.50000	 	862.50000	132.00000	 	1143.00000	918.00000	 	 	 	 	1306.50000	631.50000	 	 	 	 	 	 	 	 	 	 	 	 	 	 	 	 
53	1399.50000	172.50000	 	861.00000	133.50000	 	1143.00000	918.00000	 	 	 	 	1305.95052	640.42600	 	 	 	 	 	 	 	 	 	 	 	 	 	 	 	 
54	1399.50000	172.50000	 	862.50000	133.50000	 	1141.50000	916.50000	 	 	 	 	1305.90771	640.64867	 	 	 	 	 	 	 	 	 	 	 	 	 	 	 	 
55	1401.00000	175.50000	 	862.50000	135.00000	 	1141.50000	916.50000	 	 	 	 	1306.23957	640.17291	 	 	 	 	 	 	 	 	 	 	 	 	 	 	 	 
56	1399.50000	174.00000	 	861.00000	133.50000	 	1141.50000	918.00000	 	 	 	 	1311.00000	637.50000	 	 	 	 	 	 	 	 	 	 	 	 	 	 	 	 
57	1399.50000	174.00000	 	861.00000	132.00000	 	1141.50000	916.50000	 	 	 	 	1306.50000	633.00000	 	 	 	 	 	 	 	 	 	 	 	 	 	 	 	 
58	1399.50000	175.50000	 	861.00000	135.00000	 	1143.00000	916.50000	 	 	 	 	1305.91208	640.31051	 	 	 	 	 	 	 	 	 	 	 	 	 	 	 	 
59	1401.00000	175.50000	 	861.00000	133.50000	 	1143.00000	913.50000	 	 	 	 	1305.88473	640.47049	 	 	 	 	 	 	 	 	 	 	 	 	 	 	 	 
60	1402.50000	175.50000	 	858.00000	132.00000	 	1143.00000	913.50000	 	 	 	 	1306.50000	636.00000	 	 	 	 	 	 	 	 	 	 	 	 	 	 	 	 
61	1401.00000	175.50000	 	862.50000	133.50000	 	1143.00000	915.00000	 	 	 	 	1306.50000	637.50000	 	 	 	 	 	 	 	 	 	 	 	 	 	 	 	 
62	1401.00000	177.00000	 	862.50000	135.00000	 	1143.00000	918.00000	 	 	 	 	1305.00000	636.00000	 	 	 	 	 	 	 	 	 	 	 	 	 	 	 	 
63	1402.50000	175.50000	 	861.00000	133.50000	 	1143.00000	918.00000	 	 	 	 	1305.98986	640.66922	 	 	 	 	 	 	 	 	 	 	 	 	 	 	 	 
64	1401.00000	174.00000	 	862.50000	133.50000	 	1143.00000	918.00000	 	 	 	 	1305.00000	636.00000	 	 	 	 	 	 	 	 	 	 	 	 	 	 	 	 
65	1401.00000	174.00000	 	862.50000	133.50000	 	1141.50000	916.50000	 	 	 	 	1305.00000	637.50000	 	 	 	 	 	 	 	 	 	 	 	 	 	 	 	 
66	1405.50000	175.50000	 	862.50000	133.50000	 	1141.50000	918.00000	 	 	 	 	1302.00000	634.50000	 	 	 	 	 	 	 	 	 	 	 	 	 	 	 	 
67	1402.50000	175.50000	 	862.50000	132.00000	 	1141.50000	918.00000	 	 	 	 	1300.50000	631.50000	 	 	 	 	 	 	 	 	 	 	 	 	 	 	 	 
68	1404.00000	175.50000	 	861.00000	133.50000	 	1141.50000	918.00000	 	 	 	 	1299.00000	630.00000	 	 	 	 	 	 	 	 	 	 	 	 	 	 	 	 
69	1407.00000	175.50000	 	862.50000	132.00000	 	1141.50000	919.50000	 	 	 	 	1306.39904	637.77091	 	 	 	 	 	 	 	 	 	 	 	 	 	 	 	 
70	1396.11978	173.32732	 	862.50000	132.00000	 	1141.50000	918.00000	 	 	 	 	1294.50000	634.50000	 	 	 	 	 	 	 	 	 	 	 	 	 	 	 	 
71	1395.96110	173.26875	 	864.00000	136.50000	 	1141.50000	916.50000	 	 	 	 	1299.00000	633.00000	 	 	 	 	 	 	 	 	 	 	 	 	 	 	 	 
72	1404.00000	178.50000	 	861.00000	133.50000	 	1137.00042	914.81056	 	 	 	 	1300.50000	633.00000	 	 	 	 	 	 	 	 	 	 	 	 	 	 	 	 
73	1402.50000	175.50000	 	862.50000	135.00000	 	1143.00000	918.00000	 	 	 	 	1303.50000	633.00000	 	 	 	 	 	 	 	 	 	 	 	 	 	 	 	 
74	1402.50000	178.50000	 	864.00000	136.50000	 	1143.00000	919.50000	 	 	 	 	1303.50000	634.50000	 	 	 	 	 	 	 	 	 	 	 	 	 	 	 	 
75	1402.50000	175.50000	 	861.00000	133.50000	 	1143.00000	919.50000	 	 	 	 	1300.50000	634.50000	 	 	 	 	 	 	 	 	 	 	 	 	 	 	 	 
76	1402.50000	175.50000	 	862.46394	130.72358	 	1137.50385	914.39045	 	 	 	 	1302.00000	636.00000	 	 	 	 	 	 	 	 	 	 	 	 	 	 	 	 
77	1404.00000	178.50000	 	862.50000	133.50000	 	1137.26970	914.68002	 	 	 	 	1297.50000	634.50000	 	 	 	 	 	 	 	 	 	 	 	 	 	 	 	 
78	1404.00000	178.50000	 	861.00000	133.50000	 	1144.50000	918.00000	 	 	 	 	1297.50000	634.50000	 	 	 	 	 	 	 	 	 	 	 	 	 	 	 	 
79	1402.50000	180.00000	 	855.00000	135.00000	 	1146.00000	918.00000	 	 	 	 	1306.87176	639.12269	 	 	 	 	 	 	 	 	 	 	 	 	 	 	 	 
80	1396.50000	172.50000	 	861.00000	133.50000	 	1146.00000	919.50000	 	 	 	 	1305.00000	639.00000	 	 	 	 	 	 	 	 	 	 	 	 	 	 	 	 
81	1404.00000	178.50000	 	862.50000	133.50000	 	1137.30998	914.71952	 	 	 	 	1306.81769	640.28416	 	 	 	 	 	 	 	 	 	 	 	 	 	 	 	 
82	1396.31571	172.85096	 	864.00000	133.50000	 	1144.50000	916.50000	 	 	 	 	1306.50000	637.50000	 	 	 	 	 	 	 	 	 	 	 	 	 	 	 	 
83	1396.50000	171.00000	 	862.50000	133.50000	 	1144.50000	915.00000	 	 	 	 	1303.50000	637.50000	 	 	 	 	 	 	 	 	 	 	 	 	 	 	 	 
84	1405.50000	180.00000	 	861.00000	133.50000	 	1141.50000	916.50000	 	 	 	 	1303.50000	636.00000	 	 	 	 	 	 	 	 	 	 	 	 	 	 	 	 
85	1397.03708	173.26218	 	861.00000	133.50000	 	1140.00000	915.00000	 	 	 	 	1303.50000	636.00000	 	 	 	 	 	 	 	 	 	 	 	 	 	 	 	 
86	1396.50000	172.50000	 	856.50000	135.00000	 	1141.50000	916.50000	 	 	 	 	1303.50000	636.00000	 	 	 	 	 	 	 	 	 	 	 	 	 	 	 	 
87	1405.50000	180.00000	 	861.00000	133.50000	 	1141.50000	913.50000	 	 	 	 	1305.00000	637.50000	 	 	 	 	 	 	 	 	 	 	 	 	 	 	 	 
88	1396.50000	172.50000	 	859.97700	135.61564	 	1140.00000	913.50000	 	 	 	 	1305.00000	637.50000	 	 	 	 	 	 	 	 	 	 	 	 	 	 	 	 
89	1396.50000	169.50000	 	860.08724	136.35887	 	1140.00000	915.00000	 	 	 	 	1306.44413	639.63664	 	 	 	 	 	 	 	 	 	 	 	 	 	 	 	 
90	1396.50000	171.00000	 	858.00000	132.00000	 	1141.50000	915.00000	 	 	 	 	1305.00000	636.00000	 	 	 	 	 	 	 	 	 	 	 	 	 	 	 	 
91	1396.50000	169.50000	 	855.00000	135.00000	 	1141.50000	916.50000	 	 	 	 	1306.59180	639.12256	 	 	 	 	 	 	 	 	 	 	 	 	 	 	 	 
92	1396.50000	169.50000	 	861.00000	135.00000	 	1140.00000	916.50000	 	 	 	 	1302.00000	634.50000	 	 	 	 	 	 	 	 	 	 	 	 	 	 	 	 
93	1396.50000	171.00000	 	860.20302	135.28218	 	1143.00000	916.50000	 	 	 	 	1306.39857	640.16481	 	 	 	 	 	 	 	 	 	 	 	 	 	 	 	 
94	1396.50000	171.00000	 	859.14945	136.22686	 	1143.00000	918.00000	 	 	 	 	1306.22789	640.71436	 	 	 	 	 	 	 	 	 	 	 	 	 	 	 	 
95	1396.50000	171.00000	 	858.00000	132.00000	 	1143.00000	919.50000	 	 	 	 	1303.50000	640.50000	 	 	 	 	 	 	 	 	 	 	 	 	 	 	 	 
96	1396.50000	169.50000	 	861.00000	132.00000	 	1140.00000	918.00000	 	 	 	 	1305.93873	640.20960	 	 	 	 	 	 	 	 	 	 	 	 	 	 	 	 
97	1396.50000	169.50000	 	861.00000	133.50000	 	1140.00000	918.00000	 	 	 	 	1306.22999	639.92651	 	 	 	 	 	 	 	 	 	 	 	 	 	 	 	 
98	 	 	 	861.00000	132.00000	 	1140.00000	919.50000	 	 	 	 	1306.50000	639.00000	 	1410.00000	178.50000	 	 	 	 	 	 	 	 	 	 	 	 	 
99	1396.50000	169.50000	*	861.00000	135.00000	 	1140.00000	921.00000	 	 	 	 	 	 	 	 	 	 	 	 	 	 	 	 	 	 	 	 	 	 
100	 	 	 	864.00000	138.00000	 	1141.50000	921.00000	 	 	 	 	1308.00000	637.50000	*	1405.50000	178.50000	*	 	 	 	 	 	 	 	 	 	 	 	 
101	1396.50000	171.00000	*	861.00000	132.00000	 	1140.00000	922.50000	 	 	 	 	1309.50000	637.50000	 	 	 	 	 	 	 	 	 	 	 	 	 	 	 	 
102	1396.50000	171.00000	 	862.50000	132.00000	 	1140.00000	922.50000	 	 	 	 	1309.50000	637.50000	 	 	 	 	 	 	 	 	 	 	 	 	 	 	 	 
103	1396.50000	171.00000	 	860.70759	134.74958	 	1141.50000	922.50000	 	 	 	 	1311.00000	639.00000	 	 	 	 	 	 	 	 	 	 	 	 	 	 	 	 
104	1396.50000	171.00000	 	860.98345	134.75570	 	1141.50000	922.50000	 	 	 	 	1311.00000	639.00000	 	 	 	 	 	 	 	 	 	 	 	 	 	 	 	 
105	 	 	 	860.32073	135.97694	 	1143.00000	921.00000	 	 	 	 	1309.50000	639.00000	 	1404.00000	178.50000	*	 	 	 	 	 	 	 	 	 	 	 	 
106	 	 	 	860.20763	134.88996	 	1138.95495	914.01186	 	 	 	 	1309.50000	639.00000	 	1402.50000	175.50000	 	 	 	 	 	 	 	 	 	 	 	 	 
107	1395.81031	173.20922	*	859.32470	136.36670	 	1138.37772	914.32636	 	 	 	 	1311.00000	639.00000	 	 	 	 	 	 	 	 	 	 	 	 	 	 	 	 
108	 	 	 	859.14856	136.06616	 	1144.50000	921.00000	 	 	 	 	1309.50000	639.00000	 	1404.00000	177.00000	*	 	 	 	 	 	 	 	 	 	 	 	 
109	 	 	 	861.00000	133.50000	 	1138.68377	914.11341	 	 	 	 	1309.50000	637.50000	 	1402.50000	175.50000	 	 	 	 	 	 	 	 	 	 	 	 	 
110	 	 	 	860.04445	134.51838	 	1138.97837	914.08260	 	 	 	 	 	 	 	1407.00000	174.00000	 	 	 	 	 	 	 	 	 	 	 	 	 
111	1396.42559	173.92840	*	860.18902	133.79646	 	1139.85713	913.71118	 	 	 	 	1309.50000	639.00000	*	 	 	 	 	 	 	 	 	 	 	 	 	 	 	 
112	1395.93583	173.13736	 	859.01792	134.60072	 	1141.50000	924.00000	 	 	 	 	1309.50000	639.00000	 	 	 	 	 	 	 	 	 	 	 	 	 	 	 	 
113	 	 	 	858.52192	135.18736	 	1140.00000	924.00000	 	 	 	 	1311.00000	639.00000	 	1405.50000	175.50000	*	 	 	 	 	 	 	 	 	 	 	 	 
114	 	 	 	858.52956	135.60918	 	1141.50000	922.50000	 	 	 	 	1312.50000	636.00000	 	1402.50000	174.00000	 	 	 	 	 	 	 	 	 	 	 	 	 
115	 	 	 	857.83416	134.68122	 	1141.50000	924.00000	 	 	 	 	1314.00000	636.00000	 	1402.50000	174.00000	 	 	 	 	 	 	 	 	 	 	 	 	 
116	 	 	 	858.33426	133.03097	 	1141.50000	924.00000	 	 	 	 	1314.00000	636.00000	 	1401.00000	172.50000	 	 	 	 	 	 	 	 	 	 	 	 	 
117	 	 	 	859.84265	131.53342	 	1141.50000	924.00000	 	 	 	 	1315.50000	634.50000	 	1401.00000	174.00000	 	 	 	 	 	 	 	 	 	 	 	 	 
118	 	 	 	855.00000	135.00000	 	1140.10009	913.37707	 	 	 	 	1306.80499	637.53204	 	1402.50000	177.00000	 	 	 	 	 	 	 	 	 	 	 	 	 
119	 	 	 	862.50000	132.00000	 	1141.50000	921.00000	 	 	 	 	1306.79840	637.46714	 	1401.00000	174.00000	 	 	 	 	 	 	 	 	 	 	 	 	 
120	 	 	 	858.00000	133.50000	 	1141.50000	921.00000	 	 	 	 	1317.00000	633.00000	 	1402.50000	177.00000	 	 	 	 	 	 	 	 	 	 	 	 	 
121	 	 	 	859.15564	134.39504	 	1143.00000	921.00000	 	 	 	 	1315.50000	631.50000	 	1402.50000	177.00000	 	 	 	 	 	 	 	 	 	 	 	 	 
122	 	 	 	858.71076	134.57998	 	1141.50000	921.00000	 	 	 	 	1306.90286	637.48655	 	1401.00000	172.50000	 	 	 	 	 	 	 	 	 	 	 	 	 
123	 	 	 	856.99893	135.51766	 	1140.00000	918.00000	 	 	 	 	1317.00000	633.00000	 	1402.50000	177.00000	 	 	 	 	 	 	 	 	 	 	 	 	 
124	 	 	 	857.15589	136.60233	 	1140.00000	918.00000	 	 	 	 	1317.00000	634.50000	 	1402.50000	177.00000	 	 	 	 	 	 	 	 	 	 	 	 	 
125	 	 	 	858.00000	135.00000	 	1138.50000	918.00000	 	 	 	 	1317.00000	634.50000	 	1401.00000	177.00000	 	 	 	 	 	 	 	 	 	 	 	 	 
126	 	 	 	856.94094	136.99850	 	1138.50000	918.00000	 	 	 	 	1315.50000	636.00000	 	1401.00000	175.50000	 	 	 	 	 	 	 	 	 	 	 	 	 
127	 	 	 	857.00180	136.99832	 	1140.00000	919.50000	 	 	 	 	1306.59373	637.69685	 	1401.00000	174.00000	 	 	 	 	 	 	 	 	 	 	 	 	 
128	 	 	 	856.48407	135.99775	 	1140.00000	919.50000	 	 	 	 	1318.50000	636.00000	 	1402.50000	174.00000	 	 	 	 	 	 	 	 	 	 	 	 	 
129	 	 	 	859.50000	133.50000	 	1140.00000	919.50000	 	 	 	 	1306.17634	637.85523	 	1401.00000	174.00000	 	 	 	 	 	 	 	 	 	 	 	 	 
130	 	 	 	856.06593	135.51019	 	1138.50000	919.50000	 	 	 	 	1305.97730	637.80597	 	1401.00000	174.00000	 	 	 	 	 	 	 	 	 	 	 	 	 
131	 	 	 	 	 	 	1138.50000	919.50000	 	 	 	 	1306.50000	634.50000	 	1394.88375	174.81385	 	903.93959	98.33770	 	 	 	 	 	 	 	 	 	 
132	 	 	 	 	 	 	1138.50000	919.50000	 	 	 	 	1305.00000	630.00000	 	1399.50000	175.50000	 	904.62875	98.66373	 	 	 	 	 	 	 	 	 	 
133	 	 	 	 	 	 	1138.50000	921.00000	 	 	 	 	1305.00000	633.00000	 	1398.00000	174.00000	 	903.90353	99.28684	 	 	 	 	 	 	 	 	 	 
134	 	 	 	 	 	 	1138.50000	919.50000	 	 	 	 	1305.00000	630.00000	 	1399.50000	174.00000	 	903.56427	99.08615	 	179.54257	332.21069	 	 	 	 	 	 	 
135	 	 	 	 	 	 	1138.50000	921.00000	 	 	 	 	1305.00000	631.50000	 	1398.06769	177.46287	 	902.33354	100.08231	 	172.75929	330.81537	 	 	 	 	 	 	 
136	 	 	 	 	 	 	1138.50000	919.50000	 	 	 	 	1305.92035	637.74122	 	1397.66897	177.41603	 	901.83556	98.93906	 	 	 	 	 	 	 	 	 	 
137	 	 	 	 	 	 	1140.00000	918.00000	 	 	 	 	1305.00000	633.00000	 	1398.13633	177.42697	 	901.57665	99.78479	 	 	 	 	 	 	 	 	 	 
138	 	 	 	 	 	 	1145.06358	915.70570	 	 	 	 	1306.06324	637.78708	 	1396.50000	172.50000	 	901.82014	101.03564	 	174.18008	331.47982	*	 	 	 	 	 	 
139	 	 	 	 	 	 	1140.00000	916.50000	 	 	 	 	1306.40034	638.19573	 	1396.50000	172.50000	 	901.67746	101.08441	 	174.45540	331.53680	 	 	 	 	 	 	 
140	 	 	 	 	 	 	1138.50000	915.00000	 	 	 	 	1305.00000	627.00000	 	1398.00000	171.00000	 	900.29384	101.69824	 	176.66548	332.10677	 	 	 	 	 	 	 
141	 	 	 	 	 	 	1140.00000	915.00000	 	 	 	 	1306.43047	638.21085	 	1399.50000	175.50000	 	900.12390	102.01229	 	 	 	 	 	 	 	 	 	 
142	 	 	 	 	 	 	1138.50000	915.00000	 	 	 	 	1305.00000	630.00000	 	1398.00000	174.00000	 	899.88500	102.92502	 	175.46039	331.77623	*	 	 	 	 	 	 
143	 	 	 	 	 	 	1140.00000	913.50000	 	 	 	 	1306.78597	638.75227	 	1398.00000	172.50000	 	899.78569	102.95676	 	 	 	 	 	 	 	 	 	 
144	 	 	 	 	 	 	1138.50000	915.00000	 	 	 	 	1306.61880	638.46312	 	1398.33682	177.24334	 	899.25464	103.45594	 	 	 	 	 	 	 	 	 	 
145	 	 	 	 	 	 	1138.50000	915.00000	 	 	 	 	1305.00000	634.50000	 	1399.50000	172.50000	 	899.46521	103.01439	 	181.50517	331.91923	*	 	 	 	 	 	 
146	 	 	 	 	 	 	1138.50000	913.50000	 	 	 	 	1306.32631	637.96325	 	1401.00000	172.50000	 	900.02682	103.00272	 	 	 	 	 	 	 	 	 	 
147	 	 	 	 	 	 	1138.50000	915.00000	 	 	 	 	1306.47015	638.25030	 	1399.50000	171.00000	 	895.50000	106.50000	 	 	 	 	 	 	 	 	 	 
148	 	 	 	 	 	 	1137.00000	916.50000	 	 	 	 	1305.00000	630.00000	 	1399.50000	174.00000	 	898.18773	103.29221	 	167.43721	324.46344	*	 	 	 	 	 	 
149	 	 	 	 	 	 	1137.00000	913.50000	 	 	 	 	1305.00000	634.50000	 	1399.50000	172.50000	 	898.90224	102.98034	 	167.18611	319.53325	 	 	 	 	 	 	 
150	 	 	 	 	 	 	1135.50000	910.50000	 	 	 	 	1306.64940	638.46091	 	1399.50000	172.50000	 	899.39699	102.74893	 	 	 	 	 	 	 	 	 	 
151	 	 	 	 	 	 	1143.99555	917.43769	 	 	 	 	1306.52146	638.17797	 	1393.50000	171.00000	 	898.54059	103.48779	 	 	 	 	 	 	 	 	 	 
152	 	 	 	 	 	 	1144.13188	917.06839	 	 	 	 	1306.43322	637.87732	 	1396.50000	174.00000	 	897.27226	103.74218	 	174.82720	331.73709	*	 	 	 	 	 	 
153	 	 	 	 	 	 	1135.50000	910.50000	 	 	 	 	1305.00000	633.00000	 	1393.50000	169.50000	 	897.37885	103.73496	 	 	 	 	 	 	 	 	 	 
154	 	 	 	 	 	 	1135.50000	910.50000	 	 	 	 	1305.00000	631.50000	 	1393.50000	166.50000	 	895.67352	103.75159	 	 	 	 	 	 	 	 	 	 
155	 	 	 	 	 	 	1144.52847	917.21144	 	 	 	 	1305.00000	633.00000	 	1392.00000	166.50000	 	895.80622	103.99518	 	 	 	 	 	 	 	 	 	 
156	 	 	 	 	 	 	1134.00000	910.50000	 	 	 	 	1305.00000	631.50000	 	1393.50000	169.50000	 	896.05200	104.36677	 	 	 	 	 	 	 	 	 	 
157	 	 	 	 	 	 	1143.57515	917.47414	 	 	 	 	1305.00000	631.50000	 	1393.50000	169.50000	 	895.32488	105.23316	 	 	 	 	589.50000	601.50000	 	 	 	 
158	 	 	 	 	 	 	1135.50000	912.00000	 	 	 	 	1305.97516	637.63132	 	1393.50000	172.50000	 	895.59234	105.47362	 	 	 	 	594.00938	608.72624	 	 	 	 
159	 	 	 	 	 	 	1144.47610	917.49363	 	 	 	 	1305.00000	631.50000	 	1393.50000	174.00000	 	895.80857	105.42132	 	 	 	 	591.00000	606.00000	 	 	 	 
160	 	 	 	 	 	 	1144.11247	917.35638	 	 	 	 	1305.00000	630.00000	 	1393.50000	174.00000	 	896.82022	105.25152	 	 	 	 	591.00000	606.00000	 	 	 	 
161	 	 	 	 	 	 	1144.26531	916.82001	 	 	 	 	1305.00000	627.00000	 	1393.50000	174.00000	 	894.00000	108.00000	 	 	 	 	 	 	 	 	 	 
162	 	 	 	 	 	 	1134.00000	915.00000	 	 	 	 	1305.00000	630.00000	 	1393.50000	174.00000	 	894.52985	106.33970	 	 	 	 	589.50000	603.00000	*	 	 	 
163	 	 	 	 	 	 	1135.50000	910.50000	 	 	 	 	1305.00000	627.00000	 	1393.50000	174.00000	 	892.50000	108.00000	 	 	 	 	589.50000	603.00000	 	 	 	 
164	 	 	 	 	 	 	1134.00000	912.00000	 	 	 	 	1305.00000	627.00000	 	1392.00000	172.50000	 	896.03964	105.42222	 	 	 	 	589.50000	603.00000	 	 	 	 
165	 	 	 	 	 	 	1132.50000	913.50000	 	 	 	 	1305.00000	630.00000	 	1400.03553	176.30691	 	895.51666	105.44316	 	 	 	 	589.50000	603.00000	 	 	 	 
166	 	 	 	 	 	 	1143.71124	916.21723	 	 	 	 	1305.00000	634.50000	 	1393.50000	174.00000	 	895.42196	105.41446	 	 	 	 	589.50000	603.00000	 	 	 	 
167	 	 	 	 	 	 	1131.00000	915.00000	 	 	 	 	1305.00000	634.50000	 	1393.50000	174.00000	 	895.38480	105.76377	 	 	 	 	589.50000	604.50000	 	 	 	 
168	 	 	 	 	 	 	1131.00000	913.50000	 	 	 	 	1305.00000	633.00000	 	1393.50000	174.00000	 	895.92182	105.50260	 	 	 	 	597.00000	615.00000	 	 	 	 
169	 	 	 	 	 	 	1143.77216	916.77836	 	 	 	 	1305.00000	633.00000	 	1392.00000	177.00000	 	892.50000	108.00000	 	 	 	 	591.00000	606.00000	 	 	 	 
170	 	 	 	 	 	 	1134.00000	912.00000	 	 	 	 	1305.12379	636.43744	 	1393.50000	175.50000	 	896.81275	105.05224	 	 	 	 	591.00000	603.00000	 	 	 	 
171	 	 	 	 	 	 	1135.50000	910.50000	 	 	 	 	1305.26559	636.29773	 	1393.50000	174.00000	 	895.53941	105.83546	 	 	 	 	601.50000	613.50000	 	 	 	 
172	 	 	 	 	 	 	1137.00000	910.50000	 	 	 	 	1305.52844	637.10476	 	1390.50000	177.00000	 	898.50000	106.50000	 	 	 	 	589.50000	604.50000	 	 	 	 
173	 	 	 	 	 	 	1138.50000	910.50000	 	 	 	 	1305.16917	636.32703	 	1391.25000	175.50000	 	895.56880	105.92878	 	 	 	 	592.50000	604.50000	 	 	 	 
174	 	 	 	 	 	 	1138.50000	912.00000	 	 	 	 	1305.04679	636.44216	 	1390.50000	175.50000	 	894.91534	106.25549	 	 	 	 	594.07409	608.77182	 	 	 	 
175	 	 	 	 	 	 	1140.00000	913.50000	 	 	 	 	1305.56262	637.75906	 	1387.50000	177.00000	 	892.50000	108.00000	 	 	 	 	601.50000	610.50000	 	 	 	 
176	 	 	 	 	 	 	1140.00000	912.00000	 	 	 	 	1305.47488	637.31567	 	1389.00000	177.00000	 	897.00000	106.50000	 	 	 	 	593.88630	608.73640	 	 	 	 
177	 	 	 	 	 	 	1138.50000	912.00000	 	 	 	 	1305.00000	634.50000	 	1387.50000	177.00000	 	893.50220	107.01487	 	 	 	 	593.99102	608.72430	 	 	 	 
178	 	 	 	 	 	 	1140.00000	912.00000	 	 	 	 	1305.00000	633.00000	 	1399.50000	174.00000	 	892.87984	107.44735	 	 	 	 	603.00000	615.00000	 	 	 	 
179	 	 	 	 	 	 	1138.50000	913.50000	 	 	 	 	1305.54705	638.20724	 	1399.50000	174.00000	 	893.44003	107.19774	 	 	 	 	591.00000	606.00000	 	 	 	 
180	 	 	 	 	 	 	1138.50000	913.50000	 	 	 	 	1305.49405	637.99862	 	1398.00000	174.00000	 	894.00000	108.00000	 	 	 	 	 	 	 	604.50000	616.50000	 
181	 	 	 	 	 	 	1144.34992	917.74185	 	 	 	 	1305.48747	637.80264	 	1401.00000	174.00000	 	897.00000	106.50000	 	 	 	 	591.00000	606.00000	*	 	 	 
182	 	 	 	 	 	 	1137.00000	913.50000	 	 	 	 	1305.56802	637.96882	 	1396.50000	171.00000	 	894.38849	106.29783	 	 	 	 	 	 	 	598.50000	615.00000	*
183	 	 	 	 	 	 	1145.10951	916.81172	 	 	 	 	1305.00000	634.50000	 	1396.50000	171.00000	 	892.46608	108.07015	 	 	 	 	 	 	 	598.50000	616.50000	 
184	 	 	 	 	 	 	1138.50000	915.00000	 	 	 	 	1305.43467	637.73452	 	1401.00000	174.00000	 	892.77348	107.73316	 	 	 	 	 	 	 	598.50000	618.00000	 
185	 	 	 	 	 	 	1140.00000	915.00000	 	 	 	 	1305.00000	634.50000	 	1396.50000	172.50000	 	893.93845	106.75965	 	 	 	 	 	 	 	598.50000	619.50000	 
186	 	 	 	 	 	 	1141.50000	915.00000	 	 	 	 	1305.38634	637.15239	 	1398.00000	172.50000	 	894.55415	106.48834	 	 	 	 	 	 	 	600.00000	616.50000	 
187	 	 	 	 	 	 	1137.00000	916.50000	 	 	 	 	1305.00000	633.00000	 	1396.50000	171.00000	 	895.82979	105.72786	 	 	 	 	 	 	 	601.50000	618.00000	 
188	 	 	 	 	 	 	1137.00000	916.50000	 	 	 	 	1304.89185	637.07489	 	1399.50000	174.00000	 	895.65953	105.64830	 	 	 	 	 	 	 	600.00000	616.50000	 
189	 	 	 	 	 	 	1144.90718	916.97750	 	 	 	 	1305.00000	630.00000	 	1396.50000	174.00000	 	896.76404	104.85361	 	 	 	 	 	 	 	601.50000	619.50000	 
190	 	 	 	 	 	 	1144.70900	915.72996	 	 	 	 	1305.00000	630.00000	 	1396.50000	174.00000	 	895.81494	105.00726	 	 	 	 	 	 	 	 	 	 
191	 	 	 	 	 	 	1135.50000	918.00000	 	 	 	 	1305.00000	631.50000	 	1398.00000	174.00000	 	894.83686	105.57794	 	 	 	 	 	 	 	603.00000	619.50000	*
192	 	 	 	 	 	 	1144.78487	916.93527	 	 	 	 	1305.00000	630.00000	 	1396.50000	171.00000	 	894.14545	106.16773	 	 	 	 	 	 	 	603.00000	621.00000	 
193	 	 	 	 	 	 	1135.50000	916.50000	 	 	 	 	1305.00000	630.00000	 	1398.00000	174.00000	 	892.50000	108.00000	 	 	 	 	 	 	 	 	 	 
194	 	 	 	 	 	 	1137.00000	918.00000	 	 	 	 	1305.00000	630.00000	 	1402.50000	175.50000	 	894.55563	105.92176	 	 	 	 	 	 	 	603.00000	624.00000	*
195	 	 	 	 	 	 	1144.57376	915.65030	 	 	 	 	1305.00000	630.00000	 	1402.50000	175.50000	 	892.50000	108.00000	 	 	 	 	 	 	 	604.50000	622.50000	 
196	 	 	 	 	 	 	1135.50000	915.00000	 	 	 	 	1305.00000	630.00000	 	1398.00000	174.00000	 	894.88875	105.76954	 	 	 	 	 	 	 	604.50000	624.00000	 
197	 	 	 	 	 	 	1144.62230	916.30069	 	 	 	 	 	 	 	1402.50000	175.50000	 	892.50000	108.00000	 	 	 	 	 	 	 	603.00000	624.00000	 
198	 	 	 	 	 	 	1135.50000	915.00000	 	 	 	 	1305.54457	636.97781	*	1398.00000	174.00000	 	893.97841	106.64107	 	 	 	 	 	 	 	 	 	 
199	 	 	 	 	 	 	1144.67826	916.82144	 	 	 	 	1305.00000	630.00000	 	1398.00000	175.50000	 	894.99958	105.65885	 	 	 	 	 	 	 	 	 	 
200	 	 	 	 	 	 	1144.59536	916.68049	 	 	 	 	1305.00000	630.00000	 	1396.50000	175.50000	 	894.51371	105.82503	 	 	 	 	 	 	 	601.50000	624.00000	*
201	 	 	 	 	 	 	1144.55518	917.20656	 	 	 	 	1305.00000	630.00000	 	1398.00000	175.50000	 	895.07677	105.70957	 	 	 	 	 	 	 	 	 	 
202	 	 	 	 	 	 	1144.21432	917.03311	 	 	 	 	1305.66830	637.08967	 	1396.50000	175.50000	 	894.64346	105.73082	 	 	 	 	 	 	 	 	 	 
203	 	 	 	 	 	 	1144.32754	917.04594	 	 	 	 	 	 	 	1396.50000	175.50000	 	894.31973	105.83015	 	 	 	 	 	 	 	 	 	 
204	 	 	 	 	 	 	1144.37083	917.42289	 	 	 	 	1305.00000	630.00000	*	1398.00000	175.50000	 	897.00000	106.50000	 	 	 	 	 	 	 	 	 	 
205	 	 	 	 	 	 	1144.66014	917.15302	 	 	 	 	1305.87753	637.23228	 	1398.00000	175.50000	 	893.47723	106.32433	 	 	 	 	 	 	 	601.50000	625.50000	*
206	 	 	 	 	 	 	1138.50000	916.50000	 	 	 	 	 	 	 	1398.27026	173.84067	 	893.06856	106.75126	 	 	 	 	 	 	 	603.00000	624.00000	 
207	 	 	 	 	 	 	1144.60299	915.43003	 	 	 	 	1305.56307	636.95649	*	1398.33166	173.83493	 	893.60316	106.33599	 	 	 	 	 	 	 	604.50000	625.50000	 
208	 	 	 	 	 	 	1138.50000	916.50000	 	 	 	 	1305.60340	637.16501	 	1398.00000	174.00000	 	891.00000	106.50000	 	 	 	 	 	 	 	604.50000	624.00000	 
209	 	 	 	 	 	 	1137.00000	918.00000	 	 	 	 	1305.61619	637.06690	 	1402.50000	175.50000	 	892.50000	108.00000	 	 	 	 	 	 	 	603.00000	625.50000	 
210	 	 	 	 	 	 	1144.76301	915.79975	 	 	 	 	1305.00000	630.00000	 	1396.50000	175.50000	 	894.00000	108.00000	 	 	 	 	 	 	 	601.50000	627.00000	 
211	 	 	 	 	 	 	1144.85657	915.80157	 	 	 	 	1305.00000	630.00000	 	1398.00000	175.50000	 	893.42877	106.75349	 	 	 	 	 	 	 	 	 	 
212	 	 	 	 	 	 	1144.69012	915.42242	 	 	 	 	1305.76612	637.27473	 	1398.00000	174.00000	 	893.86624	106.37152	 	 	 	 	 	 	 	 	 	 
213	 	 	 	 	 	 	1135.50000	918.00000	 	 	 	 	1305.00000	630.00000	 	1398.00000	172.50000	 	893.30206	106.76202	 	 	 	 	 	 	 	 	 	 
214	 	 	 	 	 	 	1137.00000	916.50000	 	 	 	 	1305.00000	630.00000	 	1402.50000	174.00000	 	894.00000	108.00000	 	 	 	 	 	 	 	 	 	 
215	 	 	 	 	 	 	1144.95195	916.49844	 	 	 	 	1305.00000	630.00000	 	1401.00000	174.00000	 	894.07537	106.61975	 	 	 	 	 	 	 	 	 	 
216	 	 	 	 	 	 	1135.50000	916.50000	 	 	 	 	1305.68077	637.28283	 	1399.50000	174.00000	 	892.50000	108.00000	 	 	 	 	 	 	 	 	 	 
217	 	 	 	 	 	 	1137.00000	916.50000	 	 	 	 	1305.00000	630.00000	 	1402.50000	174.00000	 	897.00000	106.50000	 	 	 	 	 	 	 	 	 	 
218	 	 	 	 	 	 	1137.00000	916.50000	 	 	 	 	1305.00000	630.00000	 	1401.00000	174.00000	 	893.37482	106.84433	 	 	 	 	 	 	 	 	 	 
219	 	 	 	 	 	 	1144.97342	916.01906	 	 	 	 	1305.00000	630.00000	 	1401.00000	174.00000	 	893.41751	106.90509	 	 	 	 	 	 	 	 	 	 
220	 	 	 	 	 	 	1138.50000	916.50000	 	 	 	 	1305.71206	637.04509	 	1402.50000	174.00000	 	892.60886	107.49775	 	 	 	 	 	 	 	 	 	 
221	 	 	 	 	 	 	1144.93552	915.55476	 	 	 	 	1305.59665	636.88602	 	1401.00000	174.00000	 	894.00000	108.00000	 	 	 	 	 	 	 	 	 	 
222	 	 	 	 	 	 	1138.50000	916.50000	 	 	 	 	1305.71680	637.17301	 	1402.50000	174.00000	 	894.00000	108.00000	 	 	 	 	 	 	 	 	 	 
223	 	 	 	 	 	 	1138.50000	916.50000	 	 	 	 	1305.73549	637.09656	 	1402.50000	174.00000	 	892.50000	109.50000	 	 	 	 	 	 	 	 	 	 
224	 	 	 	 	 	 	1138.50000	916.50000	 	 	 	 	1305.00000	630.00000	 	1396.50000	171.00000	 	897.00000	106.50000	 	 	 	 	 	 	 	 	 	 
225	 	 	 	 	 	 	1140.00000	918.00000	 	 	 	 	1305.66270	636.95173	 	1396.50000	171.00000	 	891.50273	107.88501	 	 	 	 	 	 	 	 	 	 
226	 	 	 	 	 	 	1141.50000	919.50000	 	 	 	 	1305.00000	630.00000	 	1398.00000	174.00000	 	891.93744	108.02198	 	 	 	 	 	 	 	 	 	 
227	 	 	 	 	 	 	1143.00000	918.00000	 	 	 	 	1305.70585	637.08270	 	1398.00000	174.00000	 	892.59807	107.69483	 	 	 	 	 	 	 	 	 	 
228	 	 	 	 	 	 	1137.02525	914.97013	 	 	 	 	1305.73476	637.26244	 	1398.00000	175.50000	 	893.86671	106.46451	 	 	 	 	 	 	 	 	 	 
229	 	 	 	 	 	 	1137.16069	914.82657	 	 	 	 	1305.00000	630.00000	 	1398.00000	175.50000	 	893.77334	106.43867	 	 	 	 	 	 	 	 	 	 
230	 	 	 	 	 	 	1144.50000	919.50000	 	 	 	 	1305.00000	630.00000	 	1396.50000	174.00000	 	893.49302	106.82929	 	 	 	 	 	 	 	 	 	 
231	 	 	 	 	 	 	1137.10257	915.62190	 	 	 	 	1305.00000	630.00000	 	1402.50000	175.50000	 	893.32372	107.00458	 	 	 	 	 	 	 	 	 	 
232	 	 	 	 	 	 	1137.40792	915.62909	 	 	 	 	1305.00000	630.00000	 	1398.00000	174.00000	 	893.53132	106.82174	 	 	 	 	 	 	 	 	 	 
233	 	 	 	 	 	 	1146.00000	918.00000	 	 	 	 	1305.76544	637.37240	 	1398.00000	174.00000	 	892.50000	108.00000	 	 	 	 	 	 	 	 	 	 
234	 	 	 	 	 	 	1137.90262	915.00384	 	 	 	 	1305.79145	637.61097	 	1398.00000	174.00000	 	897.00000	106.50000	 	 	 	 	 	 	 	 	 	 
235	 	 	 	 	 	 	1147.50000	919.50000	 	 	 	 	1305.00000	630.00000	 	1396.50000	171.00000	 	892.50000	108.00000	 	 	 	 	 	 	 	 	 	 
236	 	 	 	 	 	 	1149.00000	922.50000	 	 	 	 	1305.00000	630.00000	 	1402.50000	175.50000	 	891.38495	108.31693	 	 	 	 	 	 	 	 	 	 
237	 	 	 	 	 	 	1149.00000	922.50000	 	 	 	 	1305.00000	630.00000	 	1402.50000	175.50000	 	897.00000	106.50000	 	 	 	 	 	 	 	 	 	 
238	 	 	 	 	 	 	1147.50000	922.50000	 	 	 	 	1305.00000	630.00000	 	1402.50000	175.50000	 	892.19589	107.58628	 	 	 	 	 	 	 	 	 	 
239	 	 	 	 	 	 	1147.50000	922.50000	 	 	 	 	1305.00000	630.00000	 	1396.50000	171.00000	 	891.00000	106.50000	 	 	 	 	 	 	 	 	 	 
240	 	 	 	 	 	 	1147.50000	921.00000	 	 	 	 	 	 	 	1396.50000	169.50000	 	890.91661	107.84739	 	 	 	 	 	 	 	 	 	 

Track 	Length	Distance traveled	Nr of Frames
1	300.87527	3.24062	105
2	320.02511	6.74078	130
3	838.19305	10.03568	240
4	17.83938	5.40833	10
5	706.70444	9.12414	223
6	329.67283	16.22498	135
7	189.37621	16.12551	110
8	53.61016	4.73910	10
9	123.07895	4.74342	23
10	45.74210	10.92016	22
