Frame	X1	Y1	Flag1	X2	Y2	Flag2	X3	Y3	Flag3
1	7.6918	-11.4968	0	-11.2014	-13.3489	0	-24.1530	21.9558	0
2	7.8123	-11.3855	0	-11.2921	-13.2652	0	-24.1370	22.0259	0
3	7.8261	-11.3048	0	-11.3026	-13.3463	0	-24.1080	22.0455	0
4	7.7831	-11.4134	0	-11.2117	-13.4482	0	-23.9981	21.9633	0
5	7.6776	-11.4216	0	-11.2214	-13.4145	0	-24.0394	21.9835	0
6	7.7283	-11.3836	0	-11.1982	-13.3759	0	-24.0586	22.0337	0
7	7.6318	-11.4098	0	-11.1829	-13.4169	0	-24.1006	21.9246	0
8	7.6691	-11.4778	0	-11.1342	-13.4325	0	-24.0926	21.9782	0
9	7.6538	-11.5070	0	-11.1559	-13.5060	0	-24.1628	22.0078	0
10	7.6476	-11.5852	0	-11.0730	-13.5141	0	-24.1775	21.9534	0
11	7.6164	-11.5912	0	-11.0925	-13.5636	0	-24.2382	22.0194	0
12	7.5988	-11.5962	0	-11.0914	-13.4915	0	-24.2468	21.9962	0
13	7.6379	-11.6012	0	-11.1562	-13.5187	0	-24.2250	22.1209	0
14	7.6168	-11.6214	0	-11.1463	-13.5130	0	-24.2673	22.1127	0
15	7.6979	-11.6146	0	-11.0794	-13.4933	0	-24.2475	22.1638	0
16	7.6806	-11.6242	0	-11.0712	-13.4874	0	-24.1683	22.1940	0
17	7.5391	-11.7092	0	-11.1665	-13.6018	0	-24.2298	22.0987	0
18	7.5608	-11.6990	0	-11.2276	-13.6706	0	-24.1817	22.0246	0
19	7.6265	-11.6949	0	-11.1714	-13.6280	0	-24.1990	22.1026	0
20	7.5507	-11.7280	0	-11.1691	-13.6318	0	-24.1403	22.0337	0
21	7.5525	-11.7693	0	-11.1988	-13.5981	0	-24.1186	22.0687	0
22	7.5599	-11.8349	0	-11.2667	-13.5000	0	-24.0817	22.1122	0
23	7.5727	-11.7667	0	-11.2186	-13.4725	0	-24.0473	22.1316	0
24	7.5007	-11.7507	0	-11.2493	-13.4860	0	-24.1891	22.1343	0
25	7.5128	-11.7034	0	-11.2918	-13.4380	0	-24.3226	22.1693	0
26	7.3801	-11.7071	0	-11.3595	-13.4692	0	-24.3706	22.3007	0
27	7.3395	-11.7621	0	-11.4383	-13.5082	0	-24.2621	22.1887	0
28	7.3792	-11.7378	0	-11.3706	-13.4108	0	-24.1332	22.2132	0
29	7.3738	-11.6461	0	-11.3709	-13.4476	0	-24.2064	22.2919	0
30	7.3336	-11.6229	0	-11.3458	-13.3007	0	-24.1836	22.2872	0
31	7.3840	-11.6282	0	-11.3369	-13.3535	0	-24.1259	22.3346	0
32	7.3937	-11.6928	0	-11.4523	-13.2792	0	-24.1443	22.3306	0
33	7.4503	-11.6827	0	-11.4967	-13.3117	0	-24.0246	22.3333	0
34	7.4212	-11.7672	0	-11.4703	-13.2474	0	-23.9732	22.2961	0
35	7.4797	-11.7773	0	-11.5454	-13.2760	0	-23.8909	22.2485	0
36	7.4171	-11.8593	0	-11.5446	-13.2982	0	-23.8867	22.1443	0
37	7.4838	-11.8168	0	-11.5269	-13.1798	0	-23.8284	22.1827	0
38	7.4487	-11.8939	0	-11.6413	-13.2186	0	-23.7916	22.1636	0
39	7.3930	-11.8151	0	-11.5838	-13.1907	0	-23.7561	22.1570	0
40	7.4158	-11.7476	0	-11.6479	-13.1226	0	-23.7324	22.1313	0
41	7.2834	-11.8270	0	-11.6385	-13.1670	0	-23.7179	22.1508	0
42	7.2274	-11.8624	0	-11.6722	-13.1538	0	-23.7527	22.1778	0
43	7.2161	-11.8716	0	-11.6797	-13.0520	0	-23.6945	22.1708	0
44	7.2131	-11.9565	0	-11.7233	-13.0443	0	-23.7981	22.2745	0
45	7.1725	-12.0083	0	-11.7425	-13.0507	0	-23.7822	22.2189	0
46	7.1561	-11.9916	0	-11.7026	-13.0541	0	-23.8722	22.2426	0
47	7.1431	-11.9560	0	-11.7913	-13.0302	0	-23.9566	22.2347	0
48	7.0436	-12.0150	0	-11.7496	-13.0814	0	-23.8545	22.1594	0
49	7.0253	-11.9796	0	-11.7222	-13.1649	0	-23.9010	22.2238	0
50	6.9914	-11.9024	0	-11.7416	-13.0238	0	-23.8437	22.1991	0
51	6.9770	-11.8901	0	-11.7285	-12.8884	0	-23.8505	22.1389	0
52	7.0257	-11.8976	0	-11.7410	-12.9549	0	-23.8985	22.1182	0
53	7.0427	-11.8875	0	-11.6715	-12.9508	0	-23.9406	22.1155	0
54	7.1419	-11.9050	0	-11.6200	-12.9605	0	-23.9892	22.1557	0
55	7.2070	-11.9419	0	-11.6321	-12.9159	0	-23.9965	22.1083	0
56	7.1893	-11.8981	0	-11.5073	-12.9880	0	-24.0361	22.1270	0
57	7.1956	-11.8866	0	-11.4230	-13.0255	0	-24.0585	22.2274	0
58	7.2878	-11.8176	0	-11.4119	-13.0481	0	-24.0826	22.2413	0
59	7.2792	-11.7961	0	-11.3854	-13.0392	0	-24.0252	22.2449	0
60	7.2150	-11.7820	0	-11.4568	-12.9640	0	-24.0316	22.2589	0
61	7.2675	-11.8426	0	-11.4384	-12.9877	0	-23.9532	22.1316	0
62	7.2804	-11.7890	0	-11.4412	-12.9299	0	-23.9581	22.1625	0
63	7.2281	-11.8514	0	-11.4076	-13.1428	0	-23.9149	22.0208	0
64	7.2019	-11.8709	0	-11.3884	-13.2130	0	-23.8324	22.0252	0
65	7.2640	-11.8495	0	-11.3948	-13.2111	0	-24.0579	22.1347	0
66	7.2768	-11.8883	0	-11.4248	-13.2237	0	-23.7783	22.0144	0
67	7.3089	-11.9235	0	-11.4830	-13.2242	0	-23.8901	22.1560	0
68	7.2740	-11.8881	0	-11.5929	-13.0875	0	-23.7977	22.1384	0
69	7.3298	-11.8719	0	-11.5447	-13.0847	0	-23.9601	22.1371	0
70	7.2861	-11.8907	0	-11.4362	-13.2355	0	-23.9411	22.1344	0
71	7.2479	-11.8138	0	-11.4221	-13.2235	0	-24.0155	22.1368	0
72	7.2155	-11.7872	0	-11.3911	-13.2215	0	-23.7769	22.0122	0
73	7.2923	-11.8334	0	-11.3893	-13.0935	0	-23.8736	22.0019	0
74	7.2624	-11.8274	0	-11.5113	-13.0782	0	-23.8109	21.9953	0
75	7.2382	-11.8349	0	-11.3686	-13.3001	0	-24.0165	22.1350	0
76	7.1310	-11.8588	0	-11.4355	-13.3048	0	-23.9107	22.1513	0
77	7.1955	-11.7997	0	-11.3525	-13.2943	0	-23.8680	22.1419	0
78	7.1901	-11.8310	0	-11.2226	-13.2971	0	-23.8805	21.9932	0
79	7.2391	-11.7644	0	-11.1666	-13.2853	0	-23.9326	22.0005	0
80	7.2826	-11.7945	0	-11.2571	-13.1460	0	-23.8690	21.8664	0
81	7.3105	-11.7623	0	-11.1642	-13.1396	0	-24.0012	21.8664	0
82	7.2951	-11.7224	0	-11.1614	-13.1033	0	-24.1123	22.0062	0
83	7.3163	-11.7193	0	-11.1814	-13.0127	0	-23.9861	21.8730	0
84	7.2186	-11.7998	0	-11.1433	-13.0204	0	-24.1496	21.9953	0
85	7.2217	-11.7712	0	-11.0824	-13.0042	0	-24.1486	22.1383	0
86	7.2538	-11.7959	0	-11.1760	-12.9878	0	-24.1143	22.1491	0
87	7.2790	-11.8426	0	-11.2735	-13.0229	0	-24.1057	22.1480	0
88	7.3224	-11.9141	0	-11.2751	-13.0205	0	-24.1148	22.1483	0
89	7.3715	-11.8925	0	-11.4306	-12.8897	0	-24.2010	22.1313	0
90	7.3333	-11.8587	0	-11.2343	-13.0217	0	-24.1272	22.1437	0
91	7.3727	-11.9139	0	-11.1563	-13.0180	0	-24.2279	22.2797	0
92	7.2699	-11.8739	0	-11.1573	-13.0257	0	-24.2690	22.2751	0
93	7.2065	-11.8452	0	-11.0631	-12.9944	0	-24.2164	22.2740	0
94	7.1312	-11.8851	0	-11.1530	-12.8857	0	-24.1182	22.2861	0
95	7.0766	-11.8047	0	-11.2324	-12.7589	0	-24.0730	22.1375	0
96	7.0768	-11.7182	0	-11.1439	-12.7390	0	-24.1677	22.2763	0
97	7.0953	-11.6581	0	-11.0420	-12.7298	0	-24.0755	22.1388	0
98	7.0188	-11.6731	0	-10.9919	-12.7239	0	-24.1503	22.2726	0
99	6.9633	-11.6482	0	-11.1823	-12.6063	0	-23.9605	22.1542	0
100	6.9406	-11.6530	0	-11.0994	-12.6018	0	-24.0469	22.1454	0
101	6.9773	-11.6023	0	-11.1098	-12.7330	0	-23.9457	22.1428	0
102	7.0156	-11.5672	0	-11.0169	-12.8709	0	-23.9916	22.1398	0
103	6.9484	-11.5379	0	-11.0295	-12.8802	0	-23.8527	22.1509	0
104	6.9248	-11.5117	0	-11.0806	-12.8757	0	-23.9630	22.1516	0
105	6.9941	-11.5361	0	-11.1129	-12.8743	0	-24.0178	22.1281	0
106	7.0784	-11.5687	0	-11.1669	-12.8908	0	-23.9577	22.1496	0
107	7.0798	-11.5509	0	-11.1065	-12.9946	0	-23.7604	22.1698	0
108	7.1163	-11.5427	0	-11.0494	-12.9911	0	-23.8223	22.1634	0
109	7.1015	-11.5244	0	-11.1356	-13.0195	0	-23.8316	22.1715	0
110	7.0840	-11.5505	0	-11.2163	-13.0179	0	-23.8420	22.1535	0
111	7.0937	-11.5332	0	-11.1152	-13.0055	0	-23.7036	22.0343	0
112	7.0812	-11.4250	0	-11.0796	-12.9996	0	-23.8819	22.1501	0
113	7.1405	-11.4565	0	-11.0688	-13.0073	0	-23.9892	22.1352	0
114	7.1806	-11.5033	0	-11.2510	-13.0195	0	-23.9877	22.1436	0
115	7.1217	-11.4128	0	-11.1133	-13.0020	0	-23.9317	22.1607	0
116	7.0976	-11.3458	0	-11.2910	-13.0193	0	-23.9031	22.1762	0
117	7.1199	-11.3825	0	-11.3632	-12.8925	0	-24.0123	22.1443	0
118	7.1076	-11.3898	0	-11.1416	-13.0010	0	-24.0170	22.1336	0
119	7.0385	-11.4141	0	-11.2437	-13.0670	0	-23.9789	22.2851	0
120	7.0199	-11.4125	0	-11.1588	-13.0783	0	-23.8025	22.2780	0
121	7.0767	-11.4297	0	-11.1233	-13.0598	0	-23.7162	22.3035	0
122	7.1273	-11.5233	0	-11.1044	-13.1967	0	-23.7167	22.2836	0
123	7.1300	-11.5430	0	-11.2402	-13.2027	0	-23.8421	22.2821	0
124	7.1445	-11.5354	0	-11.2380	-13.0556	0	-23.8747	22.2729	0
125	7.1959	-11.5245	0	-11.3432	-13.1471	0	-23.9456	22.2726	0
126	7.1925	-11.4905	0	-11.3100	-13.2670	0	-23.9423	22.2738	0
127	7.1289	-11.4453	0	-11.3096	-13.1305	0	-23.9122	22.2823	0
128	7.2213	-11.5381	0	-11.3161	-13.1324	0	-23.9016	22.2815	0
129	7.1264	-11.5330	0	-11.3274	-13.1393	0	-23.9468	22.2695	0
130	7.0729	-11.4708	0	-11.2744	-13.2126	0	-23.8542	22.1505	0
131	7.1504	-11.4439	0	-11.3557	-13.2263	0	-23.8694	22.0136	0
132	7.2113	-11.5615	0	-11.4368	-13.2842	0	-24.0367	22.1417	0
133	7.1926	-11.7067	0	-11.4134	-13.2133	0	-23.8816	22.1600	0
134	7.0589	-11.7162	0	-11.3977	-13.1500	0	-23.6550	22.1591	0
135	7.0911	-11.7580	0	-11.3584	-13.1449	0	-23.8662	22.2719	0
136	7.0605	-11.8802	0	-11.3448	-13.0785	0	-23.7263	22.2827	0
137	7.0269	-11.7556	0	-11.3607	-13.0891	0	-23.6673	22.2894	0
138	7.0059	-11.8180	0	-11.1897	-13.1298	0	-23.7235	22.3022	0
139	7.0689	-11.9384	0	-11.1217	-13.2009	0	-23.7666	22.4305	0
140	7.0782	-11.8957	0	-11.0924	-13.2059	0	-23.8161	22.4375	0
141	7.0301	-11.9435	0	-11.1182	-13.2770	0	-23.8350	22.3612	0
142	7.0452	-11.9592	0	-11.0913	-13.2751	0	-23.9319	22.4853	0
143	7.0361	-11.9544	0	-11.1466	-13.2241	0	-24.0357	22.4972	0
144	7.0606	-11.9024	0	-11.1868	-13.1456	0	-23.9623	22.4460	0
145	7.1694	-12.0414	0	-11.1204	-13.1969	0	-23.9720	22.5587	0
146	7.2380	-12.0472	0	-11.0993	-13.1252	0	-23.8330	22.3754	0
147	7.3020	-12.1293	0	-11.0772	-13.1575	0	-23.8246	22.2517	0
148	7.2465	-12.1914	0	-11.0039	-13.2212	0	-23.7620	22.3134	0
149	7.1917	-12.1921	0	-11.0534	-13.2755	0	-23.7730	22.4233	0
150	7.2159	-12.1414	0	-10.9629	-13.2556	0	-23.7516	22.4392	0
151	7.2110	-12.0936	0	-11.0923	-13.2954	0	-23.7562	22.5060	0
152	7.2580	-12.0215	0	-10.9148	-13.2595	0	-23.8272	22.3590	0
153	7.2358	-11.9391	0	-10.8541	-13.2606	0	-23.8260	22.2974	0
154	7.2453	-11.9278	0	-10.9298	-13.2121	0	-23.7664	22.2971	0
155	7.2173	-11.8537	0	-10.8763	-13.0778	0	-23.7966	22.2154	0
156	7.2928	-11.7746	0	-10.8369	-13.1263	0	-23.8067	22.2924	0
157	7.2422	-11.8220	0	-10.7909	-13.1985	0	-23.7670	22.3097	0
158	7.2072	-11.8097	0	-10.7475	-13.1485	0	-23.8074	22.1688	0
159	7.1721	-11.7929	0	-10.7678	-13.1331	0	-23.7408	22.1730	0
160	7.1494	-11.6716	0	-10.7949	-13.1454	0	-23.6348	22.2442	0
161	7.1306	-11.6760	0	-10.8980	-12.9991	0	-23.6848	22.2956	0
162	7.0939	-11.7912	0	-10.8543	-13.0065	0	-23.6385	22.3097	0
163	7.1738	-11.7556	0	-10.7127	-12.9955	0	-23.6912	22.4997	0
164	7.1553	-11.7755	0	-10.7952	-12.9502	0	-23.8144	22.5094	0
165	7.1713	-11.7311	0	-10.7594	-12.9841	0	-23.7866	22.4313	0
166	7.2157	-11.6634	0	-10.6688	-13.0031	0	-23.6145	22.5171	0
167	7.2775	-11.6192	0	-10.5857	-12.9943	0	-23.6370	22.4329	0
168	7.2471	-11.5699	0	-10.7599	-12.8593	0	-23.5642	22.5024	0
169	7.2646	-11.5377	0	-10.7037	-12.9207	0	-23.5852	22.4948	0
170	7.2477	-11.5545	0	-10.7691	-12.8519	0	-23.5758	22.5023	0
171	7.3461	-11.6905	0	-10.7779	-12.8491	0	-23.5809	22.5556	0
172	7.4081	-11.6458	0	-10.7153	-12.7853	0	-23.6090	22.5839	0
173	7.4249	-11.6616	0	-10.6959	-12.8548	0	-23.5754	22.6461	0
174	7.3645	-11.6105	0	-10.6047	-12.9995	0	-23.4932	22.6513	0
175	7.3035	-11.4957	0	-10.5197	-12.9257	0	-23.4392	22.5729	0
176	7.2489	-11.5133	0	-10.5197	-12.9390	0	-23.4310	22.5089	0
177	7.2232	-11.5956	0	-10.5707	-12.9418	0	-23.4708	22.5813	0
178	7.2410	-11.5200	0	-10.4954	-12.9241	0	-23.5059	22.5759	0
179	7.2877	-11.4812	0	-10.3780	-12.9295	0	-23.5884	22.6279	0
180	7.3588	-11.4453	0	-10.4837	-12.8542	0	-23.5934	22.6922	0
181	7.3083	-11.3807	0	-10.4194	-12.7848	0	-23.5333	22.7007	0
182	7.3549	-11.3131	0	-10.3051	-12.8014	0	-23.3365	22.7263	0
183	7.3392	-11.4129	0	-10.2846	-12.8557	0	-23.4014	22.7899	0
184	7.4577	-11.4160	0	-10.4215	-12.8510	0	-23.3404	22.7228	0
185	7.4647	-11.4066	0	-10.5559	-12.7239	0	-23.4532	22.6358	0
186	7.4618	-11.4818	0	-10.5671	-12.8509	0	-23.4866	22.5823	0
187	7.3151	-11.4630	0	-10.5252	-12.7969	0	-23.5992	22.6219	0
188	7.3754	-11.3735	0	-10.5182	-12.7399	0	-23.5252	22.7063	0
189	7.4088	-11.3326	0	-10.5606	-12.7860	0	-23.4128	22.6487	0
190	7.4834	-11.2846	0	-10.4353	-12.7939	0	-23.4473	22.6932	0
191	7.5282	-11.3126	0	-10.4934	-12.5813	0	-23.5489	22.7150	0
192	7.4422	-11.2901	0	-10.3993	-12.7256	0	-23.5375	22.5885	0
193	7.4314	-11.4041	0	-10.3320	-12.8668	0	-23.6019	22.6261	0
194	7.3730	-11.3383	0	-10.3006	-12.6468	0	-23.5551	22.6536	0
195	7.3636	-11.5019	0	-10.3383	-12.7297	0	-23.5552	22.5748	0
196	7.3804	-11.5965	0	-10.2986	-12.7920	0	-23.6454	22.5641	0
197	7.3157	-11.5864	0	-10.3753	-12.7923	0	-23.5318	22.4987	0
198	7.2594	-11.6788	0	-10.4254	-12.8615	0	-23.5915	22.4842	0
199	7.3064	-11.7347	0	-10.4495	-12.9369	0	-23.5683	22.5663	0
200	7.3493	-11.7758	0	-10.4864	-12.9264	0	-23.4887	22.5813	0
201	7.3950	-11.7820	0	-10.4292	-12.9239	0	-23.4588	22.6327	0
202	7.3777	-11.9441	0	-10.4216	-13.0618	0	-23.4144	22.7095	0
203	7.4199	-11.8412	0	-10.5496	-13.0602	0	-23.2935	22.7803	0
204	7.4662	-11.8402	0	-10.5507	-13.0551	0	-23.3074	22.7623	0
205	7.4113	-11.8158	0	-10.4511	-13.1424	0	-23.3315	22.7946	0
206	7.3991	-11.7983	0	-10.4739	-13.1416	0	-23.3438	22.7930	0
207	7.3478	-11.7417	0	-10.5417	-13.1394	0	-23.4214	22.7706	0
208	7.3849	-11.8200	0	-10.5619	-13.1324	0	-23.4504	22.7649	0
209	7.3597	-11.9193	0	-10.5057	-13.1204	0	-23.3559	22.7870	0
210	7.3801	-12.0568	0	-10.5356	-13.0690	0	-23.3295	22.7831	0
211	7.3804	-12.0556	0	-10.4834	-12.9842	0	-23.4705	22.9186	0
212	7.3651	-12.1092	0	-10.3815	-12.9862	0	-23.4782	22.9242	0
213	7.4353	-12.1074	0	-10.3387	-12.9943	0	-23.5992	22.8990	0
214	7.4218	-12.0939	0	-10.4317	-13.0088	0	-23.6382	22.9036	0
215	7.4642	-12.0893	0	-10.4627	-13.0130	0	-23.6171	22.8635	0
216	7.4562	-12.0569	0	-10.4407	-12.9978	0	-23.7432	22.8598	0
217	7.4929	-12.0343	0	-10.5349	-12.8803	0	-23.7435	22.9320	0
218	7.4215	-12.0232	0	-10.5981	-12.7424	0	-23.7674	22.8492	0
219	7.3960	-12.0398	0	-10.5857	-12.7406	0	-23.8049	22.8263	0
220	7.4220	-12.0270	0	-10.5091	-12.7382	0	-23.8233	22.7846	0
221	7.4184	-12.1316	0	-10.5282	-12.7415	0	-23.7507	22.7912	0
222	7.4081	-12.1056	0	-10.4170	-12.7813	0	-23.6821	22.6571	0
223	7.3087	-12.1712	0	-10.4034	-12.7327	0	-23.6277	22.5841	0
224	7.2581	-12.1770	0	-10.4707	-12.6688	0	-23.6433	22.6300	0
225	7.2764	-12.1596	0	-10.5562	-12.6492	0	-23.6515	22.5729	0
226	7.2185	-12.1559	0	-10.6909	-12.6526	0	-23.7490	22.6492	0
227	7.2489	-12.1412	0	-10.6549	-12.6620	0	-23.7041	22.5798	0
228	7.2431	-12.1624	0	-10.6926	-12.6519	0	-23.7466	22.5893	0
229	7.2683	-12.1433	0	-10.6792	-12.7384	0	-23.9041	22.5761	0
230	7.2948	-12.1785	0	-10.6977	-12.7922	0	-23.8865	22.5136	0
231	7.2957	-12.1978	0	-10.6307	-12.8490	0	-24.0008	22.4215	0
232	7.3326	-12.2182	0	-10.5718	-12.8532	0	-23.9647	22.3724	0
233	7.4675	-12.1426	0	-10.6969	-12.7216	0	-23.8534	22.3734	0
234	7.4390	-12.2356	0	-10.6327	-12.7206	0	-23.9783	22.4354	0
235	7.4036	-12.2710	0	-10.6772	-12.7361	0	-23.9825	22.3734	0
236	7.4512	-12.2286	0	-10.6063	-12.8021	0	-24.1194	22.3599	0
237	7.3986	-12.2671	0	-10.5586	-12.7858	0	-24.0777	22.3592	0
238	7.4411	-12.2977	0	-10.5615	-12.7934	0	-23.9737	22.3111	0
239	7.4807	-12.2268	0	-10.5297	-12.7415	0	-23.9366	22.6377	0
240	7.4555	-12.1890	0	-10.2737	-12.7304	0			
