Frame	X1	Y1	Flag1	X3	Y3	Flag3	X2	Y2	Flag2	X4	Y4	Flag4
1	12.2630	-10.7515	0	9.8372	26.2327	0	-6.6982	0.0343	0	-39.1129	-23.8900	0
2	12.3706	-10.7201	0	9.8169	26.1005	0	-6.6036	-0.0365	0	-39.2066	-23.9976	0
3	12.3965	-10.6581	0	9.8591	26.3192	0	-6.6002	0.0727	0	-39.1778	-23.8880	0
4	12.4087	-10.7441	0	9.8979	26.2771	0	-6.5470	-0.0656	0	-39.1586	-23.9306	0
5	12.5172	-10.8500	0	9.7129	26.3043	0	-6.5172	-0.1506	0	-39.1056	-23.8984	0
6	12.5952	-10.8581	0	9.6607	26.4981	0	-6.5577	-0.2104	0	-39.0568	-23.8231	0
7	12.6823	-10.6325	0	9.5853	26.5793	0	-6.4717	-0.2032	0	-39.1583	-23.7753	0
8	12.7796	-10.5912	0	9.5686	26.5140	0	-6.5138	-0.1856	0	-39.2097	-23.9067	0
9	12.7439	-10.4080	0	9.5559	26.4924	0	-6.3204	-0.1718	0	-38.9201	-23.9286	0
10	12.9016	-10.2394	0	9.5881	26.5098	0	-6.1920	-0.0932	0	-38.7224	-24.0255	0
11	12.8016	-10.1919	0	9.6288	26.4538	0	-6.0892	-0.0600	0	-38.9201	-24.0443	0
12	12.8034	-10.0137	0	9.6227	26.4344	0	-6.0693	0.0375	0	-38.8702	-24.0342	0
13	12.8491	-10.0086	0	9.6385	26.3380	0	-6.0350	0.0177	0	-38.7296	-23.9428	0
14	12.7605	-10.0815	0	9.7017	26.2401	0	-5.9744	-0.0080	0	-38.7788	-23.9482	0
15	12.8069	-9.9599	0	9.8690	26.3156	0	-5.9090	0.0149	0	-38.7406	-23.9567	0
16	12.7957	-9.9305	0	10.0696	26.3977	0	-5.8548	0.0985	0	-38.6488	-24.1150	0
17	12.7578	-9.9639	0	10.0970	26.5357	0	-5.8052	0.0687	0	-38.6887	-23.8129	0
18	12.7344	-9.8494	0	10.0942	26.5399	0	-5.9302	0.0259	0	-38.6581	-23.6743	0
19	12.6246	-9.6919	0	10.0650	26.4200	0	-5.9063	0.1350	0	-38.6992	-23.5212	0
20	12.5644	-9.7730	0	10.1241	26.4762	0	-5.9477	0.2021	0	-38.7435	-23.4651	0
21	12.5257	-9.9344	0	10.0839	26.4307	0	-5.9624	0.1855	0	-38.6412	-23.4591	0
22	12.4644	-9.9162	0	10.0455	26.4363	0	-6.0382	0.3592	0	-38.7075	-23.5293	0
23	12.5572	-10.0697	0	9.9999	26.4072	0	-6.1520	0.3225	0	-38.5535	-23.4881	0
24	12.7186	-10.2274	0	9.8805	26.3842	0	-6.3891	0.3779	0	-38.6309	-23.6779	0
25	12.7376	-10.2885	0	10.0183	26.5041	0	-6.3565	0.3149	0	-38.4311	-23.7221	0
26	12.5834	-10.5955	0	10.0038	26.3037	0	-6.3162	0.2828	0	-38.6241	-23.6897	0
27	12.6408	-9.9271	0	9.9888	26.3409	0	-6.2173	0.2061	0	-38.8430	-23.7936	0
28	12.5839	-9.9557	0	9.9888	26.4275	0	-6.2558	0.1554	0	-38.6695	-23.4658	0
29	12.7362	-9.9052	0	9.9149	26.4354	0	-6.2180	0.1737	0	-38.9401	-23.4912	0
30	12.6795	-9.8911	0	9.9176	26.2643	0	-6.2963	0.1394	0	-38.7769	-23.3322	0
31	12.5113	-10.0003	0	9.7444	26.2769	0	-6.3754	0.1966	0	-38.6733	-23.4867	0
32	12.3581	-10.1900	0	9.8060	26.2933	0	-6.2872	0.1905	0	-38.6752	-23.4745	0
33	12.3999	-10.0159	0	9.7449	26.3007	0	-6.3745	0.1696	0	-38.6675	-23.3552	0
34	12.4922	-10.0002	0	9.9640	26.3567	0	-6.4623	0.1725	0	-38.6695	-23.3694	0
35	12.5292	-10.0135	0	9.9838	26.4126	0	-6.3943	0.1780	0	-38.6899	-23.4269	0
36	12.4392	-10.0852	0	10.0210	26.5539	0	-6.3215	0.1238	0	-38.6592	-23.3214	0
37	12.3619	-9.9190	0	9.9099	26.3938	0	-6.3505	-0.0581	0	-38.5686	-23.4817	0
38	12.2410	-10.0661	0	10.0192	26.4790	0	-6.1874	0.0322	0	-38.6623	-23.6331	0
39	12.3157	-10.1219	0	10.0049	26.5319	0	-6.3551	-0.0438	0	-38.5956	-23.6035	0
40	12.2793	-10.0765	0	9.9270	26.6943	0	-6.5922	-0.0264	0	-38.4574	-23.7358	0
41	12.4563	-10.1599	0	9.9081	26.7297	0	-6.7303	-0.0288	0	-38.3385	-23.7120	0
42	12.6327	-10.2459	0	9.8711	26.7938	0	-6.6686	0.0303	0	-38.4466	-23.6051	0
43	12.7530	-10.3457	0	9.8997	26.7702	0	-6.6633	-0.0222	0	-38.7659	-23.4465	0
44	12.7931	-10.2827	0	9.8680	26.7190	0	-6.7339	0.0189	0	-38.7151	-23.4709	0
45	12.8233	-10.3586	0	9.8022	26.6503	0	-6.7640	-0.0057	0	-38.9414	-23.3726	0
46	12.8798	-10.3511	0	9.8777	26.6685	0	-6.8348	-0.0613	0	-38.8141	-23.4399	0
47	12.8008	-10.3231	0	9.9582	26.7360	0	-6.8094	-0.0151	0	-38.8962	-23.5793	0
48	12.8485	-10.2014	0	9.9797	26.6436	0	-6.7932	0.0658	0	-38.8558	-23.3251	0
49	12.8347	-10.2983	0	9.9438	26.5557	0	-6.8145	0.0451	0	-38.8347	-23.3224	0
50	12.9021	-10.2396	0	10.0998	26.6795	0	-6.8233	0.1361	0	-38.8177	-23.2749	0
51	12.8983	-10.1712	0	10.2604	26.6839	0	-6.7508	0.0084	0	-38.7366	-23.3757	0
52	12.8235	-10.0278	0	10.3568	26.5939	0	-6.7471	0.0061	0	-38.6442	-23.3807	0
53	12.8207	-9.9079	0	10.4103	26.6406	0	-6.7326	0.2404	0	-38.6138	-23.4793	0
54	12.8658	-9.9945	0	10.5732	26.5357	0	-6.8304	0.4302	0	-38.4959	-23.5044	0
55	12.7710	-10.0690	0	10.4737	26.4371	0	-6.8543	0.4692	0	-38.4483	-23.6691	0
56	12.9280	-9.9629	0	10.4681	26.6095	0	-6.8749	0.5317	0	-38.5073	-23.6711	0
57	12.9086	-10.1076	0	10.3946	26.6358	0	-6.9561	0.5505	0	-38.4897	-23.6185	0
58	12.9245	-10.1444	0	10.2775	26.6754	0	-7.0652	0.4285	0	-38.6333	-23.5182	0
59	12.9649	-10.1757	0	10.3866	26.8344	0	-7.0626	0.3973	0	-38.5938	-23.3832	0
60	12.9905	-10.1305	0	10.4205	26.7631	0	-7.0054	0.3077	0	-38.6534	-23.1693	0
61	13.0441	-10.1871	0	10.3640	26.5417	0	-6.9413	0.3721	0	-38.7191	-23.1607	0
62	13.0781	-10.1527	0	10.3502	26.4905	0	-6.9896	0.4201	0	-38.6933	-23.3437	0
63	13.1482	-10.0828	0	10.3509	26.4737	0	-6.8711	0.4929	0	-38.7441	-23.4912	0
64	13.1451	-10.1522	0	10.2701	26.3351	0	-6.9016	0.5225	0	-38.8763	-23.5145	0
65	13.2110	-10.2076	0	10.4933	26.3190	0	-6.8317	0.5147	0	-39.0128	-23.5164	0
66	13.3410	-10.3330	0	10.3341	26.3761	0	-6.8550	0.4331	0	-38.9003	-23.6079	0
67	13.3322	-10.4072	0	10.3247	26.2342	0	-6.7729	0.3848	0	-38.9117	-23.6451	0
68	13.3449	-10.3790	0	10.2395	26.2299	0	-6.7937	0.5333	0	-38.8811	-23.6044	0
69	13.2736	-10.3050	0	10.2677	26.2885	0	-6.8807	0.3850	0	-38.8354	-23.8313	0
70	13.0985	-10.3962	0	10.2120	26.2189	0	-6.9160	0.5306	0	-38.9361	-23.9117	0
71	13.0290	-10.2807	0	10.2634	26.1556	0	-7.1460	0.5410	0	-38.9169	-24.0008	0
72	13.0488	-10.0844	0	10.2571	26.3475	0	-7.1253	0.5432	0	-38.9728	-24.0950	0
73	12.9304	-10.1173	0	10.2107	26.3618	0	-7.0074	0.5152	0	-38.9973	-24.2564	0
74	12.9499	-10.0646	0	10.2918	26.2760	0	-7.0089	0.4650	0	-38.7466	-23.9672	0
75	12.7328	-10.0358	0	10.4294	26.1569	0	-7.1590	0.4327	0	-38.6761	-23.9942	0
76	12.6918	-9.9679	0	10.4677	26.2490	0	-7.2082	0.4655	0	-38.7049	-24.2930	0
77	12.6035	-10.0045	0	10.4317	26.2977	0	-7.0590	0.4959	0	-38.8969	-24.3641	0
78	12.6714	-9.9579	0	10.4113	26.2633	0	-7.0449	0.5944	0	-38.6575	-24.1789	0
79	12.5250	-10.0169	0	10.2645	26.2959	0	-7.1514	0.3849	0	-38.7134	-24.1794	0
80	12.5811	-10.1109	0	10.3343	26.1709	0	-7.0956	0.2238	0	-38.8581	-24.0363	0
81	12.6166	-10.0959	0	10.3014	26.1959	0	-6.9957	0.2734	0	-38.8438	-24.0450	0
82	12.5551	-10.0317	0	10.2645	26.2169	0	-6.9755	0.3373	0	-38.7824	-24.1910	0
83	12.3719	-10.0554	0	10.2740	26.2928	0	-6.9363	0.2403	0	-38.9496	-24.2800	0
84	12.3582	-10.2465	0	10.1973	26.1840	0	-6.7669	0.2748	0	-38.8953	-24.2480	0
85	12.2286	-10.3393	0	10.0320	26.3625	0	-6.7868	0.2929	0	-38.7080	-24.2371	0
86	12.4344	-10.5111	0	9.8352	26.2981	0	-6.6753	0.2741	0	-38.7281	-24.5117	0
87	12.4297	-10.5537	0	9.9201	26.2924	0	-6.7015	0.2144	0	-38.4574	-24.3528	0
88	12.4515	-10.3926	0	9.8974	26.3480	0	-6.7646	0.1629	0	-38.6695	-24.3914	0
89	12.3860	-10.4244	0	9.8566	26.3200	0	-6.6039	0.0612	0	-38.6592	-24.3848	0
90	12.3420	-10.4646	0	9.8733	26.2032	0	-6.4570	0.0276	0	-38.6201	-24.1894	0
91	12.4188	-10.4904	0	9.8522	26.1947	0	-6.4957	0.0743	0	-38.6754	-24.1913	0
92	12.2740	-10.4360	0	9.6780	26.1207	0	-6.5097	0.0494	0	-38.6785	-24.2237	0
93	12.4017	-10.6187	0	9.8199	26.1914	0	-6.5662	-0.0660	0	-38.4923	-24.0704	0
94	12.5001	-10.7522	0	9.7860	26.2327	0	-6.4014	-0.2134	0	-38.5085	-24.0947	0
95	12.5721	-10.7651	0	9.6015	26.3599	0	-6.4024	-0.1842	0	-38.6573	-24.0651	0
96	12.7921	-10.6587	0	9.6592	26.4394	0	-6.3912	-0.2632	0	-38.2453	-24.3528	0
97	12.6920	-10.5752	0	9.9079	26.3864	0	-6.4413	-0.3101	0	-38.2059	-24.2786	0
98	12.8035	-10.3566	0	9.8191	26.4349	0	-6.3914	-0.2535	0	-38.1404	-24.2284	0
99	12.8040	-10.3459	0	9.8682	26.4889	0	-6.3476	-0.3058	0	-38.2013	-24.1465	0
100	12.8171	-10.4856	0	9.6993	26.5785	0	-6.3986	-0.4288	0	-38.1382	-24.0786	0
101	12.7765	-10.4960	0	9.7792	26.7192	0	-6.4481	-0.4966	0	-38.1152	-24.1217	0
102	12.7139	-10.5933	0	9.7229	26.5827	0	-6.4254	-0.4647	0	-38.2204	-24.1326	0
103	12.7156	-10.7567	0	9.6677	26.4340	0	-6.3204	-0.3847	0	-38.2518	-24.0717	0
104	12.7697	-10.8705	0	9.7429	26.3988	0	-6.2346	-0.3908	0	-38.3659	-24.2381	0
105	12.6849	-10.8459	0	9.8682	26.3205	0	-6.3199	-0.2952	0	-38.4704	-24.1268	0
106	12.6623	-10.7538	0	9.8157	26.3086	0	-6.4681	-0.3581	0	-38.4897	-24.1160	0
107	12.8728	-10.7218	0	9.8076	26.2493	0	-6.3973	-0.3440	0	-38.6675	-24.0228	0
108	12.7668	-10.6404	0	9.7117	26.3561	0	-6.3299	-0.3277	0	-38.4139	-24.0620	0
109	12.8369	-10.6490	0	9.6912	26.2996	0	-6.4423	-0.4727	0	-38.4308	-24.1195	0
110	12.7000	-10.5354	0	9.6409	26.3047	0	-6.6111	-0.4516	0	-38.4610	-24.1473	0
111	12.5923	-10.5517	0	9.7051	26.2582	0	-6.8700	-0.3435	0	-38.5149	-24.0686	0
112	12.4690	-10.6485	0	9.7507	26.1894	0	-6.8430	-0.3304	0	-38.6116	-23.9864	0
113	12.7152	-10.6813	0	9.8918	26.1587	0	-6.9444	-0.2655	0	-38.4918	-23.9593	0
114	12.5899	-10.6884	0	9.7646	26.2699	0	-6.9962	-0.1606	0	-38.5404	-23.9578	0
115	12.6013	-10.6464	0	9.8729	26.3353	0	-7.0393	-0.1060	0	-38.5648	-23.8959	0
116	12.6990	-10.7325	0	9.9346	26.4167	0	-7.0921	-0.1257	0	-38.6095	-23.9327	0
117	12.5440	-10.8600	0	9.9193	26.5006	0	-7.0683	-0.1517	0	-38.5110	-24.0998	0
118	12.4977	-11.0226	0	10.0377	26.5487	0	-7.0721	-0.1383	0	-38.5448	-24.0006	0
119	12.5147	-11.0906	0	10.2004	26.6194	0	-7.0690	0.0139	0	-38.5227	-23.9804	0
120	12.5315	-11.0917	0	10.2346	26.5820	0	-6.9166	0.0329	0	-38.4581	-23.9120	0
121	12.5238	-10.9568	0	10.3682	26.5889	0	-6.8921	0.0141	0	-38.3353	-23.9291	0
122	12.5169	-11.0556	0	10.4227	26.5938	0	-6.9842	-0.0492	0	-38.4384	-24.0060	0
123	12.6514	-11.1089	0	10.4796	26.6454	0	-6.9030	-0.0801	0	-38.4381	-23.9479	0
124	12.7306	-11.2325	0	10.2269	26.4488	0	-6.9043	-0.1031	0	-38.3818	-23.9656	0
125	12.9156	-11.3011	0	10.1658	26.6021	0	-6.9815	-0.2323	0	-38.2067	-23.9672	0
126	13.0481	-11.2205	0	10.0326	26.5304	0	-6.8880	-0.3933	0	-38.2219	-23.8978	0
127	13.0092	-11.1966	0	9.9291	26.6506	0	-6.8951	-0.3361	0	-38.2435	-23.8900	0
128	13.0486	-11.2115	0	10.0047	26.4752	0	-6.9750	-0.2664	0	-38.3246	-23.9162	0
129	13.1215	-11.1440	0	10.0596	26.5658	0	-6.9504	-0.3436	0	-38.1254	-23.8119	0
130	13.1707	-11.2011	0	10.1666	26.6451	0	-7.0125	-0.4115	0	-38.0664	-23.6636	0
131	13.1178	-11.1477	0	10.2607	26.6646	0	-7.0148	-0.4916	0	-38.0213	-23.7809	0
132	13.0819	-11.0519	0	10.3129	26.8043	0	-6.9835	-0.5520	0	-38.0789	-23.8539	0
133	12.9264	-11.1650	0	10.1803	26.6574	0	-7.0749	-0.5927	0	-38.0735	-23.8709	0
134	12.8308	-11.0809	0	10.0546	26.6308	0	-7.0101	-0.5992	0	-38.1285	-24.0421	0
135	12.7051	-11.0972	0	9.8745	26.6037	0	-6.9914	-0.7153	0	-38.0977	-24.1019	0
136	12.7822	-11.2834	0	10.1951	26.7777	0	-6.9022	-0.7523	0	-38.0082	-24.2096	0
137	12.7470	-11.1574	0	10.2705	26.8597	0	-6.9313	-0.8419	0	-38.0030	-24.4107	0
138	12.7889	-11.1305	0	10.1433	26.9173	0	-6.9977	-0.8507	0	-37.9378	-24.3923	0
139	12.8085	-11.0647	0	10.1884	26.8824	0	-7.0357	-0.7546	0	-37.7456	-24.4786	0
140	12.7997	-11.0613	0	9.8997	26.8900	0	-6.9673	-0.7669	0	-37.7469	-24.6160	0
141	12.6402	-11.0761	0	9.9349	27.0206	0	-6.8369	-0.9229	0	-37.6266	-24.7241	0
142	12.5742	-11.1308	0	9.9608	27.1047	0	-6.6983	-0.8818	0	-37.7617	-24.5455	0
143	12.5664	-11.1294	0	10.0090	27.0997	0	-6.6433	-0.9757	0	-37.6844	-24.4070	0
144	12.5815	-11.0913	0	9.9353	27.0012	0	-6.8013	-1.0305	0	-37.6802	-24.2750	0
145	12.3660	-11.1638	0	9.9494	26.9484	0	-6.8978	-0.9741	0	-37.6475	-24.1793	0
146	12.4551	-11.2154	0	9.7884	26.9535	0	-6.6835	-1.0494	0	-37.6118	-24.2121	0
147	12.4350	-11.1266	0	9.8164	26.7564	0	-6.7713	-1.0124	0	-37.6363	-24.4971	0
148	12.4302	-11.1683	0	9.8637	26.8691	0	-6.8175	-0.9185	0	-37.4989	-24.5223	0
149	12.5054	-11.1198	0	10.0035	26.8294	0	-6.8060	-0.7668	0	-37.7054	-24.6999	0
150	12.3722	-11.1630	0	9.9412	26.9113	0	-6.8681	-0.7306	0	-37.8784	-24.6800	0
151	12.5328	-11.0208	0	9.8953	27.0891	0	-6.8148	-0.5387	0	-37.9946	-24.5263	0
152	12.4847	-11.0643	0	9.9092	27.1176	0	-6.9491	-0.4527	0	-37.9608	-24.3672	0
153	12.4936	-11.0288	0	9.9875	27.1224	0	-7.0418	-0.2061	0	-37.9046	-24.3072	0
154	12.5034	-11.0264	0	10.1009	27.0999	0	-7.0105	-0.3730	0	-37.9175	-24.2757	0
155	12.6247	-11.1315	0	10.2547	27.0068	0	-7.0523	-0.5026	0	-37.8357	-24.4650	0
156	12.6612	-11.0363	0	10.2797	26.8563	0	-7.1378	-0.5459	0	-37.7227	-24.4683	0
157	12.4785	-11.0089	0	10.3717	27.0015	0	-6.9694	-0.4828	0	-37.7015	-24.2016	0
158	12.4660	-11.0559	0	10.4294	27.1734	0	-6.9015	-0.4720	0	-37.7857	-24.3460	0
159	12.5590	-11.1881	0	10.5179	27.2126	0	-6.8027	-0.2204	0	-37.8788	-24.3927	0
160	12.4966	-11.3209	0	10.4777	27.2712	0	-6.8780	-0.3483	0	-38.0431	-24.2943	0
161	12.4402	-11.3344	0	10.3531	27.1984	0	-6.9222	-0.3401	0	-38.1018	-24.2600	0
162	12.4810	-11.2481	0	10.4160	27.1474	0	-6.8058	-0.2554	0	-38.1389	-24.1807	0
163	12.4161	-11.3343	0	10.4305	27.0520	0	-6.7749	-0.2911	0	-38.1634	-24.1579	0
164	12.3941	-11.3657	0	10.3489	27.0034	0	-6.7959	-0.3072	0	-38.2355	-24.2652	0
165	12.4921	-11.1336	0	10.3508	27.1866	0	-6.8651	-0.3527	0	-38.2484	-24.4289	0
166	12.6380	-11.0524	0	10.4886	27.1831	0	-6.9012	-0.3709	0	-38.0140	-24.5820	0
167	12.6174	-11.0894	0	10.3741	27.3113	0	-6.9152	-0.4000	0	-37.8940	-24.5345	0
168	12.5186	-11.0151	0	10.2424	27.2087	0	-6.8423	-0.3208	0	-37.8244	-24.6102	0
169	12.3892	-10.7568	0	10.1664	27.2095	0	-6.7894	-0.2352	0	-37.8130	-24.7193	0
170	12.3606	-10.7401	0	10.3096	27.1495	0	-6.6980	-0.2622	0	-37.9074	-24.9628	0
171	12.2763	-10.7186	0	10.3430	27.1755	0	-6.4492	-0.2843	0	-37.8659	-24.8958	0
172	12.3108	-10.6798	0	10.3913	27.0831	0	-6.4860	-0.1546	0	-37.7604	-24.8107	0
173	12.2218	-10.7095	0	10.2529	27.1587	0	-6.5605	0.1345	0	-37.6464	-24.8419	0
174	12.0886	-10.7312	0	10.2270	27.0728	0	-6.6302	-0.0006	0	-37.7856	-24.8207	0
175	12.0029	-10.7350	0	10.2926	27.0699	0	-6.6173	0.0215	0	-37.5511	-24.8541	0
176	11.9720	-10.7536	0	10.1326	27.0371	0	-6.6482	-0.0656	0	-37.4919	-24.9031	0
177	12.0210	-10.7459	0	10.0766	26.9945	0	-6.6341	-0.0402	0	-37.4155	-24.9374	0
178	12.0742	-10.6089	0	10.2377	26.9497	0	-6.5438	0.0741	0	-37.3001	-24.8643	0
179	12.1046	-10.4717	0	10.1236	26.9455	0	-6.5903	0.0410	0	-37.2171	-24.7899	0
180	12.0408	-10.5504	0	10.1796	26.9303	0	-6.5781	0.0403	0	-37.2191	-24.7804	0
181	12.0364	-10.5569	0	10.2799	26.7673	0	-6.6653	-0.0818	0	-37.2637	-24.7241	0
182	11.9238	-10.5700	0	10.3737	26.6674	0	-6.6493	-0.1873	0	-37.1707	-24.8115	0
183	11.9014	-10.6384	0	10.3225	26.5228	0	-6.7106	-0.0936	0	-37.2064	-24.5292	0
184	11.8521	-10.6603	0	10.3470	26.3191	0	-6.7176	-0.1565	0	-36.9993	-24.5137	0
185	11.8968	-10.6404	0	10.3895	26.3453	0	-6.6170	-0.1876	0	-37.0092	-24.5810	0
186	11.8549	-10.7724	0	10.4256	26.2597	0	-6.6449	-0.0586	0	-37.0199	-24.4941	0
187	11.9539	-10.8833	0	10.4911	26.1708	0	-6.5127	-0.1643	0	-37.0693	-24.3864	0
188	12.0079	-10.9931	0	10.3935	26.2538	0	-6.2861	-0.2404	0	-37.1620	-24.3384	0
189	12.1599	-11.0264	0	10.5121	26.2559	0	-6.3535	-0.3132	0	-37.1462	-24.1407	0
190	12.1110	-11.1577	0	10.6358	26.2032	0	-6.2218	-0.5559	0	-37.2105	-24.0422	0
191	12.0835	-11.2784	0	10.6067	26.2073	0	-6.3115	-0.5667	0	-37.1359	-24.0163	0
192	12.0690	-11.3006	0	10.6566	26.1598	0	-6.1447	-0.4934	0	-37.0393	-23.9687	0
193	11.9714	-11.4034	0	10.6699	26.2248	0	-6.1563	-0.4729	0	-37.1511	-23.8743	0
194	12.0763	-11.3282	0	10.5165	26.1998	0	-5.9894	-0.4701	0	-37.2026	-23.8395	0
195	12.1363	-11.3071	0	10.6021	26.1578	0	-5.9453	-0.5299	0	-37.1160	-24.0276	0
196	12.2804	-11.1792	0	10.6309	26.1045	0	-5.7866	-0.5922	0	-36.9245	-24.0352	0
197	12.1913	-11.2204	0	10.6407	26.0783	0	-5.7301	-0.5659	0	-36.9202	-23.9752	0
198	12.0251	-11.3729	0	10.5631	26.1560	0	-5.7487	-0.5775	0	-36.9100	-23.7781	0
199	12.0340	-11.2961	0	10.4692	26.2154	0	-5.8675	-0.6346	0	-36.9517	-23.7078	0
200	12.0577	-11.3545	0	10.5325	26.2097	0	-5.9533	-0.5292	0	-37.1102	-23.7546	0
201	12.0182	-11.3018	0	10.4883	26.2508	0	-6.0371	-0.4660	0	-37.1602	-23.7370	0
202	12.0326	-11.3763	0	10.5513	26.4760	0	-5.9482	-0.4670	0	-37.0665	-23.5705	0
203	12.1217	-11.3831	0	10.5374	26.5751	0	-5.9004	-0.4994	0	-37.0549	-23.4994	0
204	11.9809	-11.4179	0	10.5487	26.7205	0	-5.9734	-0.4893	0	-36.7413	-23.3309	0
205	12.0014	-11.4784	0	10.6451	26.5101	0	-6.0316	-0.3955	0	-36.7318	-23.2987	0
206	12.0159	-11.5239	0	10.4849	26.4139	0	-6.1257	-0.3355	0	-36.7737	-23.3664	0
207	12.0846	-11.6471	0	10.4653	26.4512	0	-6.1320	-0.3408	0	-36.8878	-23.3364	0
208	12.0226	-11.6827	0	10.4500	26.3741	0	-5.9535	-0.2393	0	-36.9051	-23.3090	0
209	12.0325	-11.6275	0	10.3776	26.5161	0	-5.8811	-0.1935	0	-36.8736	-23.1967	0
210	12.0889	-11.8519	0	10.4567	26.5024	0	-5.8524	-0.1805	0	-36.9722	-23.1781	0
211	12.0110	-11.8619	0	10.3326	26.3628	0	-5.9425	-0.2061	0	-37.0306	-23.1076	0
212	12.0912	-11.8507	0	10.4147	26.3966	0	-5.8848	-0.2400	0	-37.1269	-23.0995	0
213	12.1084	-11.8602	0	10.3144	26.2409	0	-5.9562	-0.2737	0	-37.1283	-23.0328	0
214	12.1539	-11.8814	0	10.3807	26.2254	0	-6.0680	-0.3529	0	-37.2531	-22.9895	0
215	12.3117	-11.9769	0	10.2361	26.3699	0	-6.1073	-0.4092	0	-37.1203	-22.8047	0
216	12.3337	-11.9366	0	10.1768	26.3788	0	-6.1874	-0.4113	0	-37.1519	-22.8092	0
217	12.4328	-11.9337	0	10.3018	26.3991	0	-6.1858	-0.3278	0	-37.1400	-22.7691	0
218	12.5489	-11.9661	0	10.4118	26.5717	0	-6.3403	-0.2395	0	-37.1881	-22.5732	0
219	12.6265	-11.9496	0	10.4228	26.3689	0	-6.5340	-0.2099	0	-37.1985	-22.6110	0
220	12.7280	-12.0989	0	10.4889	26.3457	0	-6.4495	-0.3695	0	-37.1680	-22.7476	0
221	12.7088	-11.9849	0	10.4926	26.3758	0	-6.3824	-0.4312	0	-37.2621	-22.7940	0
222	12.6550	-11.9298	0	10.5378	26.3788	0	-6.2919	-0.4933	0	-37.3278	-22.6746	0
223	12.7244	-12.0686	0	10.5061	26.2581	0	-6.3098	-0.5621	0	-37.2848	-22.6736	0
224	12.6727	-11.9733	0	10.5561	26.2195	0	-6.4197	-0.5311	0	-37.2011	-22.7359	0
225	12.7163	-11.8789	0	10.6076	26.1841	0	-6.4828	-0.4549	0	-37.3188	-22.6604	0
226	12.6316	-11.9761	0	10.4307	26.2589	0	-6.4002	-0.3396	0	-37.2437	-22.6236	0
227	12.4687	-11.9861	0	10.4347	26.2389	0	-6.4413	-0.4258	0	-37.0894	-22.5295	0
228	12.3868	-12.0946	0	10.6036	26.3880	0	-6.5291	-0.2638	0	-37.0523	-22.4650	0
229	12.4054	-11.9604	0	10.6120	26.2491	0	-6.5364	-0.3349	0	-36.9525	-22.4034	0
230	12.4035	-12.0376	0	10.6993	26.2531	0	-6.5629	-0.3921	0	-36.9524	-22.5338	0
231	12.4962	-11.9809	0	10.7277	26.3573	0	-6.6783	-0.4879	0	-36.8576	-22.5607	0
232	12.4614	-11.9181	0	10.4522	26.3187	0	-6.5265	-0.5152	0	-36.6449	-22.8295	0
233	12.5721	-11.8164	0	10.4580	26.4939	0	-6.4775	-0.5232	0	-36.7720	-22.8209	0
234	12.5590	-11.7447	0	10.3823	26.4074	0	-6.3475	-0.5341	0	-36.6820	-22.8681	0
235	12.5594	-11.8366	0	10.2881	26.4524	0	-6.4697	-0.5308	0	-36.8926	-22.9774	0
236	12.5475	-11.6302	0	10.3039	26.4114	0	-6.4645	-0.4460	0	-37.0302	-22.8471	0
237	12.5001	-11.5519	0	10.3500	26.3462	0	-6.2123	-0.3867	0	-37.0015	-22.9526	0
238	12.2584	-11.4837	0	10.1968	26.4365	0	-6.1225	-0.3261	0			
239	12.2480	-11.3613	0	10.1958	26.5182	0						
240	12.3862	-11.5361	0	10.0936	26.5103	0						
