Frame	X2	Y2	Flag2	X3	Y3	Flag3	X4	Y4	Flag4	X1	Y1	Flag1
1	832.5000	706.5000	0	366.0000	217.5000	0	563.8957	724.0355	0	559.5000	730.5000	0
2	834.0000	705.0000	0	364.5000	217.5000	0	563.7446	724.2837	0	559.5000	727.5000	0
3	832.5000	705.0000	0	364.5000	214.5000	0	563.6523	724.3029	0	556.5000	732.0000	0
4	832.5000	706.5000	0	367.5000	216.0000	0	564.2879	724.2011	0	556.5000	733.5000	0
5	832.5000	705.0000	0	366.0000	214.5000	0	563.8255	724.5214	0	556.5000	733.5000	0
6	831.0000	705.0000	0	367.5000	214.5000	0	564.1152	724.4023	0	556.5000	733.5000	0
7	831.0000	705.0000	0	367.5000	214.5000	0	564.1988	724.8282	0	556.5000	733.5000	0
8	832.5000	706.5000	0	367.5000	214.5000	0	564.0406	724.7568	0	558.0000	735.0000	0
9	831.0000	706.5000	0	372.0000	213.0000	0	563.9603	725.1975	0	558.0000	736.5000	0
10	821.3711	710.2030	0	375.0000	217.5000	0	563.8414	725.4178	0	559.5000	736.5000	0
11	832.5000	708.0000	0	375.0000	217.5000	0	563.3481	725.7208	0	558.0000	736.5000	0
12	821.1404	709.9632	0	375.0000	217.5000	0	563.7227	724.9988	0	558.0000	735.0000	0
13	831.0000	708.0000	0	375.0000	217.5000	0	563.9530	725.4511	0	556.5000	736.5000	0
14	831.0000	708.0000	0	376.5000	217.5000	0	563.9884	726.0473	0	556.5000	736.5000	0
15	821.3310	709.6966	0	373.5000	216.0000	0	564.0675	725.6295	0	558.0000	736.5000	0
16	832.5000	708.0000	0	375.0000	217.5000	0	564.4825	725.4675	0	558.0000	735.0000	0
17	820.8190	709.3260	0	375.3782	207.9082	0	564.7663	725.3169	0	556.5000	738.0000	0
18	820.6651	709.4409	0	376.9615	207.6154	0	564.6534	725.5333	0	555.0000	738.0000	0
19	832.5000	709.5000	0	375.2977	208.1725	0	565.2335	724.9030	0	556.5000	736.5000	0
20	829.5000	709.5000	0	375.8851	207.7190	0	555.0000	727.5000	0	556.5000	738.0000	0
21	820.8491	707.5579	0	374.9639	208.5129	0	555.0000	729.0000	0	556.5000	736.5000	0
22	821.0753	706.1686	0	375.5170	207.9439	0	555.0000	729.0000	0	555.0000	736.5000	0
23	820.8677	707.7708	0	376.0286	208.0502	0	553.5000	727.5000	0	556.5000	736.5000	0
24	820.8086	708.1479	0	376.4053	208.1591	0	555.0000	727.5000	0	556.5000	735.0000	0
25	829.5000	708.0000	0	376.9936	208.1511	0	565.3465	725.6190	0	555.0000	735.0000	0
26	829.5000	708.0000	0	376.6005	208.2572	0	553.5000	729.0000	0	553.5000	736.5000	0
27	821.2616	707.8389	0	376.9309	208.4084	0	565.1488	723.9561	0	552.0000	736.5000	0
28	831.0000	711.0000	0	377.6583	209.1503	0	565.1353	723.7699	0	553.5000	735.0000	0
29	821.5602	711.9933	0	377.8085	209.2388	0	565.0881	724.1567	0	553.5000	735.0000	0
30	829.5000	708.0000	0	377.7767	208.8397	0	564.9720	723.9906	0	553.5000	732.0000	0
31	821.6569	712.2173	0	372.0000	213.0000	0	553.5000	729.0000	0	553.5000	735.0000	0
32	821.2094	711.5385	0	376.1082	207.0560	0	555.0000	727.5000	0	552.0000	733.5000	0
33	829.5000	709.5000	0	373.5000	217.5000	0	565.2181	723.4963	0	552.0000	733.5000	0
34	820.3771	708.8273	0	376.9627	206.5265	0	565.2620	723.6874	0			
35	821.2184	705.4150	0	376.2465	206.3021	0	565.4097	723.4957	0			
36	820.6642	707.0119	0	373.5000	216.0000	0	559.5000	727.5000	0			
37	821.3442	705.2730	0	375.7048	207.0126	0	558.0000	727.5000	0			
38	820.7305	707.2366	0	373.5000	216.0000	0	559.5000	727.5000	0			
39	824.6578	705.3073	0	375.0000	217.5000	0	556.5000	730.5000	0			
40	825.0000	711.0000	0	375.0000	216.0000	0	555.0000	730.5000	0			
41	825.0000	709.5000	0	375.0000	216.0000	0	558.0000	729.0000	0			
42	825.0000	712.5000	0	375.0000	217.5000	0	561.0000	727.5000	0			
43	823.5000	712.5000	0	376.3701	206.5496	0	558.0000	727.5000	0			
44	825.0000	712.5000	0	377.2166	206.1822	0	559.5000	726.0000	0			
45	823.5000	712.5000	0	377.9425	206.5836	0	556.5000	727.5000	0			
46	822.0000	714.0000	0	377.6712	208.4605	0	559.5000	726.0000	0			
47	822.0000	712.5000	0	373.5000	214.5000	0	559.5000	726.0000	0			
48	822.0000	711.0000	0	377.3705	206.6730	0	558.0000	726.0000	0			
49	820.5000	711.0000	0	376.7340	206.7261	0	558.0000	726.0000	0			
50	820.5000	711.0000	0	376.6551	207.1234	0	556.5000	727.5000	0			
51	830.1063	706.1257	0	377.1302	207.7190	0	559.5000	726.0000	0			
52	823.5000	711.0000	0	377.5482	207.6053	0	556.5000	726.0000	0			
53	825.0000	711.0000	0	377.2218	207.6290	0	558.0000	726.0000	0			
54	823.5000	711.0000	0	377.3892	207.4420	0	558.0000	727.5000	0			
55	823.5000	711.0000	0	378.3762	208.6446	0	556.5000	727.5000	0			
56	825.0000	709.5000	0	369.0000	216.0000	0	558.0000	726.0000	0			
57	826.6320	709.5806	0	378.2066	209.1268	0	559.5000	726.0000	0			
58	828.6969	709.1052	0	370.5000	214.5000	0	558.0000	724.5000	0			
59	825.0000	709.5000	0	378.2455	208.5500	0	558.0000	724.5000	0			
60	825.0000	708.0000	0	370.5000	214.5000	0	559.5000	723.0000	0			
61	825.0000	709.5000	0	370.5000	213.0000	0	559.5000	723.0000	0			
62	823.5000	709.5000	0	369.0000	213.0000	0	559.5000	723.0000	0			
63	825.0000	711.0000	0	369.0000	213.0000	0	559.5000	723.0000	0			
64	827.3752	704.8698	0	369.0000	213.0000	0	559.5000	723.0000	0			
65	825.0000	711.0000	0	370.5000	214.5000	0	559.5000	724.5000	0			
66	825.0000	711.0000	0	372.0000	213.0000	0	559.5000	724.5000	0			
67	825.0000	709.5000	0	369.0000	214.5000	0	559.5000	724.5000	0			
68	825.0000	709.5000	0	369.0000	213.0000	0	561.0000	724.5000	0			
69	828.5212	709.5241	0	377.5855	209.6734	0	559.5000	726.0000	0			
70	829.1154	709.9672	0	372.0000	214.5000	0	559.5000	726.0000	0			
71	826.6483	705.9205	0	373.5000	211.5000	0	559.5000	726.0000	0			
72	825.0000	709.5000	0	373.5000	213.0000	0	559.5000	727.5000	0			
73	825.0000	709.5000	0	373.5000	213.0000	0	559.5000	726.0000	0			
74	830.1354	707.5818	0	373.5000	214.5000	0	559.5000	726.0000	0			
75	823.5000	708.0000	0	373.5000	214.5000	0	559.5000	726.0000	0			
76	822.0000	709.5000	0	375.0000	214.5000	0	559.5000	726.0000	0			
77	827.7641	712.4793	0	375.0000	213.0000	0	561.0000	726.0000	0			
78	824.8858	712.3022	0	375.0000	213.0000	0	559.5000	726.0000	0			
79	824.4228	713.2972	0	373.5000	214.5000	0	559.5000	726.0000	0			
80	825.0428	714.9341	0	375.0000	214.5000	0	558.0000	726.0000	0			
81	824.4841	714.6111	0	376.5000	216.0000	0	559.5000	726.0000	0			
82	828.7702	709.3620	0	375.0000	216.0000	0	559.5000	726.0000	0			
83	828.6091	710.5912	0	375.0000	216.0000	0	561.0000	726.0000	0			
84	829.4242	708.7347	0	373.5000	213.0000	0	559.5000	726.0000	0			
85	826.0045	705.2882	0	373.5000	214.5000	0	559.5000	727.5000	0			
86	824.0117	703.5140	0	372.0000	213.0000	0	559.5000	727.5000	0			
87	822.1194	704.7187	0	373.5000	213.0000	0	558.0000	726.0000	0			
88	822.9884	703.7487	0	373.5000	214.5000	0	558.0000	727.5000	0			
89	826.5000	709.5000	0	373.5000	213.0000	0	558.0000	727.5000	0			
90	830.6262	708.0391	0	373.5000	211.5000	0	558.0000	727.5000	0			
91	830.5255	708.8696	0	373.5000	213.0000	0	558.0000	727.5000	0			
92	820.5000	706.5000	0	373.5000	213.0000	0	558.0000	727.5000	0			
93	820.5000	706.5000	0	373.5000	213.0000	0	559.5000	727.5000	0			
94	819.0000	708.0000	0	373.5000	213.0000	0	559.5000	727.5000	0			
95	819.0000	708.0000	0	375.0000	213.0000	0	558.0000	729.0000	0			
96	830.0978	710.0046	0	373.5000	213.0000	0	558.0000	727.5000	0			
97	820.5000	706.5000	0	375.0000	213.0000	0	558.0000	727.5000	0			
98	829.7211	710.6636	0	375.0000	213.0000	0	558.0000	727.5000	0			
99	819.0000	705.0000	0	375.0000	213.0000	0	559.5000	726.0000	0			
100	819.0000	705.0000	0	375.0000	214.5000	0	558.0000	727.5000	0			
101	820.5000	706.5000	0	375.9240	207.1051	0	559.5000	726.0000	0			
102	820.5000	705.0000	0	373.5000	216.0000	0	559.5000	729.0000	0			
103	820.5000	705.0000	0	375.0000	216.0000	0	561.0000	727.5000	0			
104	828.9232	712.4814	0	375.0000	214.5000	0	559.5000	729.0000	0			
105	820.5000	705.0000	0	375.0000	214.5000	0	559.5000	729.0000	0			
106	828.9509	712.4756	0	375.0000	213.0000	0	559.5000	729.0000	0			
107	820.5000	703.5000	0	375.0000	211.5000	0	559.5000	727.5000	0			
108	820.5000	702.0000	0	373.5000	211.5000	0	559.5000	727.5000	0			
109	827.0362	712.5553	0	373.5000	210.0000	0	561.0000	727.5000	0			
110	826.8963	712.7528	0	373.5000	210.0000	0	561.0000	729.0000	0			
111	827.8440	712.8278	0	375.0000	211.5000	0	562.5000	729.0000	0			
112	827.8812	712.6214	0	373.5000	210.0000	0	561.0000	729.0000	0			
113	827.4028	712.9332	0	372.0000	210.0000	0	562.5000	729.0000	0			
114	827.7033	712.9506	0	372.0000	210.0000	0	561.0000	730.5000	0			
115	822.0000	705.0000	0	372.0000	210.0000	0	562.5000	729.0000	0			
116	828.8354	711.9569	0	373.5000	211.5000	0	562.5000	729.0000	0			
117	822.0000	703.5000	0	373.5000	213.0000	0	561.0000	727.5000	0			
118	822.0000	705.0000	0	375.0000	211.5000	0	562.5000	726.0000	0			
119	820.5000	708.0000	0	370.4753	218.3315	0	562.5000	727.5000	0			
120	822.0000	708.0000	0	370.6200	218.4025	0	564.0000	729.0000	0			
121	822.0000	708.0000	0	371.0253	217.9750	0	564.0000	727.5000	0			
122	830.5573	706.2830	0	375.0000	213.0000	0	564.0000	727.5000	0			
123	820.5000	708.0000	0	375.0000	213.0000	0	564.0000	727.5000	0			
124	830.7005	707.5200	0	376.5000	213.0000	0	564.0000	726.0000	0			
125	820.5000	711.0000	0	376.5000	213.0000	0	564.0000	726.0000	0			
126	820.5000	711.0000	0	375.0000	211.5000	0	565.5000	726.0000	0			
127	830.5338	706.3496	0	373.5000	213.0000	0	555.2392	728.7946	0			
128	820.5000	711.0000	0	373.5000	213.0000	0	565.5000	726.0000	0			
129	820.5000	711.0000	0	373.5000	213.0000	0	565.5000	726.0000	0			
130	820.5000	711.0000	0	375.0000	213.0000	0	555.6309	728.5558	0			
131	823.5000	712.5000	0	375.0000	213.0000	0	564.0000	724.5000	0			
132	823.5000	712.5000	0	376.5000	211.5000	0	555.3878	728.7590	0			
133	825.0599	702.6887	0	375.0000	211.5000	0	562.5000	724.5000	0			
134	825.0000	714.0000	0	373.5000	211.5000	0	564.0000	723.0000	0			
135	823.5000	714.0000	0	375.0000	210.0000	0	564.0000	723.0000	0			
136	825.0000	714.0000	0	375.0000	211.5000	0	564.0000	723.0000	0			
137	823.5000	714.0000	0	376.5000	211.5000	0	555.5842	728.4279	0			
138	825.0000	712.5000	0	376.5000	211.5000	0	556.0177	728.3576	0			
139	825.0000	711.0000	0	376.5000	211.5000	0	565.5000	726.0000	0			
140	825.0000	712.5000	0	376.5000	211.5000	0	565.5000	726.0000	0			
141	825.0000	709.5000	0	376.5000	211.5000	0	567.0000	724.5000	0			
142	826.5000	708.0000	0	376.5000	211.5000	0	568.5000	724.5000	0			
143	825.0000	709.5000	0	376.5000	210.0000	0	556.6061	727.9765	0			
144	829.0886	706.2832	0	371.6524	216.3679	0	557.1360	727.8132	0			
145	830.0426	706.5932	0	378.0000	210.0000	0	568.5000	724.5000	0			
146	823.5000	708.0000	0	376.5000	211.5000	0	568.5000	724.5000	0			
147	822.0000	708.0000	0	378.0000	210.0000	0	567.0000	724.5000	0			
148	830.6145	706.2674	0	371.3406	216.4147	0	556.9938	728.0677	0			
149	830.2068	706.4014	0	371.5753	216.4925	0	556.2280	728.1925	0			
150	830.7319	706.9601	0	371.6916	216.1979	0	556.6630	728.0940	0			
151	823.5000	708.0000	0	376.5000	210.0000	0	556.9350	728.0193	0			
152	823.5000	706.5000	0	378.0000	210.0000	0	556.4851	728.2198	0			
153	826.5494	712.5267	0	372.1364	215.3853	0	556.8921	727.8381	0			
154	823.5000	705.0000	0	379.5000	208.5000	0	565.5000	721.5000	0			
155	825.0000	708.0000	0	371.7170	215.8218	0	556.9167	728.1625	0			
156	825.0000	705.0000	0	378.0000	210.0000	0	556.5941	727.9010	0			
157	826.5000	706.5000	0	371.5579	216.3215	0	557.5545	727.8058	0			
158	825.0000	706.5000	0	371.8823	215.9458	0	557.0790	728.0154	0			
159	823.5000	705.0000	0	371.7232	215.7511	0	557.0273	727.7035	0			
160	823.5000	705.0000	0	378.0000	210.0000	0	556.8457	727.8404	0			
161	828.9591	712.1801	0	376.5000	210.0000	0	556.5233	727.7978	0			
162	828.1147	712.1875	0	378.0000	210.0000	0	556.2079	727.7366	0			
163	825.0000	703.5000	0	371.4776	216.1255	0	555.9153	727.9245	0			
164	825.0000	703.5000	0	371.6352	216.2724	0	556.3022	727.8079	0			
165	825.0000	703.5000	0	378.0000	210.0000	0	567.0000	727.5000	0			
166	826.5000	702.0000	0	371.2640	216.5794	0	567.0000	727.5000	0			
167	826.5000	703.5000	0	376.5000	211.5000	0	565.5000	727.5000	0			
168	826.5000	703.5000	0	376.5000	211.5000	0	567.0000	727.5000	0			
169	828.0000	703.5000	0	376.5000	210.0000	0	567.0000	727.5000	0			
170	828.0000	703.5000	0	378.0000	210.0000	0	565.5000	727.5000	0			
171	826.5000	703.5000	0	371.7634	215.6918	0	565.5000	727.5000	0			
172	826.5000	702.0000	0	379.5000	208.5000	0	565.5000	727.5000	0			
173	828.0000	702.0000	0	379.5000	208.5000	0	555.7156	727.6178	0			
174	828.0000	702.0000	0	379.5000	208.5000	0	555.7000	728.0098	0			
175	828.0000	702.0000	0	372.3746	214.9162	0	556.0920	727.8039	0			
176	828.0000	702.0000	0	372.4370	214.9478	0	556.2752	727.7259	0			
177	828.0000	702.0000	0	378.0000	208.5000	0	555.9536	727.7423	0			
178	826.5000	703.5000	0	378.0000	208.5000	0	555.8908	727.6854	0			
179	826.5000	703.5000	0	372.4772	214.8459	0	567.0000	724.5000	0			
180	826.5000	706.5000	0	372.5966	214.7289	0	556.1618	727.8130	0			
181	826.5000	705.0000	0	372.7863	214.5409	0	556.5534	728.0015	0			
182	825.0000	706.5000	0	372.8150	214.5023	0	556.6359	727.8758	0			
183	826.5000	708.0000	0	376.5000	207.0000	0	556.8849	727.5641	0			
184	823.2567	703.2626	0	372.5381	214.9614	0	556.7663	727.6796	0			
185	822.7876	703.7088	0	372.5176	215.1128	0	556.8030	727.5883	0			
186	828.0000	712.5000	0	375.0000	208.5000	0	557.0871	727.6798	0			
187	822.8308	703.0634	0	372.6199	215.0583	0	557.2337	727.7682	0			
188	822.5714	703.7583	0	372.2070	215.5965	0	557.0706	727.9602	0			
189	828.0000	709.5000	0	372.0585	215.8199	0	556.8775	728.1313	0			
190	826.5000	709.5000	0	375.0000	210.0000	0	557.0538	728.0282	0			
191	826.5000	709.5000	0	372.1528	215.9157	0	556.8749	728.0960	0			
192	826.5000	709.5000	0	371.6870	216.1743	0	556.6836	728.1585	0			
193	826.5000	712.5000	0	371.5778	216.2579	0	556.2587	727.9824	0			
194	828.0000	714.0000	0	371.6755	215.9639	0	556.1953	728.0601	0			
195	828.0000	714.0000	0	371.7017	216.3313	0	556.3101	727.9847	0			
196	824.3259	702.3024	0	371.9023	216.4101	0	556.5993	728.1666	0			
197	823.8049	702.6449	0	371.7297	216.5277	0	556.6749	728.0110	0			
198	828.0000	714.0000	0	375.0000	208.5000	0	556.5458	728.1234	0			
199	828.0000	712.5000	0	373.5000	208.5000	0	556.3674	727.9753	0			
200	828.0000	712.5000	0	373.5000	208.5000	0	556.5255	727.8875	0			
201	829.5000	714.0000	0	373.5000	208.5000	0	556.5507	727.6354	0			
202	828.0000	712.5000	0	373.5000	210.0000	0	556.9421	727.6010	0			
203	828.0000	714.0000	0	373.5000	210.0000	0	556.7367	727.4297	0			
204	828.0000	712.5000	0	372.0000	210.0000	0						
205	828.0000	714.0000	0	372.0000	210.0000	0						
206	826.5000	714.0000	0	370.5000	210.0000	0						
207	825.0000	714.0000	0	372.0000	210.0000	0						
208	825.0000	714.0000	0	372.0000	210.0000	0						
209	825.9836	701.7258	0	372.0000	208.5000	0						
210	825.0000	714.0000	0									
211	825.0000	714.0000	0									
212	825.0000	714.0000	0									
213	826.0392	701.7774	0									
214	825.9096	701.9341	0									
215	825.0000	715.5000	0									
216	826.5000	715.5000	0									
217	828.0000	715.5000	0									
218	826.5000	715.5000	0									
219	824.9924	702.6391	0									
220	826.5000	715.5000	0									
221	826.5000	717.0000	0									
222	828.0000	717.0000	0									
223	828.0000	715.5000	0									
224	828.0000	715.5000	0									
