Frame	X1	Y1	Flag1	X2	Y2	Flag2	X3	Y3	Flag3	X4	Y4	Flag4	X5	Y5	Flag5	X6	Y6	Flag6	X7	Y7	Flag7
Tracks 1 to 7
1	622.50000	540.00000	 	86.00335	233.79017	 	897.00000	694.50000	 	862.50000	157.50000	 	 	 	 	 	 	 	 	 	 
2	624.00000	540.00000	 	83.31120	230.08418	 	898.50000	694.50000	 	862.50000	159.00000	 	 	 	 	 	 	 	 	 	 
3	624.00000	538.50000	 	81.87883	230.10428	 	900.00000	693.00000	 	862.50000	156.00000	 	 	 	 	 	 	 	 	 	 
4	625.50000	540.00000	 	83.36946	232.22256	 	900.00000	693.00000	 	864.00000	156.00000	 	 	 	 	 	 	 	 	 	 
5	625.50000	541.50000	 	84.36973	233.87997	 	901.50000	694.50000	 	861.00000	156.00000	 	 	 	 	 	 	 	 	 	 
6	625.50000	543.00000	 	84.78591	234.43200	 	903.00000	696.00000	 	861.00000	153.00000	 	 	 	 	 	 	 	 	 	 
7	625.50000	541.50000	 	84.05314	234.14017	 	904.50000	693.00000	 	859.50000	153.00000	 	 	 	 	 	 	 	 	 	 
8	625.50000	541.50000	 	82.62131	234.13481	 	906.00000	691.50000	 	859.50000	153.00000	 	 	 	 	 	 	 	 	 	 
9	627.00000	541.50000	 	83.99258	235.09205	 	906.00000	690.00000	 	859.50000	153.00000	 	 	 	 	 	 	 	 	 	 
10	627.00000	540.00000	 	84.65535	237.63485	 	907.50000	688.50000	 	859.50000	153.00000	 	 	 	 	 	 	 	 	 	 
11	628.50000	540.00000	 	83.41030	235.98078	 	906.00000	687.00000	 	859.50000	154.50000	 	 	 	 	 	 	 	 	 	 
12	630.00000	538.50000	 	84.13250	235.25306	 	906.00000	685.50000	 	861.00000	154.50000	 	 	 	 	 	 	 	 	 	 
13	630.00000	538.50000	 	83.37706	234.74162	 	907.50000	685.50000	 	861.00000	154.50000	 	 	 	 	 	 	 	 	 	 
14	631.50000	538.50000	 	83.60270	235.44256	 	906.00000	685.50000	 	861.00000	156.00000	 	 	 	 	 	 	 	 	 	 
15	631.50000	538.50000	 	83.28155	235.41444	 	907.50000	684.00000	 	864.00000	156.00000	 	 	 	 	 	 	 	 	 	 
16	633.00000	538.50000	 	83.35358	235.35788	 	906.00000	684.00000	 	865.50000	154.50000	 	 	 	 	 	 	 	 	 	 
17	633.00000	538.50000	 	83.11809	235.87581	 	906.00000	682.50000	 	865.50000	153.00000	 	 	 	 	 	 	 	 	 	 
18	631.50000	538.50000	 	84.48804	235.12144	 	906.00000	682.50000	 	865.50000	153.00000	 	 	 	 	 	 	 	 	 	 
19	631.50000	537.00000	 	84.44203	234.02461	 	904.50000	678.00000	 	865.50000	154.50000	 	 	 	 	 	 	 	 	 	 
20	631.50000	537.00000	 	85.97650	235.96615	 	903.00000	679.50000	 	867.00000	153.00000	 	 	 	 	 	 	 	 	 	 
21	631.50000	537.00000	 	85.88931	236.82375	 	903.00000	682.50000	 	867.00000	154.50000	 	 	 	 	 	 	 	 	 	 
22	630.00000	535.50000	 	86.05151	236.85841	 	901.50000	681.00000	 	865.50000	154.50000	 	 	 	 	 	 	 	 	 	 
23	628.50000	534.00000	 	87.34796	236.54020	 	901.50000	679.50000	 	865.50000	154.50000	 	 	 	 	 	 	 	 	 	 
24	627.00000	532.50000	 	85.70866	234.25530	 	903.00000	681.00000	 	864.00000	154.50000	 	 	 	 	 	 	 	 	 	 
25	628.50000	532.50000	 	87.61476	235.68021	 	903.00000	682.50000	 	865.50000	153.00000	 	 	 	 	 	 	 	 	 	 
26	628.50000	534.00000	 	87.40853	234.48099	 	903.00000	684.00000	 	865.50000	154.50000	 	 	 	 	 	 	 	 	 	 
27	628.50000	535.50000	 	88.38177	235.81747	 	903.00000	681.00000	 	864.00000	154.50000	 	 	 	 	 	 	 	 	 	 
28	630.00000	534.00000	 	87.69180	236.84288	 	901.50000	682.50000	 	865.50000	154.50000	 	 	 	 	 	 	 	 	 	 
29	630.00000	535.50000	 	88.47497	238.05472	 	904.50000	681.00000	 	864.00000	154.50000	 	 	 	 	 	 	 	 	 	 
30	631.50000	534.00000	 	88.22987	238.02944	 	904.50000	681.00000	 	865.50000	156.00000	 	 	 	 	 	 	 	 	 	 
31	 	 	 	88.39109	239.03132	 	901.50000	682.50000	 	862.50000	156.00000	 	 	 	 	 	 	 	 	 	 
32	 	 	 	87.60481	239.56325	 	900.00000	685.50000	 	862.50000	156.00000	 	 	 	 	 	 	 	 	 	 
33	630.00000	534.00000	*	86.45216	240.21750	 	900.00000	682.50000	 	862.50000	156.00000	 	 	 	 	 	 	 	 	 	 
34	628.50000	534.00000	 	86.48910	241.27289	 	901.50000	682.50000	 	865.50000	156.00000	 	 	 	 	 	 	 	 	 	 
35	627.00000	534.00000	 	87.93012	241.39196	 	901.50000	682.50000	 	865.50000	154.50000	 	 	 	 	 	 	 	 	 	 
36	 	 	 	86.60524	242.26091	 	900.00000	684.00000	 	865.50000	153.00000	 	 	 	 	 	 	 	 	 	 
37	628.50000	535.50000	*	86.57179	240.39034	 	900.00000	681.00000	 	864.00000	154.50000	 	 	 	 	 	 	 	 	 	 
38	 	 	 	87.45656	240.30893	 	898.50000	684.00000	 	865.50000	153.00000	 	 	 	 	 	 	 	 	 	 
39	 	 	 	86.97721	242.45474	 	898.50000	684.00000	 	865.50000	153.00000	 	 	 	 	 	 	 	 	 	 
40	627.00000	538.50000	*	86.93257	243.29339	 	898.50000	684.00000	 	864.00000	151.50000	 	 	 	 	 	 	 	 	 	 
41	624.00000	538.50000	 	85.01339	244.28535	 	900.00000	685.50000	 	864.00000	151.50000	 	 	 	 	 	 	 	 	 	 
42	622.50000	538.50000	 	86.26842	245.41966	 	903.00000	685.50000	 	864.00000	150.00000	 	 	 	 	 	 	 	 	 	 
43	622.50000	537.00000	 	87.52121	244.85881	 	904.50000	688.50000	 	864.00000	150.00000	 	 	 	 	 	 	 	 	 	 
44	622.32521	547.26155	 	88.34748	244.52584	 	906.00000	687.00000	 	862.50000	151.50000	 	 	 	 	 	 	 	 	 	 
45	621.00000	537.00000	 	87.74391	244.55384	 	906.00000	688.50000	 	862.50000	151.50000	 	 	 	 	 	 	 	 	 	 
46	621.00000	537.00000	 	88.06237	243.66550	 	906.00000	688.50000	 	862.50000	151.50000	 	 	 	 	 	 	 	 	 	 
47	619.50000	538.50000	 	86.44460	245.05722	 	906.00000	687.00000	 	864.00000	150.00000	 	 	 	 	 	 	 	 	 	 
48	621.00000	538.50000	 	86.67475	244.55119	 	906.00000	687.00000	 	864.00000	151.50000	 	 	 	 	 	 	 	 	 	 
49	621.00000	537.00000	 	86.80752	244.79507	 	906.00000	687.00000	 	864.00000	153.00000	 	 	 	 	 	 	 	 	 	 
50	621.00000	537.00000	 	86.97577	243.47129	 	907.50000	685.50000	 	865.50000	151.50000	 	 	 	 	 	 	 	 	 	 
51	619.50000	534.00000	 	87.21351	244.64108	 	907.50000	685.50000	 	868.50000	150.00000	 	 	 	 	 	 	 	 	 	 
52	621.00000	535.50000	 	86.33696	244.16250	 	906.00000	682.50000	 	873.26055	150.79087	 	 	 	 	 	 	 	 	 	 
53	623.15982	547.63399	 	85.96321	244.66109	 	906.00000	681.00000	 	874.18129	149.80518	 	 	 	 	 	 	 	 	 	 
54	622.50000	534.00000	 	85.11279	244.43536	 	906.00000	682.50000	 	876.27613	151.57741	 	 	 	 	 	 	 	 	 	 
55	621.00000	534.00000	 	84.54059	245.09650	 	904.50000	684.00000	 	871.50000	154.50000	 	 	 	 	 	 	 	 	 	 
56	619.50000	532.50000	 	84.50681	244.39836	 	907.50000	682.50000	 	871.50000	151.50000	 	 	 	 	 	 	 	 	 	 
57	619.50000	531.00000	 	83.52492	245.15343	 	907.50000	684.00000	 	870.00000	151.50000	 	 	 	 	 	 	 	 	 	 
58	619.50000	532.50000	 	83.66531	243.86165	 	907.50000	685.50000	 	868.50000	150.00000	 	 	 	 	 	 	 	 	 	 
59	616.50000	531.00000	 	83.75820	242.84044	 	907.50000	685.50000	 	870.00000	148.50000	 	 	 	 	 	 	 	 	 	 
60	616.50000	534.00000	 	82.98845	243.55205	 	909.00000	685.50000	 	871.50000	150.00000	 	 	 	 	 	 	 	 	 	 
61	616.50000	534.00000	 	83.43654	243.74216	 	909.00000	685.50000	 	870.00000	153.00000	 	 	 	 	 	 	 	 	 	 
62	618.00000	532.50000	 	83.96146	243.19543	 	910.50000	684.00000	 	870.00000	153.00000	 	 	 	 	 	 	 	 	 	 
63	618.00000	532.50000	 	84.02754	243.15333	 	910.50000	684.00000	 	870.00000	153.00000	 	 	 	 	 	 	 	 	 	 
64	619.50000	532.50000	 	83.84711	242.76098	 	909.00000	685.50000	 	868.50000	156.00000	 	 	 	 	 	 	 	 	 	 
65	619.50000	532.50000	 	83.56988	243.59651	 	910.50000	685.50000	 	871.50000	156.00000	 	 	 	 	 	 	 	 	 	 
66	621.00000	532.50000	 	83.49098	243.06107	 	913.50000	687.00000	 	868.50000	156.00000	 	 	 	 	 	 	 	 	 	 
67	621.00000	534.00000	 	85.18496	243.13286	 	912.00000	688.50000	 	868.50000	157.50000	 	 	 	 	 	 	 	 	 	 
68	621.00000	534.00000	 	84.85261	242.33161	 	913.50000	688.50000	 	868.50000	157.50000	 	 	 	 	 	 	 	 	 	 
69	621.00000	531.00000	 	85.37521	242.63611	 	912.00000	687.00000	 	868.50000	156.00000	 	 	 	 	 	 	 	 	 	 
70	619.50000	534.00000	 	85.21479	243.41023	 	909.00000	688.50000	 	867.00000	157.50000	 	 	 	 	 	 	 	 	 	 
71	619.50000	532.50000	 	84.52171	242.53253	 	909.00000	687.00000	 	868.50000	157.50000	 	 	 	 	 	 	 	 	 	 
72	616.50000	532.50000	 	84.62756	243.53897	 	909.00000	684.00000	 	868.50000	156.00000	 	 	 	 	 	 	 	 	 	 
73	618.00000	532.50000	 	83.69992	243.96513	 	907.50000	684.00000	 	867.00000	154.50000	 	156.53522	873.30394	 	 	 	 	 	 	 
74	621.63225	542.24363	 	83.36383	243.54934	 	906.00000	687.00000	 	868.50000	157.50000	 	157.33794	872.18810	 	 	 	 	 	 	 
75	621.70361	542.75386	 	83.31607	243.31989	 	903.00000	687.00000	 	870.00000	159.00000	 	158.01886	871.85445	 	 	 	 	 	 	 
76	621.33057	542.36722	 	83.45492	242.42799	 	903.00000	685.50000	 	870.00000	157.50000	 	156.51976	875.39250	 	 	 	 	 	 	 
77	621.15147	542.19666	 	85.76297	242.13627	 	901.50000	685.50000	 	870.00000	156.00000	 	155.65474	875.29920	 	 	 	 	 	 	 
78	621.47674	542.27450	 	86.15930	242.00672	 	903.00000	685.50000	 	870.00000	157.50000	 	157.64778	873.02066	 	 	 	 	 	 	 
79	621.35627	541.56208	 	85.80116	242.55214	 	900.00000	687.00000	 	867.00000	156.00000	 	158.10562	872.84781	 	 	 	 	 	 	 
80	621.54501	542.93315	 	86.09514	241.64399	 	901.50000	685.50000	 	868.50000	159.00000	 	 	 	 	 	 	 	 	 	 
81	622.24763	544.62936	 	85.92094	240.92859	 	901.50000	688.50000	 	868.50000	157.50000	 	157.73762	872.66804	*	 	 	 	 	 	 
82	622.29842	544.38960	 	86.34757	241.16756	 	901.50000	684.00000	 	867.00000	157.50000	 	157.56247	873.39571	 	 	 	 	 	 	 
83	622.27778	544.18625	 	86.30812	240.43576	 	898.50000	685.50000	 	867.00000	156.00000	 	155.01126	874.92365	 	 	 	 	 	 	 
84	619.50000	535.50000	 	86.21214	240.95835	 	900.00000	687.00000	 	867.00000	157.50000	 	155.27068	875.22949	 	 	 	 	 	 	 
85	621.00000	534.00000	 	85.97460	241.06308	 	898.50000	688.50000	 	865.50000	154.50000	 	157.43500	876.88810	 	 	 	 	 	 	 
86	621.00000	534.00000	 	86.21833	241.59693	 	900.00000	690.00000	 	864.00000	156.00000	 	156.97429	881.45243	 	 	 	 	 	 	 
87	622.50000	534.00000	 	86.17582	240.37488	 	900.00000	691.50000	 	864.00000	156.00000	 	158.10004	881.73759	 	 	 	 	 	 	 
88	622.85154	546.80360	 	86.32129	239.88997	 	900.00000	688.50000	 	864.00000	156.00000	 	155.35758	887.47280	 	 	 	 	 	 	 
89	626.12337	552.64405	 	86.07083	240.31301	 	900.00000	688.50000	 	864.00000	156.00000	 	155.65981	887.72959	 	 	 	 	 	 	 
90	623.10010	549.62094	 	84.06929	240.66818	 	898.50000	690.00000	 	864.00000	157.50000	 	157.86126	881.05540	 	 	 	 	 	 	 
91	623.21074	550.14615	 	83.09028	240.05717	 	900.00000	690.00000	 	864.00000	157.50000	 	155.95177	885.25561	 	 	 	 	 	 	 
92	623.21305	548.96149	 	83.68197	241.03030	 	898.50000	690.00000	 	858.13420	160.60576	 	155.83704	886.22195	 	 	 	 	 	 	 
93	623.47730	549.61316	 	82.53645	239.81696	 	900.00000	691.50000	 	864.00000	157.50000	 	157.89452	882.00976	 	 	 	 	 	 	 
94	624.00000	540.00000	 	83.57048	239.55094	 	900.00000	694.50000	 	865.50000	154.50000	 	157.96411	884.61632	 	 	 	 	 	 	 
95	625.50000	540.00000	 	83.22959	240.61019	 	903.00000	693.00000	 	859.50000	154.50000	 	157.10837	885.22078	 	 	 	 	 	 	 
96	624.00000	540.00000	 	83.77216	239.69904	 	906.00000	691.50000	 	861.00000	154.50000	 	159.11190	888.59101	 	 	 	 	 	 	 
97	625.50000	541.50000	 	83.85529	239.07827	 	904.50000	691.50000	 	864.00000	154.50000	 	159.60714	887.85047	 	 	 	 	 	 	 
98	621.53628	546.53249	 	84.01664	239.26449	 	904.50000	688.50000	 	862.50000	154.50000	 	160.40704	887.02414	 	 	 	 	 	 	 
99	625.50000	540.00000	 	84.27666	239.01919	 	904.50000	688.50000	 	864.00000	153.00000	 	159.85845	886.17424	 	 	 	 	 	 	 
100	627.00000	541.50000	 	83.98783	239.38351	 	906.00000	690.00000	 	861.00000	153.00000	 	160.38526	885.21785	 	 	 	 	 	 	 
101	 	 	 	83.45883	241.12706	 	906.00000	690.00000	 	862.50000	151.50000	 	160.99905	885.65342	 	 	 	 	 	 	 
102	 	 	 	83.29373	243.61238	 	904.50000	691.50000	 	861.00000	153.00000	 	159.62807	885.94838	 	 	 	 	 	 	 
103	 	 	 	82.95120	245.06591	 	904.50000	694.50000	 	861.00000	154.50000	 	159.32435	885.16796	 	 	 	 	 	 	 
104	 	 	 	 	 	 	906.00000	696.00000	 	862.50000	154.50000	 	157.52986	886.96100	 	47.66029	223.27329	 	 	 	 
105	 	 	 	 	 	 	904.50000	696.00000	 	864.00000	156.00000	 	156.32070	885.81811	 	48.49611	223.72095	 	 	 	 
106	 	 	 	 	 	 	904.50000	693.00000	 	862.50000	156.00000	 	155.81014	885.24520	 	48.48757	224.67274	 	 	 	 
107	 	 	 	 	 	 	906.00000	693.00000	 	862.50000	157.50000	 	154.01723	884.31382	 	49.50828	224.21788	 	 	 	 
108	 	 	 	 	 	 	906.00000	691.50000	 	861.00000	156.00000	 	156.86971	884.41433	 	48.99911	224.13899	 	 	 	 
109	 	 	 	 	 	 	906.00000	691.50000	 	861.00000	156.00000	 	157.11197	885.71134	 	49.52150	223.03429	 	 	 	 
110	 	 	 	 	 	 	904.50000	690.00000	 	861.00000	156.00000	 	156.53863	886.36925	 	48.72144	222.55062	 	 	 	 
111	 	 	 	 	 	 	903.00000	691.50000	 	861.00000	157.50000	 	156.02206	885.37386	 	49.59824	224.33847	 	 	 	 
112	 	 	 	 	 	 	903.00000	693.00000	 	862.50000	157.50000	 	157.04745	883.74423	 	50.05652	225.10465	 	 	 	 
113	 	 	 	 	 	 	906.00000	693.00000	 	864.00000	159.00000	 	158.81000	883.45602	 	50.53200	225.69812	 	 	 	 
114	 	 	 	 	 	 	904.50000	693.00000	 	861.00000	157.50000	 	159.45290	882.98323	 	50.25357	225.90873	 	 	 	 
115	 	 	 	 	 	 	904.50000	693.00000	 	862.50000	156.00000	 	158.62127	882.50693	 	49.20031	225.23224	 	 	 	 
116	 	 	 	 	 	 	906.00000	693.00000	 	864.00000	154.50000	 	158.14976	882.87373	 	49.80185	226.99215	 	 	 	 
117	 	 	 	 	 	 	904.50000	696.00000	 	864.00000	154.50000	 	159.75354	884.71057	 	48.90467	226.11747	 	 	 	 
118	 	 	 	 	 	 	903.00000	699.00000	 	865.50000	153.00000	 	159.58066	883.43286	 	49.26768	225.51980	 	 	 	 
119	 	 	 	 	 	 	903.00000	699.00000	 	868.50000	151.50000	 	158.74829	883.64748	 	49.46836	225.61140	 	 	 	 
120	 	 	 	 	 	 	903.00000	699.00000	 	868.50000	151.50000	 	159.53122	882.68437	 	50.54138	227.26574	 	 	 	 
121	 	 	 	 	 	 	903.00000	696.00000	 	870.00000	153.00000	 	161.00743	882.57077	 	49.19111	226.18382	 	 	 	 
122	 	 	 	 	 	 	903.00000	699.00000	 	870.00000	153.00000	 	160.95512	883.42620	 	48.69058	225.91901	 	 	 	 
123	 	 	 	 	 	 	904.50000	699.00000	 	873.00000	151.50000	 	159.65470	884.72099	 	49.22401	226.04405	 	 	 	 
124	 	 	 	 	 	 	906.00000	700.50000	 	870.00000	153.00000	 	160.16617	884.81636	 	50.05196	227.07794	 	 	 	 
125	 	 	 	 	 	 	906.00000	702.00000	 	867.00000	151.50000	 	161.12391	885.27448	 	 	 	 	 	 	 
126	 	 	 	 	 	 	909.00000	702.00000	 	867.00000	151.50000	 	160.60242	883.77481	 	50.44458	226.86418	*	 	 	 
127	 	 	 	 	 	 	907.50000	702.00000	 	865.50000	151.50000	 	160.39265	883.98744	 	 	 	 	 	 	 
128	 	 	 	 	 	 	909.00000	700.50000	 	865.50000	151.50000	 	159.87373	884.69813	 	 	 	 	 	 	 
129	 	 	 	 	 	 	909.00000	700.50000	 	867.00000	151.50000	 	162.34202	883.28212	 	48.78730	226.28861	*	 	 	 
130	 	 	 	 	 	 	910.50000	702.00000	 	867.00000	151.50000	 	162.87603	881.27980	 	49.54247	225.77300	 	 	 	 
131	 	 	 	 	 	 	909.00000	700.50000	 	868.50000	150.00000	 	163.38258	882.62435	 	50.02391	225.75373	 	 	 	 
132	 	 	 	 	 	 	909.00000	699.00000	 	870.00000	150.00000	 	162.93759	883.69350	 	50.07718	224.58480	 	 	 	 
133	 	 	 	 	 	 	907.50000	700.50000	 	868.50000	151.50000	 	162.92053	883.62936	 	49.99246	223.51076	 	 	 	 
134	 	 	 	 	 	 	904.50000	700.50000	 	865.50000	151.50000	 	162.42671	886.28834	 	50.45637	224.48299	 	 	 	 
135	 	 	 	 	 	 	903.00000	700.50000	 	864.00000	151.50000	 	161.91586	886.14738	 	50.40079	224.71584	 	 	 	 
136	 	 	 	 	 	 	904.50000	702.00000	 	868.50000	150.00000	 	163.12591	887.75149	 	50.90509	223.67965	 	 	 	 
137	 	 	 	 	 	 	904.50000	700.50000	 	868.50000	148.50000	 	164.34234	891.21326	 	51.19666	224.07292	 	 	 	 
138	 	 	 	 	 	 	904.50000	700.50000	 	867.00000	148.50000	 	165.60512	890.91395	 	51.45115	223.80973	 	 	 	 
139	 	 	 	 	 	 	904.50000	699.00000	 	867.00000	148.50000	 	168.55519	892.36060	 	50.97568	223.06511	 	 	 	 
140	 	 	 	 	 	 	904.50000	700.50000	 	864.00000	148.50000	 	168.37884	894.75224	 	51.09314	222.78750	 	 	 	 
141	 	 	 	 	 	 	903.00000	699.00000	 	864.00000	147.00000	 	170.23606	896.38399	 	50.88480	223.49004	 	 	 	 
142	 	 	 	 	 	 	901.50000	700.50000	 	864.00000	147.00000	 	168.01772	893.79670	 	51.43298	223.25627	 	 	 	 
143	 	 	 	 	 	 	901.50000	700.50000	 	865.50000	147.00000	 	169.06801	891.36056	 	52.71396	222.54855	 	 	 	 
144	 	 	 	 	 	 	901.50000	699.00000	 	864.00000	148.50000	 	169.42270	889.56014	 	52.68350	223.41486	 	 	 	 
145	 	 	 	 	 	 	900.00000	700.50000	 	864.00000	148.50000	 	168.98249	888.49835	 	52.37296	224.06243	 	 	 	 
146	 	 	 	 	 	 	901.50000	700.50000	 	862.50000	148.50000	 	169.64028	888.99059	 	52.76545	223.97083	 	 	 	 
147	 	 	 	 	 	 	901.50000	699.00000	 	864.00000	148.50000	 	169.14075	893.11782	 	52.49541	223.19317	 	 	 	 
148	 	 	 	 	 	 	901.50000	700.50000	 	865.50000	147.00000	 	171.59585	893.87515	 	52.26546	223.36375	 	 	 	 
149	 	 	 	 	 	 	903.00000	699.00000	 	865.50000	150.00000	 	170.40409	896.75822	 	53.11359	223.16404	 	 	 	 
150	 	 	 	 	 	 	900.00000	700.50000	 	864.00000	145.50000	 	167.31469	896.25004	 	53.11900	222.26001	 	 	 	 
151	 	 	 	 	 	 	903.00000	697.50000	 	864.00000	145.50000	 	166.83152	893.69199	 	53.35331	222.25901	 	 	 	 
152	 	 	 	 	 	 	901.50000	699.00000	 	864.00000	145.50000	 	167.57671	891.16250	 	52.74404	222.70485	 	 	 	 
153	 	 	 	 	 	 	903.00000	697.50000	 	865.50000	145.50000	 	168.40571	890.39118	 	52.32097	222.48761	 	 	 	 
154	 	 	 	 	 	 	901.50000	699.00000	 	865.50000	145.50000	 	166.88393	890.73050	 	52.97468	222.54581	 	 	 	 
155	 	 	 	 	 	 	903.00000	700.50000	 	868.50000	147.00000	 	167.99691	893.68483	 	53.33674	222.43919	 	 	 	 
156	 	 	 	 	 	 	903.00000	699.00000	 	868.50000	148.50000	 	169.59671	893.65786	 	53.17991	222.65269	 	 	 	 
157	 	 	 	 	 	 	900.00000	699.00000	 	870.00000	147.00000	 	169.73082	889.45030	 	54.47699	221.95496	 	 	 	 
158	 	 	 	 	 	 	900.00000	699.00000	 	870.00000	144.00000	 	168.32775	891.57803	 	53.45437	222.21484	 	 	 	 
159	 	 	 	 	 	 	901.50000	702.00000	 	871.50000	144.00000	 	166.99556	892.31827	 	53.26492	222.56033	 	 	 	 
160	 	 	 	 	 	 	900.00000	703.50000	 	870.00000	144.00000	 	164.79856	890.93204	 	52.22685	222.83635	 	 	 	 
161	 	 	 	 	 	 	900.00000	703.50000	 	868.50000	144.00000	 	163.59865	890.46203	 	52.14245	222.74013	 	 	 	 
162	 	 	 	 	 	 	901.50000	702.00000	 	870.00000	145.50000	 	163.55708	889.30203	 	52.63099	221.91507	 	 	 	 
163	 	 	 	 	 	 	900.00000	703.50000	 	870.00000	147.00000	 	163.68405	888.72512	 	52.56229	221.93547	 	 	 	 
164	 	 	 	 	 	 	898.50000	703.50000	 	868.50000	147.00000	 	163.50000	889.50000	 	52.51277	222.23559	 	 	 	 
165	 	 	 	 	 	 	900.00000	700.50000	 	868.50000	144.00000	 	163.50000	891.00000	 	52.24528	222.39333	 	 	 	 
166	 	 	 	 	 	 	903.00000	699.00000	 	871.50000	144.00000	 	168.00000	894.00000	 	52.27086	223.02712	 	 	 	 
167	 	 	 	 	 	 	903.00000	699.00000	 	870.00000	142.50000	 	167.84347	894.12690	 	51.99085	223.12779	 	 	 	 
168	 	 	 	 	 	 	901.50000	699.00000	 	867.00000	144.00000	 	169.23902	894.96887	 	52.26470	222.63157	 	 	 	 
169	 	 	 	 	 	 	898.50000	696.00000	 	867.00000	145.50000	 	170.28042	895.78871	 	52.78105	223.15491	 	 	 	 
170	 	 	 	 	 	 	897.00000	694.50000	 	868.50000	145.50000	 	169.50000	898.50000	 	53.80876	223.52196	 	 	 	 
171	 	 	 	 	 	 	897.00000	694.50000	 	868.50000	144.00000	 	168.00000	898.50000	 	54.39499	223.53822	 	 	 	 
172	 	 	 	 	 	 	897.00000	694.50000	 	870.00000	145.50000	 	171.00000	897.00000	 	54.48398	223.51381	 	 	 	 
173	 	 	 	 	 	 	897.00000	694.50000	 	868.50000	145.50000	 	174.00000	897.00000	 	54.11275	223.60763	 	 	 	 
174	 	 	 	 	 	 	895.50000	694.50000	 	867.00000	145.50000	 	171.00962	897.03337	 	54.25739	223.67694	 	 	 	 
175	 	 	 	 	 	 	894.00000	694.50000	 	868.50000	145.50000	 	172.50000	898.50000	 	54.36750	223.74729	 	 	 	 
176	 	 	 	 	 	 	894.00000	694.50000	 	865.50000	147.00000	 	174.00000	898.50000	 	54.62026	224.20685	 	 	 	 
177	 	 	 	 	 	 	894.00000	694.50000	 	864.00000	147.00000	 	174.00000	900.00000	 	54.48136	225.34154	 	 	 	 
178	 	 	 	 	 	 	894.00000	693.00000	 	867.00000	147.00000	 	176.47538	899.24040	 	54.76786	225.58192	 	 	 	 
179	 	 	 	 	 	 	895.50000	691.50000	 	865.50000	147.00000	 	177.84936	897.94439	 	54.10268	225.57806	 	 	 	 
180	 	 	 	 	 	 	894.00000	691.50000	 	867.00000	148.50000	 	178.50000	897.00000	 	54.53567	225.80701	 	 	 	 
181	 	 	 	 	 	 	894.00000	691.50000	 	867.00000	150.00000	 	177.26010	896.93197	 	54.28220	225.28013	 	 	 	 
182	 	 	 	 	 	 	892.50000	691.50000	 	870.00000	151.50000	 	178.67124	897.85891	 	53.98011	225.55331	 	 	 	 
183	 	 	 	 	 	 	892.50000	693.00000	 	868.50000	153.00000	 	178.12170	894.12410	 	54.46167	225.69788	 	 	 	 
184	 	 	 	 	 	 	892.50000	694.50000	 	868.50000	156.00000	 	181.06220	893.86631	 	53.97188	224.71625	 	 	 	 
185	 	 	 	 	 	 	892.50000	693.00000	 	868.50000	156.00000	 	181.05280	894.72867	 	53.13313	225.03349	 	 	 	 
186	 	 	 	 	 	 	892.50000	696.00000	 	870.00000	157.50000	 	180.87107	893.52720	 	53.57120	224.86564	 	 	 	 
187	 	 	 	 	 	 	892.50000	697.50000	 	870.00000	159.00000	 	180.13364	891.95549	 	53.57532	224.40313	 	 	 	 
188	 	 	 	 	 	 	894.00000	697.50000	 	868.50000	157.50000	 	178.75681	891.25986	 	54.65812	223.81148	 	 	 	 
189	 	 	 	 	 	 	897.00000	699.00000	 	871.50000	157.50000	 	179.66061	889.49578	 	54.20610	223.32294	 	 	 	 
190	 	 	 	 	 	 	895.50000	700.50000	 	876.65489	158.92513	 	178.43931	887.97147	 	54.11355	223.65305	 	 	 	 
191	 	 	 	 	 	 	895.50000	702.00000	 	873.00000	157.50000	 	179.42194	887.83345	 	55.08557	224.03450	 	 	 	 
192	 	 	 	 	 	 	895.50000	703.50000	 	874.50000	159.00000	 	180.74989	887.30807	 	54.59148	223.90109	 	 	 	 
193	 	 	 	 	 	 	894.00000	703.50000	 	874.50000	157.50000	 	179.45074	885.85608	 	55.22374	224.59514	 	 	 	 
194	 	 	 	 	 	 	895.50000	700.50000	 	871.50000	157.50000	 	179.41899	884.98929	 	55.24640	224.09353	 	622.80701	544.95850	 
195	 	 	 	 	 	 	895.50000	702.00000	 	873.00000	159.00000	 	181.50000	886.50000	 	55.18070	223.35283	 	623.56438	544.99411	 
196	 	 	 	 	 	 	897.00000	700.50000	 	873.00000	159.00000	 	184.53834	887.17769	 	55.80927	223.77465	 	623.84332	544.94073	 
197	 	 	 	 	 	 	897.00000	702.00000	 	874.50000	159.00000	 	184.50000	885.00000	 	55.25428	224.12983	 	625.03807	544.88963	 
198	 	 	 	 	 	 	895.50000	703.50000	 	873.00000	159.00000	 	184.63938	883.45237	 	55.76666	223.68749	 	625.32824	544.95889	 
199	 	 	 	 	 	 	895.50000	702.00000	 	871.50000	157.50000	 	183.00000	882.00000	 	55.50887	223.29692	 	625.27726	544.93061	 
200	 	 	 	 	 	 	895.50000	700.50000	 	873.00000	157.50000	 	181.50000	882.00000	 	55.88910	223.21118	 	624.54115	545.03904	 
201	 	 	 	 	 	 	895.50000	700.50000	 	871.50000	157.50000	 	180.00000	882.00000	 	55.77436	223.26429	 	624.20199	544.84202	 
202	 	 	 	 	 	 	897.00000	700.50000	 	871.50000	153.00000	 	181.50000	879.00000	 	55.61041	223.33964	 	623.17157	545.01546	 
203	 	 	 	 	 	 	897.00000	700.50000	 	871.50000	151.50000	 	181.50000	879.00000	 	55.99435	223.19922	 	623.71665	544.83753	 
204	 	 	 	 	 	 	892.50000	705.00000	 	873.00000	150.00000	 	183.00000	877.50000	 	55.86413	223.61439	 	624.14015	544.71406	 
205	 	 	 	 	 	 	894.00000	705.00000	 	873.00000	153.00000	 	183.00000	877.50000	 	55.35936	223.96021	 	623.67205	544.87617	 
206	 	 	 	 	 	 	894.00000	706.50000	 	871.50000	154.50000	 	183.00000	879.00000	 	55.13745	224.34477	 	623.30823	545.07139	 
207	 	 	 	 	 	 	895.50000	708.00000	 	871.50000	154.50000	 	181.50000	877.50000	 	54.56430	225.01841	 	622.85863	545.33132	 
208	 	 	 	 	 	 	894.00000	708.00000	 	871.50000	156.00000	 	181.50000	877.50000	 	54.61665	224.61839	 	622.64828	545.21861	 
209	 	 	 	 	 	 	894.00000	708.00000	 	870.00000	153.00000	 	181.50000	876.00000	 	53.69473	224.27990	 	624.28116	545.20733	 
210	 	 	 	 	 	 	895.50000	711.00000	 	871.50000	153.00000	 	180.00000	876.00000	 	53.27766	224.51917	 	625.50000	540.00000	 
211	 	 	 	 	 	 	894.00000	711.00000	 	868.50000	156.00000	 	178.50000	874.50000	 	52.60757	223.91108	 	627.00000	541.50000	 
212	 	 	 	 	 	 	894.00000	711.00000	 	870.00000	156.00000	 	180.00000	874.50000	 	53.13709	223.86094	 	624.00000	541.50000	 
213	 	 	 	 	 	 	894.00000	711.00000	 	868.50000	157.50000	 	178.50000	876.00000	 	53.17019	223.71602	 	624.88912	544.96677	 
214	 	 	 	 	 	 	894.00000	711.00000	 	870.00000	157.50000	 	178.50000	874.50000	 	52.93173	223.84110	 	625.50000	540.00000	 
215	 	 	 	 	 	 	897.00000	712.50000	 	867.00000	156.00000	 	177.00000	874.50000	 	53.96916	223.41920	 	625.50000	541.50000	 
216	 	 	 	 	 	 	897.00000	712.50000	 	867.00000	154.50000	 	178.50000	871.50000	 	54.18903	223.03805	 	622.89597	545.36586	 
217	 	 	 	 	 	 	898.50000	712.50000	 	870.00000	154.50000	 	178.50000	871.50000	 	53.53541	223.43738	 	622.75021	545.66144	 
218	 	 	 	 	 	 	900.00000	712.50000	 	870.00000	153.00000	 	178.50000	870.00000	 	53.50564	223.72666	 	622.88483	546.16423	 
219	 	 	 	 	 	 	901.50000	712.50000	 	871.50000	156.00000	 	177.00000	868.50000	 	53.37176	223.83253	 	627.00000	541.50000	 
220	 	 	 	 	 	 	903.00000	714.00000	 	871.50000	156.00000	 	177.00000	868.50000	 	53.74526	224.51302	 	 	 	 
221	 	 	 	 	 	 	903.00000	712.50000	 	871.50000	156.00000	 	178.50000	870.00000	 	54.01506	224.82115	 	 	 	 
222	 	 	 	 	 	 	901.50000	712.50000	 	873.00000	154.50000	 	177.00000	870.00000	 	53.89977	224.80424	 	 	 	 
223	 	 	 	 	 	 	903.00000	714.00000	 	871.50000	157.50000	 	175.50000	870.00000	 	53.44809	224.60030	 	 	 	 
224	 	 	 	 	 	 	901.50000	712.50000	 	873.00000	157.50000	 	175.50000	870.00000	 	53.27961	224.25311	 	 	 	 
225	 	 	 	 	 	 	903.00000	711.00000	 	874.50000	157.50000	 	177.00000	870.00000	 	53.41386	224.89515	 	 	 	 
226	 	 	 	 	 	 	901.50000	712.50000	 	871.50000	156.00000	 	175.50000	870.00000	 	53.31036	225.39939	 	 	 	 
227	 	 	 	 	 	 	898.50000	712.50000	 	871.50000	157.50000	 	177.00000	868.50000	 	54.07930	226.20315	 	 	 	 
228	 	 	 	 	 	 	898.50000	714.00000	 	873.00000	154.50000	 	178.50000	867.00000	 	54.19948	226.66243	 	 	 	 
229	 	 	 	 	 	 	898.50000	712.50000	 	873.00000	157.50000	 	180.00000	867.00000	 	54.48945	227.29136	 	 	 	 
230	 	 	 	 	 	 	898.50000	714.00000	 	874.50000	157.50000	 	181.50000	865.50000	 	54.53737	227.29949	 	 	 	 
231	 	 	 	 	 	 	900.00000	712.50000	 	874.50000	156.00000	 	180.00000	868.50000	 	54.06555	227.92960	 	 	 	 
232	 	 	 	 	 	 	898.50000	711.00000	 	871.50000	156.00000	 	181.50000	868.50000	 	53.41596	227.00218	 	 	 	 
233	 	 	 	 	 	 	901.50000	711.00000	 	870.00000	154.50000	 	184.50000	870.00000	 	52.75624	226.93297	 	 	 	 
234	 	 	 	 	 	 	903.00000	709.50000	 	868.50000	156.00000	 	184.50000	870.00000	 	52.93367	226.10484	 	 	 	 
235	 	 	 	 	 	 	901.50000	711.00000	 	868.50000	154.50000	 	183.00000	870.00000	 	52.70155	225.78404	 	 	 	 
236	 	 	 	 	 	 	901.50000	708.00000	 	868.50000	154.50000	 	184.50000	871.50000	 	52.76102	225.65155	 	 	 	 
237	 	 	 	 	 	 	901.50000	706.50000	 	870.00000	154.50000	 	181.50000	871.50000	 	52.72926	224.84203	 	 	 	 
238	 	 	 	 	 	 	898.50000	706.50000	 	867.00000	154.50000	 	178.50000	871.50000	 	52.26463	225.57755	 	 	 	 
239	 	 	 	 	 	 	897.00000	705.00000	 	867.00000	153.00000	 	180.00000	871.50000	 	51.20726	224.52485	 	 	 	 
240	 	 	 	 	 	 	900.00000	706.50000	 	865.50000	153.00000	 	178.50000	874.50000	 	50.97165	224.63611	 	 	 	 

Track 	Length	Distance traveled	Nr of Frames
1	230.24236	4.74342	95
2	115.58571	11.68152	103
3	440.56381	12.36932	240
4	451.76082	5.40833	240
5	311.62845	21.99732	167
6	91.57536	3.58084	134
7	41.37338	5.43529	26
