Frame	X1	Y1	Flag1	X2	Y2	Flag2	X3	Y3	Flag3
1	-20.4161	25.7421	0	37.0737	2.9882	0	-17.4841	-15.9899	0
2	-20.4455	25.7383	0	37.0904	3.0766	0	-17.5591	-15.9819	0
3	-20.4733	25.8152	0	37.1062	3.0801	0	-17.5124	-15.9109	0
4	-20.3697	25.9546	0	37.0532	3.0237	0	-17.4138	-15.8296	0
5	-20.3658	25.9383	0	37.0327	2.9583	0	-17.3801	-15.9397	0
6	-20.4873	25.9142	0	36.9199	3.0323	0	-17.3838	-15.9482	0
7	-20.5476	26.0657	0	36.9463	3.0264	0	-17.3635	-15.9327	0
8	-20.4680	26.0871	0	36.9834	2.9018	0	-17.2858	-15.9162	0
9	-20.5125	26.0669	0	36.8969	2.8643	0	-17.2660	-16.0139	0
10	-20.4253	26.1579	0	36.7857	2.9383	0	-17.3213	-16.0093	0
11	-20.3551	26.0674	0	36.7168	2.9000	0	-17.3880	-15.9551	0
12	-20.3522	25.9481	0	36.7702	2.8514	0	-17.4550	-15.9292	0
13	-20.4264	25.9292	0	36.8613	2.8508	0	-17.5821	-15.8619	0
14	-20.4303	26.0341	0	36.7130	2.7722	0	-17.6590	-15.8542	0
15	-20.4889	25.8657	0	36.8055	2.7301	0	-17.6644	-15.9446	0
16	-20.4909	25.9135	0	36.8297	2.7175	0	-17.6615	-15.8555	0
17	-20.4943	25.9433	0	36.7310	2.7390	0	-17.7507	-15.8935	0
18	-20.4685	25.8682	0	36.7410	2.6997	0	-17.8070	-15.8956	0
19	-20.5676	25.9121	0	36.6784	2.6518	0	-17.8741	-15.9991	0
20	-20.5719	25.9218	0	36.5658	2.7204	0	-17.8425	-16.0041	0
21	-20.5626	25.9348	0	36.6943	2.6307	0	-17.7927	-15.9893	0
22	-20.6163	25.9126	0	36.6754	2.6292	0	-17.7812	-15.9573	0
23	-20.6159	25.9979	0	36.6863	2.5867	0	-17.5839	-16.0671	0
24	-20.5019	26.0525	0	36.6495	2.5977	0	-17.5578	-15.9733	0
25	-20.5117	26.0724	0	36.6950	2.5968	0	-17.5254	-16.0726	0
26	-20.4281	26.2011	0	36.7389	2.6300	0	-17.5548	-16.0360	0
27	-20.4202	26.3067	0	36.6927	2.7316	0	-17.5000	-16.0910	0
28	-20.3885	26.2463	0	36.5219	2.6522	0	-17.5933	-16.1620	0
29	-20.4168	26.1507	0	36.5574	2.5976	0	-17.5825	-16.2028	0
30	-20.3775	26.0713	0	36.5010	2.6285	0	-17.6319	-16.3101	0
31	-20.3804	26.0670	0	36.5275	2.6953	0	-17.6931	-16.3906	0
32	-20.3241	26.0212	0	36.5623	2.7731	0	-17.7042	-16.4335	0
33	-20.3447	26.0032	0	36.6585	2.8507	0	-17.6503	-16.4484	0
34	-20.3797	26.0788	0	36.6085	2.8466	0	-17.5795	-16.4296	0
35	-20.2145	26.1090	0	36.7153	2.8418	0	-17.5110	-16.3846	0
36	-20.1594	26.1854	0	36.6980	2.9729	0	-17.5071	-16.3152	0
37	-20.1817	26.2396	0	36.7670	3.0267	0	-17.5215	-16.2615	0
38	-20.2701	26.2592	0	36.7872	2.9726	0	-17.6260	-16.1778	0
39	-20.3780	26.2618	0	36.8292	2.9283	0	-17.5681	-16.1041	0
40	-20.4067	26.3662	0	36.7620	2.9593	0	-17.5700	-16.1575	0
41	-20.4400	26.3824	0	36.6733	2.9891	0	-17.5473	-16.2026	0
42	-20.4605	26.4160	0	36.7682	2.9563	0	-17.5766	-16.2332	0
43	-20.4779	26.4834	0	36.7725	3.0581	0	-17.5146	-16.3004	0
44	-20.4335	26.4870	0	36.9548	2.9947	0	-17.6356	-16.2964	0
45	-20.4240	26.5801	0	36.9176	2.9254	0	-17.6547	-16.2152	0
46	-20.3896	26.4141	0	36.9106	2.8204	0	-17.7229	-16.1915	0
47	-20.3588	26.5136	0	36.9548	2.8913	0	-17.6109	-16.2463	0
48	-20.2677	26.4896	0	37.0045	2.8419	0	-17.6131	-16.3478	0
49	-20.3291	26.4835	0	36.9746	2.9496	0	-17.6637	-16.4336	0
50	-20.3805	26.5570	0	37.0560	2.9741	0	-17.5931	-16.4063	0
51	-20.4201	26.6042	0	37.0259	3.0572	0	-17.5032	-16.3437	0
52	-20.4584	26.6697	0	37.0186	3.0333	0	-17.4757	-16.3374	0
53	-20.4456	26.7361	0	37.0217	3.0462	0	-17.4313	-16.2607	0
54	-20.3601	26.7511	0	37.0432	3.0724	0	-17.3196	-16.0870	0
55	-20.4238	26.7360	0	37.1697	3.0204	0	-17.4158	-16.0783	0
56	-20.4683	26.7521	0	37.1919	2.9768	0	-17.3918	-16.0542	0
57	-20.4350	26.7113	0	37.1675	2.9901	0	-17.4038	-16.0805	0
58	-20.4539	26.5398	0	37.0741	2.9967	0	-17.4108	-16.1498	0
59	-20.4682	26.5656	0	36.9749	2.9839	0	-17.3424	-16.1844	0
60	-20.5516	26.7696	0	37.0419	2.9958	0	-17.3935	-16.0926	0
61	-20.6059	26.7576	0	37.1693	2.9570	0	-17.4027	-16.0192	0
62	-20.5798	26.7871	0	37.1951	2.9316	0	-17.3811	-16.0591	0
63	-20.5452	26.7490	0	37.1284	3.0287	0	-17.4381	-16.0687	0
64	-20.6101	26.6768	0	37.1383	3.0845	0	-17.4066	-16.0056	0
65	-20.5564	26.7338	0	37.0363	3.1358	0	-17.4417	-16.0644	0
66	-20.4481	26.6892	0	37.0447	3.1015	0	-17.3285	-16.0654	0
67	-20.4321	26.7180	0	37.0836	3.1875	0	-17.3498	-16.1144	0
68	-20.5408	26.6930	0	36.9942	3.0635	0	-17.2642	-16.1494	0
69	-20.5786	26.6787	0	37.0751	3.0529	0	-17.3828	-16.1855	0
70	-20.5404	26.7953	0	37.1046	3.0579	0	-17.4602	-16.0873	0
71	-20.7375	26.7614	0	37.0585	3.0989	0	-17.4337	-15.9904	0
72	-20.7884	26.7415	0	37.0229	3.1159	0	-17.4163	-16.0313	0
73	-20.7822	26.6393	0	36.9793	3.1610	0	-17.3528	-16.0632	0
74	-20.6643	26.7171	0	36.9489	3.0879	0	-17.3886	-16.1439	0
75	-20.6239	26.7091	0	36.9768	3.0419	0	-17.3895	-16.1154	0
76	-20.6758	26.5769	0	36.9939	3.1375	0	-17.3745	-15.9304	0
77	-20.8544	26.5519	0	36.8776	3.2496	0	-17.4946	-15.9105	0
78	-20.8436	26.7074	0	36.9512	3.2066	0	-17.4111	-15.9031	0
79	-20.7806	26.6636	0	36.9439	3.2337	0	-17.3414	-15.9957	0
80	-20.8135	26.5919	0	37.0238	3.2289	0	-17.2193	-15.8970	0
81	-20.7712	26.5552	0	37.0691	3.2548	0	-17.2180	-15.8981	0
82	-20.8432	26.4841	0	37.0667	3.1978	0	-17.3243	-16.0104	0
83	-20.8354	26.5976	0	37.0912	3.2280	0	-17.5161	-15.9298	0
84	-20.7252	26.7261	0	37.0507	3.1062	0	-17.4369	-16.0334	0
85	-20.6935	26.7041	0	37.1135	3.1793	0	-17.3689	-16.0458	0
86	-20.6150	26.7812	0	37.1480	3.3368	0	-17.2756	-15.9790	0
87	-20.5741	26.7914	0	37.0526	3.2768	0	-17.3819	-15.8730	0
88	-20.5283	26.7657	0	37.1225	3.1668	0	-17.4032	-15.9931	0
89	-20.6195	26.6709	0	37.2329	3.2261	0	-17.3827	-15.9949	0
90	-20.6079	26.7232	0	37.2315	3.3050	0	-17.5196	-15.8606	0
91	-20.5336	26.7508	0	37.2741	3.3248	0	-17.4664	-15.8074	0
92	-20.5073	26.7679	0	37.2532	3.2849	0	-17.4599	-15.7453	0
93	-20.3949	27.0045	0	37.3076	3.2896	0	-17.5376	-15.6439	0
94	-20.5742	27.0291	0	37.2679	3.3178	0	-17.6622	-15.5906	0
95	-20.4854	26.9110	0	37.2180	3.2219	0	-17.7122	-15.5379	0
96	-20.4395	26.9106	0	37.1635	3.1519	0	-17.7420	-15.4325	0
97	-20.4476	26.8712	0	37.2141	3.1441	0	-17.6719	-15.4041	0
98	-20.5607	26.9160	0	37.2056	3.0679	0	-17.7922	-15.4209	0
99	-20.5132	26.8866	0	37.1401	3.1140	0	-17.7493	-15.5117	0
100	-20.4802	26.9902	0	37.1151	3.1537	0	-17.7829	-15.4475	0
101	-20.4187	27.0191	0	37.1061	3.1141	0	-17.7727	-15.5663	0
102	-20.5186	26.8224	0	36.9642	3.0385	0	-17.6948	-15.5993	0
103	-20.4320	26.9112	0	36.9457	3.0891	0	-17.7737	-15.4968	0
104	-20.4647	26.8971	0	36.9106	3.1894	0	-17.7474	-15.5697	0
105	-20.4574	26.8953	0	36.8884	3.0857	0	-17.7712	-15.6178	0
106	-20.4129	26.8948	0	36.8105	3.1256	0	-17.7834	-15.5468	0
107	-20.4340	26.9733	0	36.6902	3.1646	0	-17.7660	-15.6375	0
108	-20.4689	26.8719	0	36.6672	3.0083	0	-17.6438	-15.7617	0
109	-20.4871	26.8527	0	36.6546	3.1414	0	-17.5550	-15.7498	0
110	-20.4986	26.8689	0	36.6926	3.2823	0	-17.4224	-15.6209	0
111	-20.3829	26.8080	0	36.6860	3.1233	0	-17.4487	-15.6698	0
112	-20.4053	26.8568	0	36.7025	3.1653	0	-17.3584	-15.7629	0
113	-20.2979	26.8934	0	36.7090	3.3614	0	-17.3205	-15.6827	0
114	-20.3416	26.8764	0	36.7449	3.2599	0	-17.4305	-15.7321	0
115	-20.4237	26.6327	0	36.8224	3.0880	0	-17.4503	-15.7454	0
116	-20.3091	26.6874	0	36.8172	3.1248	0	-17.5496	-15.5438	0
117	-20.2671	26.6407	0	36.9074	3.1279	0	-17.5534	-15.5745	0
118	-20.3053	26.5654	0	36.9306	3.0827	0	-17.5317	-15.6633	0
119	-20.4288	26.7086	0	36.9837	3.2468	0	-17.5912	-15.4795	0
120	-20.3707	26.8517	0	36.9613	3.4554	0	-17.6428	-15.4679	0
121	-20.3737	26.6361	0	36.8807	3.3795	0	-17.6353	-15.5728	0
122	-20.2579	26.6060	0	36.8921	3.5241	0	-17.6894	-15.5409	0
123	-20.3577	26.5658	0	36.9810	3.5039	0	-17.6586	-15.5089	0
124	-20.3387	26.4234	0	37.0196	3.4820	0	-17.7166	-15.7304	0
125	-20.3163	26.3688	0	36.9900	3.4759	0	-17.6116	-15.6272	0
126	-20.3217	26.3469	0	36.9494	3.5702	0	-17.6260	-15.5971	0
127	-20.2406	26.2866	0	36.8876	3.4893	0	-17.6068	-15.3842	0
128	-20.1773	26.4072	0	36.8552	3.5239	0	-17.7393	-15.4146	0
129	-20.3337	26.5076	0	36.9365	3.4702	0	-17.7867	-15.3248	0
130	-20.3275	26.4857	0	36.8720	3.4998	0	-17.6171	-15.3600	0
131	-20.3630	26.5045	0	36.8462	3.4789	0	-17.5919	-15.3477	0
132	-20.3512	26.4323	0	36.8704	3.5235	0	-17.7033	-15.4026	0
133	-20.3442	26.4516	0	36.8187	3.6355	0	-17.6832	-15.4816	0
134	-20.2398	26.5377	0	36.7801	3.5614	0	-17.6730	-15.5298	0
135	-20.1963	26.3958	0	36.8546	3.4454	0	-17.7045	-15.7197	0
136	-20.1894	26.4914	0	36.7781	3.5291	0	-17.6343	-15.7079	0
137	-20.2186	26.5722	0	36.7420	3.6197	0	-17.6486	-15.5535	0
138	-20.2576	26.3482	0	36.7492	3.5504	0	-17.5931	-15.7618	0
139	-20.4175	26.3493	0	36.7398	3.5092	0	-17.6006	-15.7414	0
140	-20.3795	26.5395	0	36.6644	3.7411	0	-17.7020	-15.5357	0
141	-20.4903	26.3751	0	36.6718	3.5994	0	-17.7409	-15.5822	0
142	-20.5267	26.3471	0	36.6413	3.5872	0	-17.7151	-15.6638	0
143	-20.6208	26.3953	0	36.7990	3.8764	0	-17.6313	-15.2850	0
144	-20.5585	26.3620	0	36.8525	3.8195	0	-17.5866	-15.4117	0
145	-20.6093	26.2445	0	36.8290	3.6952	0	-17.5635	-15.5038	0
146	-20.5753	26.2854	0	36.9396	3.7950	0	-17.6154	-15.3011	0
147	-20.6175	26.2417	0	36.8265	3.9231	0	-17.6305	-15.3005	0
148	-20.5406	26.0620	0	36.7109	3.7657	0	-17.5879	-15.4528	0
149	-20.4646	26.1992	0	36.8451	3.8085	0	-17.4990	-15.1665	0
150	-20.4760	26.1212	0	36.9244	3.8921	0	-17.4609	-15.0275	0
151	-20.5059	25.9913	0	37.0140	3.7766	0	-17.4772	-15.2527	0
152	-20.5000	26.0677	0	37.1042	3.7771	0	-17.5243	-15.1455	0
153	-20.5766	26.1518	0	36.9935	3.8939	0	-17.6398	-14.9966	0
154	-20.4707	25.8683	0	36.9988	3.6294	0	-17.5331	-15.2922	0
155	-20.4902	25.8504	0	36.9690	3.6703	0	-17.6392	-15.3473	0
156	-20.4742	25.8550	0	37.0653	3.7747	0	-17.6108	-15.1756	0
157	-20.4572	25.8095	0	37.1243	3.7349	0	-17.6962	-15.2833	0
158	-20.3117	25.7629	0	37.1183	3.8101	0	-17.6953	-15.3869	0
159	-20.1659	25.8636	0	37.1209	3.8325	0	-17.6201	-15.1696	0
160	-20.1591	25.8566	0	37.1408	3.8499	0	-17.6557	-15.1724	0
161	-20.0912	25.9644	0	37.1999	3.7340	0	-17.5409	-15.2697	0
162	-20.1410	25.9324	0	37.2441	3.7551	0	-17.5015	-15.2804	0
163	-20.1857	26.1088	0	37.3143	3.8095	0	-17.4193	-15.3085	0
164	-20.2789	26.0891	0	37.4186	3.6383	0	-17.4000	-15.3332	0
165	-20.1383	26.0204	0	37.3541	3.5354	0	-17.5461	-15.1786	0
166	-20.0830	25.9472	0	37.2858	3.4877	0	-17.5169	-15.1580	0
167	-20.0652	25.9593	0	37.2157	3.6065	0	-17.5848	-15.0664	0
168	-20.1204	26.0814	0	37.1839	3.6649	0	-17.5389	-15.1005	0
169	-20.0965	26.1417	0	37.1671	3.6295	0	-17.5627	-15.1212	0
170	-20.0473	26.1272	0	37.1340	3.5874	0	-17.6028	-15.0905	0
171	-20.0827	26.1982	0	37.2880	3.6649	0	-17.6287	-15.0815	0
172	-20.1896	26.2175	0	37.2824	3.6597	0	-17.6100	-15.1326	0
173	-20.0866	26.1929	0	37.2670	3.7120	0	-17.6609	-15.2224	0
174	-20.0168	26.3496	0	37.2520	3.7064	0	-17.8571	-15.1691	0
175	-20.0825	26.2766	0	37.2293	3.7096	0	-17.9071	-15.3211	0
176	-19.8282	26.3088	0	37.2219	3.9100	0	-17.8832	-15.3143	0
177	-19.8343	26.2664	0	37.3313	3.8933	0	-18.0257	-15.2120	0
178	-19.8358	26.2849	0	37.3009	3.8287	0	-18.1652	-15.2001	0
179	-19.8559	26.2302	0	37.2723	3.9345	0	-18.2462	-15.2603	0
180	-19.7967	26.3078	0	37.2051	4.0855	0	-18.2993	-15.2591	0
181	-19.7484	26.0943	0	37.1596	4.0608	0	-18.2540	-15.2076	0
182	-19.7122	26.1144	0	37.1411	4.1081	0	-18.1538	-15.1111	0
183	-19.8756	26.0664	0	37.0913	4.2546	0	-18.1490	-14.9927	0
184	-19.8715	26.1183	0	37.1766	4.2785	0	-18.2508	-14.9000	0
185	-19.8317	25.9580	0	37.2727	4.2405	0	-18.1978	-14.9033	0
186	-19.7627	25.9657	0	37.2491	4.3450	0	-18.1704	-14.7843	0
187	-19.7534	25.9654	0	37.2968	4.2915	0	-18.0580	-14.7362	0
188	-19.7278	25.8374	0	37.3245	4.3039	0	-17.8912	-14.7198	0
189	-19.8716	25.7918	0	37.3683	4.4338	0	-17.8469	-14.7781	0
190	-19.9104	25.8492	0	37.4008	4.3153	0	-17.7805	-14.7114	0
191	-19.8092	25.8212	0	37.4033	4.2699	0	-17.7930	-14.7983	0
192	-19.8995	25.8244	0	37.4265	4.3297	0	-17.7766	-14.8110	0
193	-19.8229	25.7281	0	37.3733	4.3169	0	-17.8118	-14.7728	0
194	-19.7605	25.8812	0	37.2354	4.3126	0	-17.7398	-14.9102	0
195	-19.7570	25.9841	0	37.3445	4.2015	0	-17.7198	-14.8914	0
196	-19.7854	26.1270	0	37.3797	4.2609	0	-17.8206	-14.7904	0
197	-19.8678	26.1635	0	37.5112	4.2699	0	-17.8023	-14.9493	0
198	-19.9488	26.1686	0	37.5569	4.2844	0	-17.8562	-15.0138	0
199	-19.9062	26.0731	0	37.6307	4.3133	0	-17.7288	-15.0320	0
200	-19.8643	26.0620	0	37.5538	4.2480	0	-17.7475	-15.0060	0
201	-19.9080	26.0435	0	37.7001	4.1037	0	-17.7534	-14.9852	0
202	-19.9367	26.0070	0	37.5943	4.0586	0	-17.7388	-14.9825	0
203	-19.8927	26.1682	0	37.6316	4.0647	0	-17.8753	-14.7852	0
204	-19.8015	26.1060	0	37.5309	4.0257	0	-17.9275	-14.8628	0
205	-19.7334	26.0543	0	37.4225	4.1357	0	-17.9021	-14.9188	0
206	-19.7670	26.0236	0	37.3753	4.2176	0	-17.9850	-14.7775	0
207	-19.8426	26.0614	0	37.3773	4.2407	0	-18.1029	-14.7826	0
208	-19.9261	26.0645	0	37.2195	4.1755	0	-18.1017	-14.7927	0
209	-19.9563	26.0731	0	37.2066	4.0534	0	-18.0771	-14.8607	0
210	-19.9290	26.1825	0	37.3173	4.1481	0	-18.1653	-14.8308	0
211	-19.8540	26.3085	0	37.2176	4.0575	0	-18.1840	-14.8137	0
212	-19.8840	26.2001	0	37.1667	3.9857	0	-18.2308	-14.7900	0
213	-19.9651	26.1035	0	37.1727	4.0817	0	-18.3563	-14.7597	0
214	-19.9903	26.0324	0	37.1336	4.0673	0	-18.3486	-14.6585	0
215	-19.9010	26.1175	0	37.2776	4.0579	0	-18.4658	-14.5685	0
216	-19.8917	26.0477	0	37.2709	4.1165	0	-18.4553	-14.6300	0
217	-19.7834	26.1462	0	37.3454	4.0859	0	-18.3390	-14.5984	0
218	-19.7598	26.0528	0	37.3420	4.0187	0	-18.4171	-14.6688	0
219	-19.6775	26.0235	0	37.4973	4.0120	0	-18.4020	-14.8039	0
220	-19.5993	26.0522	0	37.4303	4.0899	0	-18.4232	-14.7600	0
221	-19.5327	26.2007	0	37.4199	4.0088	0	-18.2954	-14.7577	0
222	-19.7374	26.1548	0	37.4610	4.0463	0	-18.2482	-14.8434	0
223	-19.6284	26.0748	0	37.4650	4.0620	0	-18.2466	-14.8006	0
224	-19.6738	26.1042	0	37.3678	4.0995	0	-18.1208	-14.9628	0
225	-19.5828	26.0152	0	37.4167	4.0014	0	-18.0196	-14.9700	0
226	-19.5734	26.0580	0	37.4506	4.1228	0	-18.1473	-15.0777	0
227	-19.6348	26.2112	0	37.3877	4.3066	0	-18.1965	-14.9233	0
228	-19.6764	26.2411	0	37.4033	4.3133	0	-18.1666	-14.9828	0
229	-19.5822	26.1004	0	37.4405	4.2067	0	-18.1592	-15.0765	0
230	-19.4894	26.1672	0	37.4427	4.2610	0	-18.2196	-15.0103	0
231	-19.4805	26.1034	0	37.4469	4.3659	0	-18.2399	-15.0519	0
232	-19.4054	26.0266	0	37.3814	4.2074	0	-18.1544	-15.0405	0
233	-19.5305	26.0618	0	37.3653	4.1977	0	-18.2469	-14.8948	0
234	-19.4442	26.1509	0	37.4138	4.2910	0	-18.2492	-14.8129	0
235	-19.4262	26.0863	0	37.3897	4.2412	0	-18.0513	-14.9151	0
236	-19.6090	26.1375	0	37.3457	4.1781	0	-18.0113	-14.8614	0
237	-19.4874	26.2408	0	37.3709	4.1693	0	-18.0302	-14.6450	0
238	-19.5035	26.1867	0	37.2728	4.1630	0	-18.1050	-14.7159	0
239	-19.5436	25.9393	0	37.2189	4.2408	0	-18.1914	-14.7181	0
240	-19.4596	26.0137	0	37.3409	4.0329	0	-18.2914	-14.8735	0
