Frame	X1	Y1	Flag1	X2	Y2	Flag2
1	-13.5321	13.3135	0	-1.7424	4.0258	0
2	-13.6725	13.3670	0	-1.6355	4.1116	0
3	-13.6793	13.3678	0	-1.6934	4.0560	0
4	-13.6433	13.4419	0	-1.7108	4.0241	0
5	-13.7888	13.4388	0	-1.7605	4.0374	0
6	-13.7474	13.3727	0	-1.8800	3.9865	0
7	-13.7871	13.3896	0	-2.0125	3.8664	0
8	-13.8247	13.4948	0	-1.8228	4.0497	0
9	-13.8091	13.4771	0	-1.8428	4.0841	0
10	-13.8698	13.4199	0	-1.9331	4.0502	0
11	-13.8614	13.5122	0	-2.0305	4.1367	0
12	-13.8737	13.6289	0	-2.0348	4.1918	0
13	-13.9035	13.5826	0	-2.0198	4.0382	0
14	-13.7988	13.5046	0	-2.0453	4.1107	0
15	-13.7721	13.6440	0	-1.9461	4.1254	0
16	-13.6112	13.7433	0	-1.8974	4.1137	0
17	-13.5480	13.7677	0	-1.8868	3.9899	0
18	-13.6106	13.7069	0	-1.8136	3.9492	0
19	-13.5221	13.7719	0	-1.8727	3.8305	0
20	-13.5949	13.6673	0	-1.8818	3.6779	0
21	-13.4560	13.7120	0	-1.7824	3.7279	0
22	-13.5335	13.7407	0	-1.8469	3.8281	0
23	-13.7180	13.6849	0	-1.9725	3.6614	0
24	-13.7357	13.7486	0	-1.8019	3.7710	0
25	-13.7446	13.7217	0	-1.7307	3.7827	0
26	-13.8362	13.7367	0	-1.7700	3.6489	0
27	-13.7187	13.7055	0	-1.6739	3.6575	0
28	-13.7495	13.6369	0	-1.7295	3.7268	0
29	-13.7269	13.6232	0	-1.7393	3.6189	0
30	-13.6736	13.7241	0	-1.8407	3.5750	0
31	-13.7723	13.6617	0	-1.8298	3.4338	0
32	-13.7349	13.6893	0	-1.7687	3.3554	0
33	-13.6671	13.6496	0	-1.8882	3.3655	0
34	-13.5942	13.5713	0	-1.9534	3.3087	0
35	-13.6654	13.6855	0	-1.8128	3.5222	0
36	-13.7698	13.5812	0	-2.0175	3.4959	0
37	-13.6381	13.5902	0	-1.9086	3.5264	0
38	-13.6189	13.7426	0	-2.0017	3.6237	0
39	-13.6684	13.7713	0	-2.0480	3.7114	0
40	-13.5742	13.7540	0	-2.1429	3.6602	0
41	-13.5704	13.7385	0	-2.1642	3.6711	0
42	-13.6407	13.6357	0	-2.1873	3.6933	0
43	-13.5579	13.6220	0	-2.2132	3.5965	0
44	-13.5072	13.6606	0	-2.2528	3.7180	0
45	-13.5743	13.6921	0	-2.2774	3.5466	0
46	-13.5990	13.7514	0	-2.3221	3.5708	0
47	-13.6723	13.6655	0	-2.3772	3.5473	0
48	-13.6753	13.6920	0	-2.3760	3.5719	0
49	-13.6902	13.7926	0	-2.4989	3.5708	0
50	-13.6981	13.9291	0	-2.5735	3.5538	0
51	-13.8112	13.8579	0	-2.5625	3.5171	0
52	-13.8191	13.7957	0	-2.5590	3.5267	0
53	-13.7009	13.7810	0	-2.5973	3.5137	0
54	-13.7646	13.8200	0	-2.5863	3.5976	0
55	-13.7716	13.7678	0	-2.6367	3.6171	0
56	-13.7774	13.7656	0	-2.6442	3.5054	0
57	-13.8205	13.7867	0	-2.5549	3.4904	0
58	-13.8953	13.7216	0	-2.5166	3.4397	0
59	-13.9722	13.6539	0	-2.4164	3.3799	0
60	-13.9300	13.6633	0	-2.4543	3.4418	0
61	-13.9856	13.6594	0	-2.4048	3.4213	0
62	-14.1279	13.7163	0	-2.3896	3.4406	0
63	-14.1757	13.7547	0	-2.3380	3.5228	0
64	-14.1745	13.7708	0	-2.2650	3.7344	0
65	-14.0757	13.8992	0	-2.2645	3.6688	0
66	-14.0977	13.9406	0	-2.3042	3.6201	0
67	-14.1361	13.9581	0	-2.2039	3.6616	0
68	-14.1220	13.9262	0	-2.2897	3.7580	0
69	-14.0992	13.8807	0	-2.2450	3.6711	0
70	-14.1608	13.8516	0	-2.1484	3.6999	0
71	-14.1948	13.9111	0	-2.1058	3.7354	0
72	-14.2769	13.8139	0	-2.0250	3.6502	0
73	-14.2415	13.7530	0	-2.0819	3.6039	0
74	-14.1326	13.8305	0	-2.0125	3.6563	0
75	-14.0992	13.7082	0	-1.8848	3.7885	0
76	-14.0711	13.6569	0	-1.8364	3.6864	0
77	-14.0413	13.7642	0	-1.8054	3.6763	0
78	-14.0956	13.7818	0	-1.8504	3.7173	0
79	-13.9761	13.8002	0	-1.7725	3.7712	0
80	-13.9017	13.8557	0	-1.7590	3.7355	0
81	-13.7720	13.8511	0	-1.6715	3.7716	0
82	-13.7559	13.7658	0	-1.7049	3.8325	0
83	-13.7070	13.7791	0	-1.7458	3.9229	0
84	-13.6869	13.6948	0	-1.7579	3.9404	0
85	-13.7252	13.6718	0	-1.7226	4.0638	0
86	-13.6813	13.5878	0	-1.8260	4.0808	0
87	-13.6486	13.4351	0	-1.7392	3.9590	0
88	-13.6689	13.4840	0	-1.7134	3.8491	0
89	-13.6586	13.4948	0	-1.8276	3.8087	0
90	-13.7200	13.6628	0	-1.7389	3.7880	0
91	-13.7422	13.6676	0	-1.8599	3.8142	0
92	-13.8627	13.6532	0	-1.8568	3.7801	0
93	-13.6917	13.6150	0	-1.7859	3.6800	0
94	-13.6422	13.6745	0	-1.9291	3.8047	0
95	-13.6764	13.6007	0	-1.8314	3.6982	0
96	-13.7601	13.6602	0	-1.8347	3.7445	0
97	-13.7583	13.4931	0	-1.6776	3.7654	0
98	-13.7798	13.5796	0	-1.6944	3.6718	0
99	-13.7711	13.5566	0	-1.6064	3.4953	0
100	-13.6975	13.5101	0	-1.6193	3.5496	0
101	-13.7643	13.4297	0	-1.6690	3.4658	0
102	-13.8294	13.3560	0	-1.6869	3.5616	0
103	-13.8598	13.4503	0	-1.7588	3.3723	0
104	-13.7159	13.4051	0	-1.8732	3.3004	0
105	-13.7590	13.4476	0	-1.8970	3.2357	0
106	-13.7807	13.4866	0	-1.8874	3.1700	0
107	-13.7644	13.4611	0	-1.8702	3.1612	0
108	-13.7718	13.3857	0	-1.9035	3.2018	0
109	-13.6804	13.2527	0	-1.8658	3.1642	0
110	-13.7027	13.2250	0	-1.9562	3.1081	0
111	-13.6226	13.2918	0	-1.8793	3.1896	0
112	-13.7162	13.2940	0	-1.8211	3.3301	0
113	-13.7922	13.2914	0	-1.7586	3.4294	0
114	-13.7501	13.3152	0	-1.7661	3.3446	0
115	-13.8446	13.3660	0	-1.8519	3.2259	0
116	-13.9252	13.3976	0	-1.9519	3.2780	0
117	-13.9353	13.2949	0	-2.0463	3.1595	0
118	-13.8358	13.3390	0	-2.1632	3.1800	0
119	-13.8362	13.2282	0	-2.2312	3.1674	0
120	-13.9032	13.3157	0	-2.3413	3.2456	0
121	-13.7788	13.4541	0	-2.4313	3.2043	0
122	-13.7571	13.4961	0	-2.5107	3.2468	0
123	-13.8123	13.4266	0	-2.4202	3.1786	0
124	-13.8612	13.4506	0	-2.5120	3.1419	0
125	-13.8234	13.6029	0	-2.4080	3.1176	0
126	-13.8361	13.5677	0	-2.4376	3.2065	0
127	-13.8624	13.5385	0	-2.4620	3.1503	0
128	-13.9423	13.4816	0	-2.2891	3.0834	0
129	-13.9744	13.5250	0	-2.2574	3.0490	0
130	-14.0321	13.3556	0	-2.3182	3.1226	0
131	-14.1059	13.3438	0	-2.3022	3.0405	0
132	-14.1578	13.2849	0	-2.3680	3.1328	0
133	-14.1949	13.2895	0	-2.2962	3.0989	0
134	-14.1821	13.3366	0	-2.4393	3.0721	0
135	-14.2462	13.3438	0	-2.5073	3.1013	0
136	-14.2823	13.3377	0	-2.3801	3.2523	0
137	-14.2072	13.3664	0	-2.4192	3.2008	0
138	-14.2658	13.4694	0	-2.3733	3.2089	0
139	-14.3896	13.5614	0	-2.3406	3.2375	0
140	-14.3354	13.5109	0	-2.3268	3.2791	0
141	-14.5162	13.5790	0	-2.3008	3.1985	0
142	-14.5571	13.5383	0	-2.1759	3.1694	0
143	-14.4580	13.4625	0	-2.2036	3.1506	0
144	-14.4649	13.3439	0	-2.2000	3.1510	0
145	-14.3828	13.3203	0	-2.1993	3.2017	0
146	-14.3483	13.1914	0	-2.2023	3.2447	0
147	-14.4687	13.2301	0	-2.2160	3.2799	0
148	-14.5495	13.3140	0	-2.1410	3.2099	0
149	-14.5221	13.2982	0	-2.1553	3.1255	0
150	-14.5347	13.3733	0	-2.1789	3.1087	0
151	-14.4980	13.4511	0	-2.2437	3.1201	0
152	-14.4527	13.2672	0	-2.2243	3.1000	0
153	-14.3736	13.5402	0	-2.2608	3.3555	0
154	-14.2906	13.3781	0	-2.2265	3.1780	0
155	-14.2683	13.2488	0	-2.1607	3.0297	0
156	-14.3287	13.3617	0	-2.0677	3.2411	0
157	-14.2409	13.4910	0	-2.1629	3.3194	0
158	-14.1370	13.4029	0	-2.2189	3.2626	0
159	-14.1797	13.4208	0	-2.2670	3.3627	0
160	-14.1484	13.5780	0	-2.4590	3.4734	0
161	-14.1362	13.4588	0	-2.5380	3.2762	0
162	-14.2257	13.5957	0	-2.3739	3.2811	0
163	-14.2249	13.7702	0	-2.4524	3.4726	0
164	-14.2252	13.7665	0	-2.5023	3.3198	0
165	-14.2657	13.7321	0	-2.4612	3.2162	0
166	-14.2756	13.9752	0	-2.4229	3.3829	0
167	-14.3839	13.8840	0	-2.5127	3.3904	0
168	-14.3155	13.8491	0	-2.5307	3.4229	0
169	-14.1631	13.9521	0	-2.4837	3.4930	0
170	-14.1829	14.0209	0	-2.4608	3.5504	0
171	-14.1968	13.9469	0	-2.3378	3.2771	0
172	-14.1602	13.8569	0	-2.3621	3.2411	0
173	-14.0289	13.9253	0	-2.4251	3.4044	0
174	-14.1168	13.7894	0	-2.4472	3.3458	0
175	-14.2774	13.7649	0	-2.4436	3.3898	0
176	-14.4143	13.8824	0	-2.4103	3.2886	0
177	-14.4538	13.8733	0	-2.3367	3.1143	0
178	-14.4620	13.7749	0	-2.3494	3.0643	0
179	-14.5329	13.7507	0	-2.3522	3.0137	0
180	-14.5200	13.6624	0	-2.3726	2.9824	0
181	-14.4737	13.5262	0	-2.3218	2.9780	0
182	-14.4238	13.5133	0	-2.0994	2.9418	0
183	-14.4378	13.5737	0	-2.0649	2.8372	0
184	-14.3813	13.6448	0	-2.0329	2.9042	0
185	-14.3949	13.5974	0	-2.0908	2.9214	0
186	-14.4227	13.5617	0	-2.0631	2.8924	0
187	-14.3551	13.6408	0	-2.0518	2.9666	0
188	-14.2609	13.7047	0	-2.0801	3.0696	0
189	-14.3295	13.6747	0	-2.2636	3.0322	0
190	-14.2016	13.7603	0	-2.2016	3.1476	0
191	-14.2084	13.8373	0	-2.2511	3.1653	0
192	-14.1524	13.7703	0	-2.1976	3.0008	0
193	-14.0108	13.8937	0	-2.1222	3.0523	0
194	-14.0827	13.7903	0	-2.2354	2.9797	0
195	-14.0911	13.7983	0	-2.1857	2.8953	0
196	-14.0007	13.7604	0	-2.0469	2.8692	0
197	-14.0687	13.7949	0	-1.9835	2.8795	0
198	-14.1216	13.7438	0	-1.8999	2.9314	0
199	-14.2347	13.7526	0	-1.8449	2.9051	0
200	-14.1498	13.7582	0	-1.7337	2.9633	0
201	-14.2376	13.7485	0	-1.7843	3.1150	0
202	-14.3147	13.6295	0	-1.7941	3.1107	0
203	-14.2567	13.6248	0	-1.8430	3.1168	0
204	-14.2572	13.6731	0	-1.7460	3.1047	0
205	-14.3005	13.5842	0	-1.8235	3.1877	0
206	-14.2265	13.5743	0	-1.8327	3.1862	0
207	-14.1496	13.5140	0	-1.7511	3.1610	0
208	-14.1368	13.4081	0	-1.6665	3.1308	0
209	-14.1875	13.4117	0	-1.8202	3.1677	0
210	-14.2535	13.3763	0	-1.9149	3.2211	0
211	-14.3274	13.2966	0	-1.9309	3.1008	0
212	-14.2946	13.3043	0	-1.9557	3.0781	0
213	-14.2288	13.1955	0	-1.9708	3.1014	0
214	-14.2502	13.1466	0	-1.9814	3.1112	0
215	-14.1846	13.1951	0	-1.9593	3.1127	0
216	-14.2186	13.2069	0	-2.0723	3.2135	0
217	-14.1247	13.1720	0	-2.1724	3.2219	0
218	-14.2413	13.0913	0	-2.0997	3.2110	0
219	-14.1449	13.0860	0	-2.0814	3.1496	0
220	-14.2158	13.0351	0	-2.0585	3.0832	0
221	-14.2564	13.1142	0	-2.0859	3.0710	0
222	-14.2814	13.0136	0	-2.0209	3.1060	0
223	-14.2030	13.1344	0	-2.1409	3.1463	0
224	-14.1398	13.0297	0	-2.1544	3.0862	0
225	-13.9356	12.9424	0	-2.2231	3.1712	0
226	-13.9494	12.9755	0	-2.2636	3.2213	0
227	-13.9335	12.9592	0	-2.1487	3.0889	0
228	-13.9236	12.9322	0	-2.1328	3.1900	0
229	-13.8908	13.0514	0	-2.2616	3.2024	0
230	-14.0340	12.9437	0	-2.2884	3.0841	0
231	-14.0255	12.8534	0	-2.2565	3.0478	0
232	-14.0418	12.8479	0	-2.1731	3.0344	0
233	-14.0857	12.8155	0	-2.1718	3.0461	0
234	-14.2340	12.7388	0	-2.2077	3.0813	0
235	-14.2064	12.7266	0	-2.0808	3.0284	0
236	-14.1819	12.6729	0	-2.1584	3.0935	0
237	-13.9911	12.7351	0	-2.1589	3.0479	0
238	-14.0950	12.8589	0	-2.1691	3.1509	0
239	-14.1573	12.8815	0	-2.0317	3.1231	0
240	-14.1619	12.7565	0	-2.0454	3.1600	0
