Frame	X2	Y2	Flag2	X1	Y1	Flag1	X4	Y4	Flag4	X3	Y3	Flag3	X5	Y5	Flag5
1	-11.1352	9.7951	0	-5.6541	-5.8224	0	5.0650	16.1971	0	26.3112	1.4577	0	20.0832	-5.7875	0
2	-11.1105	9.5267	0	-5.6671	-5.7831	0	4.8288	16.1229	0	26.3824	1.5658	0	20.0641	-5.6830	0
3	-11.3583	9.9464	0	-5.8274	-5.8437	0	4.9136	16.2466	0	26.3191	1.6625	0	20.2356	-5.5596	0
4	-11.7421	10.0814	0	-5.7342	-5.8613	0	5.0364	16.3465	0	26.3652	1.8040	0	19.9146	-5.8125	0
5	-11.8494	9.8062	0	-5.6200	-5.9095	0	4.8535	16.2717	0	26.3169	1.7675	0	19.9948	-5.7413	0
6	-11.9304	9.9191	0	-5.5034	-5.5661	0	4.8688	16.6443	0	26.4008	1.9118	0	20.2431	-5.6504	0
7	-11.8365	10.1209	0	-5.2917	-5.7073	0	4.8125	16.6622	0	26.8370	2.0026	0	20.1834	-5.6849	0
8	-11.7435	10.2337	0	-5.1980	-5.8227	0	4.8966	16.4336	0	26.8138	2.0097	0	19.8743	-5.7532	0
9	-11.8267	10.2272	0	-4.9341	-5.5782	0	4.8754	16.4468	0	26.5083	2.0784	0	19.8313	-5.6504	0
10	-12.0425	10.3645	0	-5.0303	-5.5153	0	5.0166	16.3351	0	26.5463	2.0699	0	19.7738	-5.5568	0
11	-12.0796	10.0833	0	-4.9607	-5.6359	0	4.9470	16.3398	0	26.5449	2.0688	0	19.5824	-5.6450	0
12	-11.9663	10.1687	0	-4.6728	-5.6727	0	5.2069	16.3451	0	26.4593	1.9356	0	19.6567	-5.7372	0
13	-12.1364	10.2963	0	-4.4556	-5.4747	0	5.1974	16.4484	0	26.5982	1.8683	0	19.5916	-5.8393	0
14	-11.9168	10.2181	0	-4.3408	-5.6356	0	5.4374	16.4399	0	26.5146	1.8191	0	19.4309	-5.7744	0
15	-12.0770	10.1092	0	-4.3284	-5.4824	0	5.5715	16.3305	0	26.5070	2.0357	0	19.4317	-5.7511	0
16	-12.2228	10.1463	0	-4.2545	-5.2451	0	5.2117	16.3831	0	26.2901	2.0488	0	19.2130	-5.9191	0
17	-12.2235	10.0990	0	-4.4454	-5.5157	0	5.3386	16.5473	0	26.5464	2.1328	0	19.0576	-6.0120	0
18	-11.8954	9.9196	0	-4.5481	-5.5371	0	5.2489	16.3939	0	26.5046	2.0222	0	19.1194	-5.9696	0
19	-11.7668	10.0720	0	-4.2964	-5.4748	0	5.2754	16.6481	0	26.4736	2.0651	0	19.2021	-6.0190	0
20	-11.9820	10.1763	0	-4.2813	-5.6328	0	5.1650	16.7128	0	26.6182	2.4266	0	19.1294	-6.0163	0
21	-11.9386	9.9604	0	-4.2826	-5.8204	0	5.2306	16.8195	0	26.2629	2.4234	0	19.3253	-5.9963	0
22	-11.9085	9.7340	0	-4.2116	-5.7698	0	4.9646	16.8943	0	26.5572	2.6781	0	19.5178	-6.1418	0
23	-12.0263	9.8440	0	-4.3091	-5.8417	0	4.9037	16.9849	0	26.2962	2.7887	0	19.3098	-6.1683	0
24	-12.1500	9.7986	0	-3.7803	-5.7683	0	4.8046	16.7860	0	26.1496	2.6594	0	19.3761	-6.1350	0
25	-11.9078	9.4647	0	-3.7225	-5.7169	0	4.6293	16.4499	0	26.1759	2.5497	0	19.3121	-5.9931	0
26	-11.8506	9.3736	0	-3.6571	-5.9106	0	4.7513	16.5725	0	26.1930	2.6252	0	19.2100	-5.8984	0
27	-11.8365	9.2922	0	-3.4619	-6.0031	0	4.5541	16.5487	0	26.3346	2.4499	0	19.0737	-6.0409	0
28	-11.6191	9.2867	0	-3.5212	-6.0025	0	4.5839	16.3775	0	26.3327	2.3741	0	19.0208	-5.9948	0
29	-11.4822	9.0689	0	-3.8161	-6.3125	0	4.6696	16.6607	0	26.6270	2.7939	0	18.9415	-6.0183	0
30	-11.5110	9.1623	0	-3.8821	-6.1688	0	4.7326	16.5110	0	26.4416	2.7335	0	19.1102	-5.9669	0
31	-11.4207	9.2105	0	-3.6084	-6.0715	0	4.7042	16.3714	0	26.2729	2.4251	0	19.1794	-6.0202	0
32	-11.4774	9.1203	0	-3.4901	-6.1536	0	4.5277	16.5194	0	26.3064	2.2555	0	19.0396	-6.3101	0
33	-11.5940	8.9303	0	-3.5147	-5.8762	0	4.4129	16.5285	0	26.0973	2.1046	0	18.9187	-6.1995	0
34	-11.5554	8.8314	0	-3.4593	-5.9637	0	4.3800	16.5677	0	25.8471	1.9851	0	18.9487	-6.1224	0
35	-11.6719	8.7431	0	-3.3563	-5.9511	0	4.5940	16.6587	0	25.9970	1.9839	0	18.7972	-6.1647	0
36	-11.6959	8.7160	0	-3.4364	-6.3980	0	4.9424	16.8031	0	25.7108	1.9437	0	19.0517	-6.2964	0
37	-11.7401	8.6363	0	-3.3843	-6.2121	0	4.9308	16.5955	0	25.7437	1.9259	0	19.0746	-6.2424	0
38	-11.7668	8.7553	0	-3.3075	-5.9969	0	5.3027	16.5209	0	25.9242	1.9156	0	19.0421	-6.2749	0
39	-11.9134	8.7802	0	-3.5677	-5.9481	0	5.2664	16.5835	0	25.7428	2.1544	0	18.9561	-6.1410	0
40	-11.6847	8.7313	0	-3.5123	-5.7843	0	5.4078	16.2775	0	25.6937	1.9175	0	18.7506	-6.5048	0
41	-11.2730	8.5375	0	-3.4177	-5.7807	0	5.3231	16.1458	0	25.6874	1.8315	0	18.9369	-6.7565	0
42	-11.1422	8.3744	0	-3.2903	-5.8230	0	5.3331	16.1607	0	25.6474	1.9041	0	18.8550	-6.4860	0
43	-11.1556	8.3898	0	-3.5746	-5.9291	0	5.4191	16.2011	0	25.7126	1.8416	0	18.5807	-6.4545	0
44	-11.1602	8.2045	0	-3.5788	-6.1011	0	5.2708	16.1493	0	25.3701	1.7100	0	18.5587	-6.4937	0
45	-11.0835	7.8931	0	-3.6967	-6.2165	0	5.2679	16.2390	0	25.4586	1.8432	0	18.4932	-6.2064	0
46	-11.2727	7.7233	0	-3.5770	-6.0411	0	5.4740	16.3303	0	25.3293	1.5431	0	18.4746	-6.2139	0
47	-11.3935	7.8446	0	-3.7231	-6.1861	0	5.4286	16.2534	0	25.4296	1.4498	0	18.4772	-6.1714	0
48	-11.1930	7.7471	0	-3.5712	-6.2194	0	5.3127	16.2244	0	25.1969	1.4521	0	18.2173	-6.3235	0
49	-11.2601	7.7946	0	-3.4781	-6.2789	0	5.3626	16.0696	0	25.5685	1.4777	0	18.2140	-6.3074	0
50	-11.2214	7.6876	0	-3.3695	-6.3433	0	5.4035	15.7448	0	25.3584	1.6256	0	18.1653	-6.0457	0
51	-11.3875	7.5714	0	-3.2815	-6.6640	0	5.4427	15.5695	0	25.4639	1.7114	0	18.1523	-6.1288	0
52	-11.3050	7.6021	0	-3.3342	-6.6764	0	5.4051	15.6184	0	25.4373	1.7459	0	17.9925	-6.2147	0
53	-11.2378	7.3597	0	-3.1607	-6.5165	0	5.6194	15.4122	0	25.6841	2.0616	0	17.8974	-6.2960	0
54	-11.2069	7.2671	0	-2.8935	-6.4475	0	5.3599	15.2413	0	25.5862	1.8875	0	18.0143	-6.1290	0
55	-11.0725	7.1942	0	-2.7306	-6.6108	0	5.3134	15.0266	0	25.4236	1.8787	0	18.3133	-5.8896	0
56	-11.0208	7.0545	0	-2.5046	-6.5187	0	5.2618	15.1256	0	25.4040	1.6331	0	17.9542	-5.7570	0
57	-11.0903	7.1460	0	-2.3325	-6.7696	0	5.3657	15.3680	0	25.5194	1.5671	0	17.7451	-5.6739	0
58	-10.8852	7.2659	0	-2.3197	-7.0879	0	5.4439	15.2733	0	25.2162	1.4853	0	17.7649	-5.5568	0
59	-10.8839	7.3094	0	-2.3067	-7.0374	0	5.3508	15.1192	0	25.1561	1.4863	0	17.7562	-5.6627	0
60	-10.8287	7.2520	0	-2.4154	-6.9742	0	5.4361	15.1007	0	25.0803	1.4975	0	17.9185	-6.1674	0
61	-10.7403	7.3454	0	-2.3603	-6.8497	0	5.4093	14.8212	0	24.8786	1.6880	0	17.5930	-6.1179	0
62	-10.7353	7.2188	0	-2.3922	-6.7951	0	5.3740	14.7490	0	24.7757	1.7903	0	17.5323	-5.9605	0
63	-10.6329	7.3550	0	-2.5033	-6.7905	0	5.4323	14.7310	0	25.0115	1.8563	0	17.8148	-6.0997	0
64	-10.6942	7.3955	0	-2.2481	-7.1990	0	5.5512	14.5605	0	24.7654	2.0077	0	17.6262	-6.2198	0
65	-10.6809	7.3917	0	-2.2846	-7.3916	0	5.5468	14.5023	0	24.8770	2.0088	0	17.7410	-6.5122	0
66	-10.6113	7.3734	0	-2.4047	-7.5677	0	5.2794	14.4099	0	24.6788	1.7597	0	17.6267	-6.8872	0
67	-10.6533	7.2528	0	-2.3279	-7.5862	0	5.1862	14.2884	0	24.8589	1.7860	0	17.5869	-6.8729	0
68	-10.4209	7.0823	0	-2.6473	-7.9324	0	5.4208	14.1398	0	24.7037	1.7711	0	17.6213	-6.9321	0
69	-10.3476	6.9722	0	-2.4554	-7.8285	0	5.1617	14.0502	0	24.5335	2.0527	0	17.4230	-6.5843	0
70	-10.4321	7.1225	0	-2.0539	-8.0888	0	5.0528	13.7150	0	24.3487	1.6757	0	17.6654	-6.4971	0
71	-10.3539	7.0700	0	-1.9687	-7.9475	0	4.9472	13.6727	0	24.2614	1.3917	0	17.7381	-6.4878	0
72	-10.3701	7.0350	0	-1.9805	-8.0074	0	4.8332	13.8253	0	24.3307	1.5808	0	17.8648	-6.3955	0
73	-10.1531	7.1231	0	-2.0608	-8.0381	0	5.1061	13.7717	0	24.2398	1.6047	0	17.6660	-6.6313	0
74	-10.1980	7.0492	0	-1.9803	-7.9146	0	5.2693	13.7152	0	24.3716	1.5300	0	17.6697	-6.4151	0
75	-9.9720	7.0152	0	-2.0884	-7.8940	0	5.1255	13.5149	0	24.4198	1.7243	0	17.8187	-6.4240	0
76	-10.0971	7.2192	0	-2.1920	-7.9505	0	5.0983	13.4020	0	24.3011	1.6190	0	18.0777	-6.4552	0
77	-10.0275	7.3430	0	-2.2858	-7.9332	0	4.9420	13.3433	0	24.5822	1.7185	0	18.1383	-6.3278	0
78	-10.1724	7.3372	0	-2.1994	-8.1610	0	5.0235	13.4097	0	24.7008	1.6470	0	18.1935	-6.2025	0
79	-10.0332	7.3319	0	-2.2225	-8.1138	0	5.1348	13.5607	0	24.7548	1.7183	0	18.0614	-6.1914	0
80	-10.1116	7.3350	0	-2.2077	-8.1427	0	5.3716	13.3962	0	24.7551	1.6678	0	18.1426	-6.3922	0
81	-10.2221	7.2613	0	-2.1737	-8.3090	0	5.3635	13.2503	0	24.6741	1.6360	0	17.7965	-6.5890	0
82	-9.9676	7.2536	0	-2.0817	-8.3888	0	5.2551	13.1356	0	24.7199	1.3525	0	17.6389	-6.7181	0
83	-10.1693	7.1230	0	-1.9957	-8.4360	0	5.4062	13.0310	0	24.7707	1.1565	0	17.6234	-6.7424	0
84	-10.0738	7.0263	0	-1.9984	-8.5916	0	5.3067	12.8653	0	24.6912	1.2986	0	17.7071	-6.7981	0
85	-10.1531	6.9880	0	-1.9991	-8.4962	0	5.3191	12.9498	0	24.6517	1.3477	0	17.8589	-6.9218	0
86	-10.3014	7.1738	0	-1.9366	-8.5992	0	5.2669	12.8261	0	24.5865	1.2603	0	17.9484	-7.0292	0
87	-10.2134	7.3499	0	-1.8084	-8.7642	0	5.3488	13.1709	0	24.7808	1.2096	0	17.9098	-7.1595	0
88	-10.2709	7.1858	0	-1.7434	-8.9349	0	5.5737	13.0029	0	24.5961	1.6456	0	18.1184	-7.4517	0
89	-10.4338	7.2820	0	-1.7575	-9.3504	0	5.5364	12.9389	0	24.5315	1.6256	0	17.8983	-7.4870	0
90	-10.1987	7.3762	0	-1.7313	-9.2403	0	5.2869	12.8415	0	24.5660	1.6176	0	17.7563	-7.4094	0
91	-10.3701	7.4722	0	-1.7144	-9.3502	0	5.0170	12.8453	0	24.5918	1.8697	0	17.6703	-7.3602	0
92	-10.3149	7.3447	0	-1.7429	-9.3069	0	5.1868	12.8812	0	24.5724	1.8362	0	18.0670	-7.0507	0
93	-10.2539	7.3515	0	-1.7699	-9.0941	0	5.2969	12.8403	0	24.5179	1.5927	0	18.1861	-7.0443	0
94	-10.0976	7.5630	0	-1.4998	-9.1463	0	5.3134	12.7734	0	24.7077	1.5792	0	18.1857	-7.0490	0
95	-10.1037	7.3888	0	-1.4651	-9.3134	0	5.1721	12.6940	0	24.7102	1.6665	0	17.9455	-6.9778	0
96	-10.2066	7.4323	0	-1.7153	-9.3841	0	5.1866	12.7439	0	24.6340	1.5219	0	18.2856	-7.2207	0
97	-10.1080	7.4877	0	-1.7798	-9.6618	0	5.4960	12.7610	0	24.5231	1.5799	0	18.2518	-7.1445	0
98	-10.1957	7.4651	0	-2.0050	-9.6626	0	5.3288	12.9670	0	24.5065	1.5168	0	18.1970	-7.1723	0
99	-10.2593	7.4468	0	-1.9463	-9.6431	0	5.2387	12.9488	0	24.4448	1.3929	0	18.2413	-6.9489	0
100	-9.9439	7.3473	0	-2.2036	-9.6741	0	5.2422	12.7471	0	24.3974	1.4055	0	18.3515	-7.0543	0
101	-9.9080	7.1720	0	-2.1024	-9.6007	0	5.0920	12.7176	0	24.2754	1.2411	0	18.3180	-6.9130	0
102	-9.7095	7.2565	0	-2.1737	-9.7561	0	4.9815	12.2756	0	24.2797	1.2349	0	18.4250	-6.8671	0
103	-9.6404	7.5205	0	-2.2758	-9.7497	0	5.0219	12.2520	0	24.3590	0.9571	0	18.5528	-6.8078	0
104	-9.6533	7.4827	0	-2.4082	-10.0136	0	4.8344	12.2775	0	24.2421	0.6084	0	18.5886	-6.7382	0
105	-9.7159	7.3894	0	-2.5034	-9.9633	0	4.9330	12.3846	0	23.9045	0.4218	0	18.7714	-7.0385	0
106	-9.4750	7.5572	0	-2.5076	-10.5798	0	5.0698	12.2188	0	23.9789	0.4859	0	18.6743	-6.8928	0
107	-9.3424	7.5449	0	-2.2845	-10.4882	0	5.0151	12.2114	0	23.8742	0.4936	0	18.7257	-6.8430	0
108	-9.1863	7.4067	0	-2.5667	-10.7129	0	4.9346	12.2830	0	24.0517	0.1701	0	18.9125	-6.7305	0
109	-9.1230	7.3374	0	-2.3014	-10.6829	0	5.0151	12.5893	0	23.9303	0.0729	0	18.9699	-6.8538	0
110	-9.2459	7.3093	0	-2.5255	-10.5667	0	4.7231	12.4690	0	23.8583	0.2608	0	18.9177	-6.9408	0
111	-9.3835	7.5992	0	-2.4363	-10.2270	0	4.7496	12.3894	0	23.7252	0.4957	0	18.7706	-6.9134	0
112	-9.0581	7.4023	0	-2.3770	-10.3641	0	5.0434	12.3321	0	23.5216	0.4883	0	18.8795	-7.0310	0
113	-9.1824	7.5731	0	-2.5337	-10.4748	0	5.1629	12.3636	0	23.5661	0.4990	0	19.2384	-7.0135	0
114	-9.2327	7.4018	0	-2.5408	-10.2470	0	5.3817	12.3744	0	23.7357	0.4044	0	19.2951	-7.1409	0
115	-9.2579	7.5368	0	-2.0828	-10.3417	0	5.5006	12.1474	0	23.7364	0.2246	0	19.2468	-7.4547	0
116	-9.4267	7.4184	0	-2.1261	-10.3403	0	5.3868	11.8788	0	23.9038	0.3142	0	19.3799	-7.4142	0
117	-9.4598	7.4541	0	-2.0782	-10.4070	0	5.6094	11.8032	0	23.7761	0.3266	0	19.3503	-7.2365	0
118	-9.6443	7.5942	0	-2.1377	-10.2691	0	5.8923	11.4926	0	23.5376	0.5281	0	19.3737	-7.1507	0
119	-9.7467	7.5800	0	-2.0072	-10.4037	0	5.9846	11.5527	0	23.3177	0.6804	0	19.4305	-7.2676	0
120	-9.9437	7.5864	0	-1.8642	-10.4275	0	6.0340	11.8365	0	23.2343	0.8047	0	19.2175	-7.2077	0
121	-9.8569	7.6581	0	-1.8954	-10.3569	0	6.0097	11.5968	0	23.3769	0.8367	0	19.1121	-7.0534	0
122	-9.7323	7.7743	0	-2.1637	-10.3338	0	6.1041	11.2812	0	22.9342	0.9602	0	19.0083	-7.2426	0
123	-9.9032	7.8413	0	-2.0546	-10.4125	0	6.0889	11.2622	0	22.8744	0.8980	0	19.1949	-7.2284	0
124	-9.7058	7.7889	0	-1.9463	-10.4038	0	6.2715	11.2048	0	23.0020	0.6362	0	19.2699	-7.0838	0
125	-9.3991	7.7278	0	-1.5810	-10.4847	0	6.6072	11.1509	0	23.0826	0.8524	0	19.4301	-7.1359	0
126	-9.3992	7.8086	0	-1.3922	-10.5761	0	6.6020	11.1971	0	22.9432	0.7406	0	19.3597	-7.3541	0
127	-9.5494	7.7238	0	-1.5613	-10.8425	0	6.7102	11.1390	0	22.9790	0.9013	0	19.2373	-7.0779	0
128	-9.3065	7.8315	0	-1.7383	-11.0084	0	6.7018	11.2594	0	22.9962	0.9689	0	19.1458	-6.9314	0
129	-9.2964	7.7233	0	-2.0418	-10.9263	0	6.7615	11.2741	0	22.7170	0.8410	0	19.0294	-6.9372	0
130	-9.1432	7.6455	0	-1.9582	-11.1575	0	6.9190	11.3779	0	22.6893	0.7020	0	18.8140	-6.7046	0
131	-8.9941	7.6793	0	-1.6657	-10.9178	0	7.0443	11.3262	0	22.4077	0.7524	0	18.5396	-6.4385	0
132	-8.8292	7.4953	0	-1.6818	-11.0845	0	6.9048	11.3423	0	22.2832	0.6449	0	18.6023	-6.3889	0
133	-8.4881	7.3241	0	-1.5824	-10.9745	0	6.7791	11.4735	0	22.3582	0.7011	0	18.4347	-6.4632	0
134	-8.1505	7.2710	0	-1.7794	-11.0732	0	6.4117	11.4018	0	22.4025	0.7223	0	18.7922	-6.5870	0
135	-8.1915	7.1944	0	-1.7918	-11.5493	0	6.3619	11.8717	0	22.2101	0.8514	0	18.9007	-6.5729	0
136	-7.9483	6.9647	0	-1.7854	-11.4846	0	6.4068	12.0017	0	22.4293	0.7237	0	19.0478	-6.6239	0
137	-8.1341	7.2241	0	-1.6246	-11.4362	0	6.3581	12.2111	0	22.3751	0.5828	0	18.9357	-6.5642	0
138	-8.1668	7.2713	0	-1.8333	-11.5215	0	6.4212	12.2344	0	22.3084	0.7495	0	18.7890	-6.6444	0
139	-8.2183	7.2067	0	-1.7885	-11.4674	0	6.3262	12.3049	0	22.0121	0.9307	0	18.8479	-6.6446	0
140	-8.3517	7.3365	0	-1.7118	-11.2789	0	6.4830	12.5443	0	21.8625	0.6608	0	18.8874	-6.3644	0
141	-8.9266	7.0709	0	-1.7455	-11.3498	0	6.5943	12.6815	0	21.8271	0.6543	0	18.7433	-6.4224	0
142	-9.0137	6.9606	0	-1.6108	-11.5437	0	6.5814	12.5587	0	21.8401	0.5723	0	18.6892	-6.4318	0
143	-9.2207	7.1851	0	-1.6160	-11.6709	0	6.5063	12.7841	0	21.8096	0.4856	0	18.6224	-6.4164	0
144	-9.3126	7.4047	0	-1.5080	-11.5018	0	6.3195	12.8097	0	21.8924	0.6082	0	18.5775	-6.5133	0
145	-9.4826	7.5147	0	-1.4265	-11.5238	0	6.1097	12.6956	0	21.6684	0.8461	0	18.6928	-6.6660	0
146	-9.4804	7.6026	0	-1.2463	-11.7398	0	6.1039	12.8544	0	21.5308	0.5848	0	18.6700	-6.6622	0
147	-9.5749	7.9875	0	-1.2219	-11.9975	0	5.9606	12.8382	0	21.9376	0.6131	0	18.6520	-6.6770	0
148	-9.6212	7.7445	0	-1.1723	-12.1600	0	6.1470	12.5525	0	21.7691	0.3956	0	18.9342	-6.8865	0
149	-9.2992	7.7309	0	-1.0681	-12.1208	0	6.1637	12.6565	0	21.8134	0.3686	0	18.9073	-6.8491	0
150	-9.3843	7.7710	0	-0.8579	-12.3840	0	6.0757	12.5621	0	21.9359	0.3358	0	19.0572	-6.7883	0
151	-9.2516	7.6317	0	-0.6336	-12.4580	0	6.1435	12.6355	0	22.0151	-0.0697	0	19.0377	-6.8683	0
152	-9.2033	7.8946	0	-0.4734	-12.3934	0	6.2137	12.7088	0	21.8301	-0.0121	0	19.1597	-6.9212	0
153	-9.1501	7.7871	0	-0.5675	-12.3411	0	6.1597	12.5605	0	21.7569	0.2056	0	19.1738	-6.8484	0
154	-9.0253	7.6447	0	-0.6824	-12.4603	0	6.3658	12.4333	0	21.7454	-0.2465	0	19.5572	-6.7385	0
155	-8.9118	7.6200	0	-0.7756	-12.5479	0	6.3995	12.5286	0	21.5527	-0.4638	0	19.6799	-6.7008	0
156	-8.8737	7.5832	0	-1.1447	-12.4161	0	6.4039	12.4759	0	21.3775	-0.5927	0	19.5564	-6.8550	0
157	-8.6410	7.6255	0	-1.3580	-11.9247	0	6.1384	12.5553	0	21.2670	-0.7601	0	19.7152	-6.7113	0
158	-8.4129	7.4776	0	-1.0366	-12.2939	0	6.0886	12.5786	0	21.2330	-0.7440	0	19.7594	-6.4207	0
159	-8.5159	7.8574	0	-1.2448	-12.1565	0	6.2442	12.4869	0	21.2599	-0.8025	0	19.6233	-6.4622	0
160	-8.4776	8.1720	0	-1.3324	-12.0960	0	6.2289	12.5723	0	21.0877	-0.9426	0	19.4073	-6.6357	0
161	-8.7354	8.5103	0	-1.1916	-12.2044	0	6.4191	12.7221	0	21.0038	-0.7891	0	19.5486	-6.4808	0
162	-8.5214	8.5953	0	-1.1972	-12.1871	0	6.7775	12.9075	0	20.9636	-0.6732	0	19.5922	-6.5953	0
163	-8.4122	8.6255	0	-1.3707	-12.3794	0	6.8070	12.8640	0	20.9063	-1.0900	0	19.5845	-6.7563	0
164	-8.5104	8.7147	0	-1.6325	-12.6596	0	7.0366	12.8828	0	20.9198	-0.9460	0	19.5777	-6.7799	0
165	-8.4937	8.9699	0	-1.7541	-12.5908	0	7.2585	13.1113	0	21.1607	-0.7045	0	19.4786	-6.4790	0
166	-8.6407	8.7058	0	-1.7466	-12.6935	0	7.3340	12.8518	0	21.0856	-0.7557	0	19.5852	-6.6863	0
167	-8.8172	8.6212	0	-1.6584	-12.6689	0	7.3399	12.8488	0	21.0029	-0.9381	0	19.8446	-6.7762	0
168	-8.7956	8.7402	0	-1.6981	-12.4507	0	7.1191	12.9273	0	21.0951	-0.8232	0	20.0454	-6.8280	0
169	-8.9386	8.9100	0	-1.8101	-12.6046	0	7.2802	13.1550	0	21.2796	-0.6899	0	20.0579	-6.7653	0
170	-8.9438	8.7855	0	-1.8173	-12.6395	0	7.2478	13.0358	0	21.4742	-0.7545	0	19.8870	-6.6740	0
171	-9.0659	8.3448	0	-2.0352	-12.1657	0	7.6081	12.9959	0	21.4585	-0.6896	0	19.7404	-6.5501	0
172	-9.0399	8.1603	0	-1.8849	-12.0685	0	7.5950	12.8843	0	21.7999	-0.4705	0	19.9310	-6.4989	0
173	-9.2254	8.1409	0	-1.8577	-12.0848	0	7.7175	12.6248	0	21.8777	-0.4923	0	20.0461	-6.2333	0
174	-9.2682	8.2173	0	-1.8110	-12.1971	0	7.8318	12.7248	0	21.6192	-0.4835	0	20.0515	-6.0262	0
175	-9.2431	8.2104	0	-1.9405	-12.0804	0	7.7060	12.5519	0	21.5453	-0.4250	0	19.8173	-5.8966	0
176	-9.1314	8.3407	0	-1.9798	-12.0343	0	7.6824	12.6401	0	21.6429	-0.4677	0	19.5084	-6.1466	0
177	-9.0709	7.9420	0	-1.9050	-12.0953	0	7.7950	12.5308	0	21.7907	-0.5394	0	19.5342	-6.4938	0
178	-8.9544	8.0938	0	-1.8703	-11.8000	0	7.7380	12.5509	0	21.8061	-0.2352	0	19.6731	-6.2937	0
179	-9.0240	7.9404	0	-1.8729	-11.6511	0	7.6809	12.7848	0	21.7787	-0.1505	0	19.7719	-5.9801	0
180	-9.1292	8.0522	0	-1.6498	-11.6031	0	7.4850	12.8251	0	21.7914	-0.0708	0	19.8631	-6.0803	0
181	-9.0752	7.9809	0	-1.7064	-11.5735	0	7.6050	12.5148	0	21.7498	-0.2708	0	20.0075	-6.2837	0
182	-8.7619	7.9474	0	-1.5180	-11.2497	0	7.6396	12.5840	0	21.6928	0.0078	0	20.0030	-6.0151	0
183	-8.7617	8.2796	0	-1.6143	-11.2511	0	7.9370	12.7163	0	21.9060	-0.0004	0	19.7265	-6.0567	0
184	-8.9506	8.6832	0	-1.8571	-11.4033	0	7.8885	12.7706	0	21.6970	0.0239	0	19.6609	-6.3912	0
185	-9.0294	8.6702	0	-2.0220	-11.5322	0	7.6865	12.6619	0	21.6412	0.0156	0	19.6155	-6.1294	0
186	-8.8349	8.6899	0	-1.7905	-11.8513	0	7.4937	12.4336	0	21.7668	0.2528	0	19.7306	-6.1421	0
187	-8.5651	8.5291	0	-2.1067	-11.8312	0	7.5475	12.2879	0	21.8694	0.4191	0	19.8610	-6.5133	0
188	-8.6206	8.4768	0	-2.2151	-11.8671	0	7.6517	12.1281	0	21.6314	0.5209	0	19.9527	-6.8779	0
189	-8.6223	8.7473	0	-2.4056	-11.5781	0	7.5853	12.1957	0	21.6218	0.3933	0	19.8301	-6.8782	0
190	-8.6484	8.8800	0	-2.3801	-11.7739	0	7.9004	12.0862	0	21.5634	0.2077	0	20.1084	-6.4813	0
191	-8.6311	8.9234	0	-2.2124	-11.7487	0	8.1050	12.0317	0	21.6667	0.3773	0	20.0532	-6.5680	0
192	-8.6638	8.5807	0	-2.1854	-11.8782	0	8.1119	11.8389	0	21.7101	0.1169	0	20.2410	-6.7602	0
193	-8.8458	8.6958	0	-2.0028	-11.7983	0	8.0589	11.6413	0	21.6615	0.7149	0	20.0812	-6.6439	0
194	-9.0928	9.0012	0	-2.1384	-11.6413	0	8.2174	11.7986	0	21.5079	0.8984	0	20.1220	-6.6676	0
195	-9.0396	9.2782	0	-2.2909	-11.8762	0	8.0850	11.6027	0	21.5562	0.6797	0	20.0414	-6.6833	0
196	-9.1788	9.0890	0	-2.1889	-11.8776	0	8.0775	11.4787	0	21.6530	0.5915	0	19.9960	-6.7781	0
197	-9.1446	9.4611	0	-2.0620	-11.7127	0	8.0442	11.5585	0	21.9073	0.6740	0	20.2427	-6.7137	0
198	-9.0480	9.3778	0	-2.2169	-11.9020	0	8.2521	11.2971	0	21.9864	0.6814	0	20.2409	-6.6657	0
199	-9.1550	9.0962	0	-2.0830	-12.3676	0	8.4438	11.0590	0	22.0406	0.9221	0	20.3243	-6.6413	0
200	-9.2453	8.9717	0	-2.1893	-12.3020	0	8.2237	10.8712	0	22.0987	1.2590	0	19.9597	-6.4593	0
201	-8.9766	8.9524	0	-2.1709	-12.0308	0	8.5048	10.9637	0	22.0280	1.2907	0	20.0446	-6.7365	0
202	-8.9596	8.9548	0	-2.0765	-12.2750	0	8.5796	10.8439	0	22.1867	1.0516	0	20.0666	-6.7413	0
203	-8.8598	8.6768	0	-1.9488	-12.1380	0	8.5163	10.9264	0	22.2571	1.1033	0	20.2930	-6.6908	0
204	-8.7896	8.8905	0	-1.9146	-11.8700	0	8.5444	11.0977	0	22.2518	1.1917	0	20.2164	-6.6772	0
205	-8.9629	9.1771	0	-1.9503	-12.2289	0	8.8104	10.9289	0	22.2379	1.3376	0	20.2598	-6.9545	0
206	-9.1139	9.0258	0	-2.0434	-12.2814	0	8.8644	10.8606	0	22.3989	1.8206	0	20.6518	-6.8215	0
207	-9.1685	9.1615	0	-1.7839	-12.1691	0	9.1279	10.8609	0	22.2687	1.3463	0	20.5123	-6.7832	0
208	-9.0609	9.7821	0	-1.9112	-11.9648	0	9.0783	10.7863	0	22.2369	1.2302	0	20.6340	-6.7727	0
209	-9.1877	9.5964	0	-1.7940	-12.2257	0	9.4017	10.3609	0	22.2856	1.1970	0	20.6254	-6.4538	0
210	-9.6056	9.4877	0	-2.1990	-11.8024	0	9.5312	10.5384	0	22.3028	1.0476	0	20.6927	-6.4441	0
211	-9.7352	9.5916	0	-2.1637	-11.9223	0	9.4493	10.5240	0	22.2105	1.0925	0	20.6286	-6.5221	0
212	-9.7508	9.7198	0	-2.5153	-11.9873	0	9.3484	10.0881	0	22.0108	1.0290	0	20.6179	-6.7037	0
213	-9.7864	9.5962	0	-2.3526	-11.7592	0	9.1925	10.2699	0	22.0587	0.7115	0	20.3517	-6.9689	0
214	-9.7044	9.8901	0	-2.5305	-11.9831	0	9.0974	10.2917	0	21.9093	0.5027	0	20.2170	-7.1656	0
215	-9.5948	9.7445	0	-2.7958	-12.1015	0	9.3461	10.2337	0	22.0254	0.6131	0	19.9979	-7.0964	0
216	-9.6013	9.8422	0	-2.8183	-11.8712	0	9.2489	9.9277	0	22.1713	0.5434	0	20.0455	-7.0719	0
217	-9.2570	10.1687	0	-3.0522	-12.1297	0	9.2838	9.8795	0	22.1656	0.5059	0	19.8899	-7.2262	0
218	-9.2513	10.2121	0	-2.6920	-12.3258	0	9.1881	9.4674	0	22.3642	0.6818	0	19.9991	-7.3499	0
219	-9.3398	9.8599	0	-2.7486	-12.3368	0	9.0905	9.6786	0	22.1541	0.6134	0	20.0467	-7.3649	0
220	-9.5095	10.1557	0	-2.6630	-12.2602	0	8.8786	9.8354	0	22.0204	0.3876	0	20.0055	-7.7398	0
221	-9.2906	10.1308	0	-2.7326	-12.4504	0	8.8006	9.8351	0	22.1163	0.4501	0	19.8259	-7.8613	0
222	-9.2162	10.0230	0	-2.7106	-12.3913	0	8.8996	9.7972	0	22.2976	0.3662	0	19.8677	-7.5460	0
223	-9.0244	10.1361	0	-2.5731	-12.6057	0	8.8120	9.6815	0	22.3482	0.3566	0	19.9516	-7.5681	0
224	-8.6902	10.0615	0	-2.7655	-12.7011	0	8.5521	9.5613	0	22.4192	0.6592	0	19.7321	-7.3774	0
225	-8.8121	10.1829	0	-3.1090	-12.8686	0	8.5379	9.7673	0	22.6181	0.8304	0	19.7339	-7.6731	0
226	-8.5084	10.2659	0	-3.3001	-12.9434	0	8.7100	10.0250	0	22.6375	0.5258	0	19.7180	-7.9567	0
227	-8.3557	10.1161	0	-3.2344	-13.0787	0	8.7353	9.7364	0	22.7078	0.8318	0	19.9378	-7.6425	0
228	-8.3045	9.9515	0	-3.1834	-13.2740	0	8.5782	10.0964	0	22.7818	0.9297	0	19.9159	-7.6753	0
229	-8.3523	9.8539	0	-3.3420	-13.4522	0	8.5670	10.2191	0	22.9712	0.9886	0	19.9245	-7.8406	0
230	-8.4568	9.9512	0	-3.3541	-13.5020	0	8.2810	10.1738	0	22.5513	1.1162	0			
231	-8.4579	9.8121	0	-2.9786	-13.3321	0	8.3397	10.2500	0						
232	-8.4006	9.7174	0	-2.8824	-13.5960	0	8.1317	9.9915	0						
233	-8.5566	9.6556	0	-2.8520	-13.5356	0	8.2537	9.9515	0						
234	-8.6089	9.7182	0	-2.6555	-13.2812	0	8.4698	9.6588	0						
235	-8.8236	9.5583	0	-2.5854	-13.2755	0									
236	-9.0627	9.5899	0	-2.5794	-13.4040	0									
237	-8.8095	9.6571	0	-2.2731	-13.4467	0									
238	-8.7205	9.7932	0												
