Frame	X3	Y3	Flag3	X4	Y4	Flag4	X5	Y5	Flag5	X6	Y6	Flag6	X7	Y7	Flag7	X10	Y10	Flag10	X13	Y13	Flag13	X14	Y14	Flag14	X17	Y17	Flag17	X18	Y18	Flag18	X2	Y2	Flag2	X9	Y9	Flag9	X12	Y12	Flag12	X16	Y16	Flag16	X20	Y20	Flag20	X21	Y21	Flag21	X1	Y1	Flag1	X8	Y8	Flag8	X11	Y11	Flag11	X15	Y15	Flag15	X19	Y19	Flag19
1	21.6436	169.7730	0	102.3959	179.7723	0	336.0233	221.8625	0	277.3153	285.4132	0	874.8027	417.4827	0	393.1745	510.6075	0	641.8720	592.6034	0	512.5443	686.0558	0	429.3429	722.2148	0	605.3831	839.9592	0	1138.3263	455.3731	0	1246.6549	532.4646	0	1286.1135	715.2356	0	709.1947	924.1399	0	1270.4231	0.6538	0	1266.0000	0.5000	0	1266.5000	0.5000	0	1135.8058	452.2220	0	1241.8275	534.2015	0	1285.2955	717.0781	0	698.6808	928.6884	0
2	21.9465	169.3984	0	102.4019	179.3860	0	335.2505	221.1370	0	277.3757	285.2626	0	875.6011	417.4140	0	393.4213	510.1335	0	642.0886	592.1909	0	512.9213	686.2501	0	430.0038	721.6971	0	605.1046	840.0918	0	1137.4762	455.4836	0	1247.0411	532.5000	0	1285.3729	715.2904	0	708.9062	924.3254	0	1268.9231	0.9231	0	1265.5000	0.5000	0	1266.5000	0.5000	0	1135.7089	452.0774	0	1241.5168	534.6453	0	1285.6590	717.4601	0	698.4514	927.8536	0
3	22.3264	168.4810	0	102.7862	179.2364	0	335.6220	220.4590	0	277.5136	285.0161	0	875.7732	417.1579	0	393.0082	509.6520	0	642.1808	591.6147	0	512.6702	686.2244	0	430.4575	720.7354	0	604.5842	840.4986	0	1137.1221	455.5946	0	1247.6070	532.7747	0	1285.4427	716.0797	0	709.1439	924.3907	0	1270.0714	0.8333	0	1267.5000	0.5000	0	1268.5000	0.5000	0	1135.0111	452.1987	0	1241.2441	533.5292	0	1285.0594	717.2817	0	699.0375	928.1868	0
4	21.6196	167.7372	0	102.3119	179.1590	0	336.1329	220.7132	0	277.4706	284.7565	0	875.0305	416.0435	0	393.7769	509.2996	0	642.2169	591.1613	0	512.4227	685.7731	0	430.7471	720.3887	0	604.8746	840.2851	0	1136.9613	455.3379	0	1246.8247	534.1490	0	1285.7009	716.0900	0	709.8774	924.2521	0	1269.6852	0.8704	0	1266.6936	0.8871	0	1268.5000	0.5000	0	1135.1876	452.6461	0	1241.0872	532.8960	0	1284.9945	717.0350	0	698.8423	927.0020	0
5	21.6442	167.1743	0	102.3656	179.4466	0	336.4044	221.2348	0	277.5619	284.5680	0	875.0136	415.7812	0	395.2830	508.4050	0	643.4161	591.2418	0	513.1205	685.2095	0	431.7060	720.1166	0	605.4384	840.4346	0	1136.2048	455.3439	0	1245.3489	534.7635	0	1285.9060	716.8488	0	710.1274	923.5660	0	1269.1800	0.8600	0	1267.3148	0.8704	0	1269.5526	0.8158	0	1136.2936	453.1164	0	1242.6396	532.7031	0	1285.4076	716.8053	0	699.7198	925.8326	0
6	21.4455	167.9073	0	102.0268	180.3775	0	336.1551	221.2162	0	277.4572	284.9632	0	875.2398	416.3459	0	393.9986	508.4345	0	643.5540	591.8478	0	513.9758	685.2660	0	431.5452	720.5113	0	604.1100	841.0585	0	1136.9844	454.5387	0	1245.9164	534.5124	0	1286.1786	717.3618	0	710.6949	922.8323	0	1270.4762	1.2143	0	1267.5000	0.8500	0	1268.1207	0.9138	0	1135.9573	453.7260	0	1242.3992	532.6277	0	1284.9042	717.0012	0	700.0886	926.0900	0
7	21.2806	167.5406	0	101.4413	180.9233	0	336.5462	220.8721	0	277.3687	285.0967	0	875.6805	416.5747	0	393.7592	508.5261	0	644.1723	591.9225	0	514.4295	685.1726	0	431.5986	721.3534	0	604.3774	840.9667	0	1136.6228	454.0987	0	1245.9240	534.3746	0	1284.6401	717.5674	0	710.6877	922.4371	0	1269.8600	1.7400	0	1267.7609	1.2174	0	1268.4539	1.5615	0	1136.0432	454.0800	0	1241.9493	533.4027	0	1285.5657	717.2275	0	701.5746	925.8721	0
8	20.6852	167.2735	0	100.0290	180.8795	0	337.6010	220.7555	0	277.3956	285.1811	0	875.5434	416.5796	0	393.6892	509.1684	0	643.8068	592.5536	0	514.0210	685.3643	0	431.4647	722.5932	0	604.9360	841.9123	0	1137.5963	454.5283	0	1246.6251	534.5156	0	1285.4502	717.8730	0	711.8420	922.6990	0	1270.5461	1.5462	0	1267.7632	1.6974	0	1267.3710	1.5000	0	1136.2416	455.2999	0	1242.3073	533.9658	0	1286.2351	717.5018	0	701.8391	926.3771	0
9	20.4544	167.6374	0	99.8620	180.4563	0	337.4774	221.2617	0	277.4638	285.0602	0	876.1270	416.8227	0	392.8790	509.5189	0	643.4137	592.9312	0	514.0652	685.1864	0	431.9122	722.9232	0	605.0921	841.9974	0	1138.0688	454.6437	0	1246.9159	535.2109	0	1285.4702	717.8936	0	712.6739	923.4692	0	1270.1666	1.2708	0	1266.5952	1.7738	0	1267.2273	1.4636	0	1136.8475	455.3293	0	1242.7892	534.5763	0	1287.1377	717.8935	0	702.3392	925.8629	0
10	20.6829	167.4513	0	100.4900	179.7040	0	337.8344	219.8729	0	277.5056	284.8712	0	876.8982	416.8014	0	392.4850	509.8159	0	642.6429	592.6765	0	514.1616	685.2360	0	431.4295	722.0555	0	605.5254	841.4868	0	1137.7428	454.6198	0	1246.9912	535.4339	0	1285.0099	718.5694	0	712.5233	924.2447	0	1270.2937	1.5317	0	1265.2474	2.0051	0	1267.4592	1.2959	0	1137.2241	455.6140	0	1242.9248	534.6261	0	1286.9082	718.0886	0	703.5658	925.2438	0
11	20.6939	166.7645	0	100.5068	179.1772	0	337.4039	218.6484	0	277.5331	284.8770	0	877.2677	416.7921	0	391.7916	509.9760	0	642.4605	592.1664	0	513.3024	685.4617	0	429.9082	721.5784	0	604.9569	841.9083	0	1138.0010	454.2355	0	1247.5995	535.3588	0	1285.3270	719.6074	0	712.4207	924.9901	0	1270.2709	1.2292	0	1264.6560	2.1147	0	1267.3298	1.2447	0	1137.3040	455.8460	0	1242.8163	534.5032	0	1286.5120	717.7746	0	702.7254	924.7446	0
12	20.8260	166.4413	0	100.6354	179.3174	0	337.8161	218.8133	0	277.5019	284.8324	0	877.2123	417.1475	0	391.6448	510.4426	0	643.1226	591.7355	0	513.7158	686.1571	0	430.7311	721.3056	0	605.1695	842.7258	0	1137.8335	454.5274	0	1247.2559	535.4295	0	1285.0980	719.6950	0	711.6897	924.0903	0	1270.5000	1.5909	0	1264.5865	2.1250	0	1267.5728	1.3545	0	1137.6174	456.1957	0	1243.4592	534.6464	0	1286.8219	717.9264	0	703.0229	924.8169	0
13	20.5473	165.7580	0	100.4592	179.3958	0	337.5666	219.9778	0	277.4195	285.0002	0	876.3861	417.5754	0	390.8060	510.9092	0	642.6447	591.4535	0	512.9382	686.0951	0	431.0666	721.9606	0	604.7026	842.8826	0	1138.5741	454.4089	0	1247.4738	535.6172	0	1285.5060	719.0928	0	711.3624	923.6505	0	1270.0823	1.7278	0	1264.5900	2.0700	0	1267.6200	1.3200	0	1137.3029	456.2673	0	1243.1187	534.8410	0	1286.4095	718.3502	0	702.4754	924.9081	0
14	20.9737	165.5496	0	100.8005	179.4483	0	337.7067	219.7213	0	277.3801	285.0833	0	875.3472	417.6860	0	390.3233	511.0739	0	642.2562	591.7155	0	512.8647	686.0468	0	431.4665	721.8022	0	604.9957	842.3914	0	1138.9712	454.1047	0	1247.6886	535.7532	0	1285.5054	719.1581	0	709.6903	924.6057	0	1269.6714	1.6000	0	1264.8396	2.1038	0	1268.0094	1.3491	0	1137.3275	455.8168	0	1243.8867	533.8090	0	1286.5961	718.1028	0	703.3151	924.8035	0
15	20.9252	165.3311	0	101.0802	178.8930	0	337.5784	219.7433	0	277.4263	285.0667	0	875.3938	417.7862	0	390.1402	511.7259	0	641.4878	591.9451	0	512.8826	685.5818	0	431.0828	721.8882	0	604.9715	841.7004	0	1139.0040	454.1320	0	1247.2712	535.7899	0	1285.6073	719.3348	0	709.4173	926.0321	0	1270.7363	1.3182	0	1263.9337	1.8012	0	1267.3000	1.3909	0	1137.1719	455.8979	0	1243.7280	534.0599	0	1286.4167	718.3001	0	704.9063	925.2112	0
16	20.9549	165.4915	0	100.6308	178.4109	0	337.1590	219.2822	0	277.4231	284.9445	0	875.6452	417.5533	0	390.3128	511.5072	0	640.5287	592.7053	0	513.0596	685.1687	0	431.3509	720.9501	0	604.7004	840.8984	0	1139.1590	454.0979	0	1247.2885	535.7777	0	1285.9167	719.2608	0	709.7963	926.9704	0	1271.6887	1.3868	0	1264.3695	1.9239	0	1266.6754	1.3772	0	1136.8032	455.7814	0	1244.1624	534.1021	0	1286.1431	718.4845	0	705.4842	925.0803	0
17	21.0946	165.4540	0	100.5615	178.0745	0	337.8070	219.0607	0	277.4190	284.8487	0	875.8771	417.4638	0	390.2286	510.8845	0	640.6583	592.2481	0	512.5070	685.1562	0	431.0290	721.2624	0	605.1094	840.0467	0	1140.1058	454.4114	0	1247.6835	536.8032	0	1285.9371	720.2260	0	709.8181	927.5543	0	1271.8729	1.3475	0	1263.9019	2.1262	0	1267.7632	1.4298	0	1136.6432	455.3104	0	1244.2643	533.7031	0	1286.1055	719.3114	0	704.6372	924.4069	0
18	21.5631	165.3680	0	99.7159	179.1609	0	338.1498	219.3324	0	277.4530	285.0144	0	875.3381	417.6489	0	389.0608	510.9918	0	639.9515	591.9520	0	512.2162	686.0399	0	430.2534	721.0461	0	604.2929	840.1412	0	1140.7715	454.1794	0	1247.6912	537.6519	0	1286.3243	720.5284	0	709.8863	926.8399	0	1271.6923	1.7179	0	1264.3016	2.2857	0	1267.7000	1.6143	0	1136.2816	455.4938	0	1244.4400	533.7199	0	1285.4580	720.2612	0	703.8628	923.9857	0
19	21.4525	165.8057	0	99.5593	179.5310	0	337.8434	219.5589	0	277.3863	285.0529	0	875.6816	416.7638	0	389.2908	511.0026	0	640.8425	591.9309	0	511.8651	686.0237	0	429.8796	720.7607	0	605.1808	840.6042	0	1140.5142	454.5248	0	1248.2736	537.1022	0	1285.4015	719.9108	0	710.1556	926.0054	0	1272.3062	2.0306	0	1263.7797	2.5280	0	1267.0616	1.6644	0	1136.6581	455.3546	0	1244.4222	533.5224	0	1285.0708	720.2682	0	704.7256	923.8718	0
20	21.2151	165.5798	0	99.4359	179.4350	0	337.5141	220.3135	0	277.4316	285.0344	0	875.8813	416.6418	0	389.5660	511.1005	0	641.5922	592.0450	0	511.4842	686.1366	0	429.3683	721.3470	0	605.5975	840.6391	0	1140.8013	455.0851	0	1248.6244	537.0910	0	1285.4193	719.5353	0	711.2557	925.0742	0	1272.0638	1.9468	0	1264.3334	2.5933	0	1266.9166	1.4833	0	1136.4009	455.2540	0	1243.6177	532.8672	0	1285.1660	720.0977	0	704.8686	924.1538	0
21	20.8130	165.5100	0	100.1076	179.2620	0	337.7520	220.5225	0	277.4501	285.0315	0	876.5093	416.4780	0	389.7147	510.4232	0	641.8884	592.8876	0	511.2278	686.1234	0	429.4869	721.5167	0	605.2893	840.7070	0	1140.8080	455.0525	0	1248.7954	537.4789	0	1285.6729	719.6415	0	710.9905	925.0644	0	1271.8882	1.7235	0	1264.3345	2.5621	0	1265.6364	1.5758	0	1136.6215	454.8938	0	1243.6229	532.8738	0	1284.6248	719.6679	0	705.9289	923.7252	0
22	20.9983	164.9540	0	100.8600	178.6862	0	337.8422	220.4555	0	277.4898	284.9525	0	877.4957	416.3294	0	389.8890	509.9541	0	641.6442	592.7643	0	510.9626	685.1309	0	429.7970	721.0629	0	605.4551	840.6848	0	1140.2118	454.8699	0	1247.8407	538.2006	0	1285.7268	720.6695	0	710.7974	926.2587	0	1272.3620	1.8103	0	1264.6280	2.3320	0	1265.6466	1.6867	0	1136.7253	455.0213	0	1244.0286	533.0936	0	1284.7390	719.0048	0	705.9403	923.1334	0
23	21.0889	164.8381	0	100.7158	178.8009	0	337.1788	221.3385	0	277.4856	284.9468	0	877.2637	416.1186	0	390.3219	510.1870	0	641.1809	592.5466	0	510.0266	685.1843	0	429.4761	720.5690	0	606.1624	840.0236	0	1140.3207	455.0389	0	1248.1517	538.8813	0	1286.1099	721.2276	0	711.4326	927.2581	0	1272.2875	1.7375	0	1264.9122	2.1579	0	1265.5510	2.0204	0	1135.7374	454.6659	0	1243.5424	532.9735	0	1285.1143	719.0216	0	706.8044	923.3936	0
24	20.5912	165.4007	0	100.3152	178.9112	0	336.5635	221.4341	0	277.4189	284.8728	0	877.6085	416.6291	0	390.4919	509.6611	0	640.7764	592.5048	0	509.4755	685.0113	0	429.2818	719.5814	0	606.1976	839.8556	0	1140.2898	455.5273	0	1248.6979	539.0023	0	1285.7701	721.6681	0	711.2407	927.8439	0	1271.4395	1.5758	0	1266.0847	2.2712	0	1265.3727	2.0909	0	1136.0542	454.3609	0	1243.2756	532.4083	0	1285.2689	719.4454	0	706.7328	923.2423	0
25	20.4426	165.9685	0	100.1000	179.1784	0	335.7902	221.3608	0	277.4781	285.0147	0	877.7668	416.2251	0	390.7072	510.3710	0	640.9841	591.9082	0	509.9298	684.8961	0	429.8684	719.2346	0	607.3564	839.4868	0	1139.9860	455.7531	0	1247.9524	538.7321	0	1284.9098	722.3705	0	710.5480	927.7344	0	1271.5728	1.3545	0	1264.9810	2.4160	0	1265.6083	2.3250	0	1136.1581	454.7545	0	1242.9757	532.9424	0	1285.3875	719.7349	0	707.6279	923.2056	0
26	19.9501	167.1034	0	99.5751	180.1621	0	336.4038	221.5319	0	277.4413	285.1032	0	877.4850	415.2183	0	390.7032	511.0244	0	640.6854	592.5126	0	510.3273	685.6948	0	429.6556	719.2078	0	607.2833	839.7327	0	1140.1250	456.3183	0	1248.0825	538.7454	0	1284.7914	722.4693	0	711.2383	927.2413	0	1271.6731	1.3462	0	1266.0461	2.4385	0	1265.3165	2.1239	0	1136.0616	454.7721	0	1243.3463	533.5400	0	1285.0093	719.4833	0	708.2502	923.6788	0
27	19.9892	167.4541	0	99.5740	180.3442	0	336.8768	220.9976	0	277.4459	284.9958	0	877.6589	415.0107	0	390.7577	510.9483	0	641.2434	591.9098	0	511.3152	685.7629	0	430.3873	718.6708	0	608.1368	840.0530	0	1140.2039	456.5830	0	1247.5437	539.3075	0	1284.3550	722.4838	0	710.9260	926.5914	0	1272.5667	1.3000	0	1266.5074	2.4704	0	1266.0145	2.0631	0	1136.1571	454.9877	0	1243.9277	534.5129	0	1285.5785	719.0510	0	708.8503	923.3819	0
28	19.2778	167.7538	0	99.2371	181.0354	0	337.2285	221.1909	0	277.3988	285.1091	0	877.5488	415.2789	0	389.9871	510.9132	0	641.2549	591.8174	0	511.9866	685.7034	0	430.8127	718.9059	0	607.2225	840.4561	0	1140.7341	456.4037	0	1248.4286	539.4973	0	1284.5236	722.9921	0	711.0820	925.9506	0	1273.1000	1.2556	0	1266.6190	2.3254	0	1266.2646	2.0490	0	1135.6217	455.9848	0	1243.2240	534.4499	0	1285.3320	719.0867	0	707.9748	922.9322	0
29	19.5782	168.2225	0	99.1395	180.3035	0	337.2042	220.8727	0	277.3633	285.0147	0	878.0444	414.7342	0	390.1138	510.2070	0	641.3116	591.2730	0	512.7462	685.5363	0	430.5301	717.9362	0	607.3495	840.6468	0	1141.4965	456.0670	0	1247.7971	539.4493	0	1284.0654	722.7006	0	711.3104	926.3225	0	1272.4830	1.4322	0	1266.2802	2.5496	0	1265.9215	2.0490	0	1136.0631	455.9437	0	1243.8909	534.1414	0	1285.4510	718.6669	0	708.0324	923.5744	0
30	19.6940	167.9969	0	99.0409	180.4657	0	336.9472	220.8112	0	277.5200	284.8986	0	878.2272	413.9408	0	390.4381	510.7548	0	641.9172	591.7664	0	513.5240	685.0719	0	430.7941	717.9208	0	608.2064	840.6229	0	1142.0868	455.8230	0	1247.3391	539.9106	0	1283.3119	721.6006	0	711.3035	926.4368	0	1272.5385	1.2692	0	1266.2817	2.5423	0	1265.9090	2.1455	0	1135.5114	456.8284	0	1243.6882	533.6163	0	1285.4728	718.8225	0	708.0924	924.2546	0
31	19.7473	167.4103	0	98.7432	179.9966	0	336.7887	220.7981	0	277.4837	284.8398	0	878.4565	414.0517	0	390.2908	510.8138	0	641.5096	591.4830	0	514.1440	684.9882	0	430.7561	718.5270	0	608.4641	839.9457	0	1143.1875	456.1753	0	1247.1754	540.6259	0	1283.1581	720.9997	0	711.3484	926.4694	0	1273.5000	0.8929	0	1265.9962	2.4389	0	1265.6552	2.2414	0	1135.3096	456.6830	0	1243.7782	533.5802	0	1285.6416	719.2673	0	707.5825	924.2291	0
32	19.9283	166.8433	0	98.7418	179.7432	0	337.0467	220.2509	0	277.4638	284.8502	0	878.8152	414.1024	0	390.4701	511.1635	0	641.8664	592.4711	0	513.9614	685.0761	0	431.3259	718.6458	0	609.5411	839.6096	0	1142.7538	456.6483	0	1246.7520	541.4340	0	1283.3717	721.0041	0	710.5026	927.1642	0	1272.9231	0.9231	0	1265.4648	2.5423	0	1266.2767	2.1019	0	1135.6262	456.2265	0	1243.2113	533.7388	0	1286.1284	718.8215	0	707.2957	924.8394	0
33	19.6780	167.0694	0	98.6863	180.2269	0	337.4222	220.5615	0	277.3425	285.1500	0	878.5824	414.5464	0	390.6421	511.8701	0	641.3417	592.8313	0	513.7614	685.4390	0	430.1841	719.2977	0	609.4877	840.9688	0	1142.4598	456.2828	0	1246.8427	541.5270	0	1283.3599	720.9799	0	711.2112	926.6957	0	1273.8200	0.8600	0	1264.5258	2.6806	0	1265.5667	2.0810	0	1135.1964	457.1260	0	1242.8036	533.8630	0	1284.7242	718.7305	0	707.6108	924.7996	0
34	19.3202	167.0126	0	98.2771	180.4008	0	337.9472	220.2224	0	277.3431	285.1378	0	878.8102	414.5630	0	391.0533	512.3441	0	641.3298	592.7917	0	513.7847	686.1676	0	430.6033	719.7147	0	609.1196	841.3027	0	1141.3608	456.5808	0	1246.8073	541.4385	0	1283.5972	721.3876	0	710.8866	926.7294	0	1273.1744	1.2209	0	1264.5687	2.4084	0	1266.1814	2.1460	0	1136.1184	456.4169	0	1243.4069	533.9207	0	1285.1277	718.4821	0	708.9285	924.1867	0
35	19.0182	168.1941	0	97.8629	180.2860	0	337.7097	219.5492	0	277.4404	285.0992	0	878.4436	414.3059	0	390.7646	512.8172	0	640.8740	593.1173	0	513.2669	686.0185	0	430.5292	719.4488	0	608.9124	840.8682	0	1142.1293	457.0930	0	1247.5600	542.3312	0	1283.5310	720.7484	0	710.4431	926.5444	0	1273.2433	1.6757	0	1264.5143	2.5429	0	1265.3031	2.3819	0	1136.0602	456.6101	0	1244.0953	533.8038	0	1285.2483	717.8987	0	709.0489	924.1012	0
36	19.1561	168.3975	0	97.6620	179.3994	0	337.9424	219.5000	0	277.4179	284.9662	0	878.1901	413.6218	0	390.5301	512.1964	0	640.9791	593.1165	0	513.3389	685.4853	0	430.6259	718.9510	0	608.6199	840.9941	0	1142.6480	457.7934	0	1248.3716	542.7197	0	1283.2998	720.3237	0	709.6735	925.9580	0	1272.5667	1.6333	0	1263.8820	2.5625	0	1265.7017	2.3235	0	1135.7028	456.2886	0	1244.6755	533.5092	0	1285.2341	718.1742	0	709.4260	923.6044	0
37	19.0024	168.6924	0	97.5105	179.9632	0	337.2760	219.3177	0	277.4557	284.8813	0	878.2436	413.0719	0	391.6604	511.6873	0	640.2817	592.9921	0	513.0069	685.4778	0	430.5879	719.4405	0	607.1465	841.0702	0	1142.5853	457.5256	0	1248.7040	541.7373	0	1283.2850	720.4464	0	709.9119	925.8801	0	1273.0581	1.2674	0	1263.6687	2.7750	0	1265.8966	2.1983	0	1135.5004	456.2141	0	1244.7875	533.4863	0	1284.7958	717.7146	0	708.9109	922.6561	0
38	18.9984	169.2998	0	97.6594	180.6639	0	337.7378	219.6321	0	277.4228	285.0046	0	878.8790	413.0106	0	391.4841	512.1920	0	639.9007	592.4728	0	512.6428	685.7782	0	430.2014	719.8956	0	606.2819	840.7814	0	1143.0249	457.4160	0	1248.4397	540.7041	0	1283.4965	719.8444	0	710.6437	925.7067	0	1273.8928	0.8929	0	1264.4078	2.6842	0	1266.1154	2.2179	0	1135.6450	456.7996	0	1244.4344	533.2087	0	1285.0095	718.5272	0	708.0483	922.7069	0
39	18.9230	168.8922	0	97.8344	180.4391	0	337.9207	220.2681	0	277.3698	285.0607	0	880.1844	412.3212	0	391.6055	512.7000	0	640.0275	591.9483	0	512.1322	686.0939	0	429.3243	720.1027	0	605.9915	840.6342	0	1142.5215	457.5238	0	1248.8508	540.3102	0	1283.6808	719.4970	0	710.5513	925.7678	0	1273.6177	0.7353	0	1264.8500	2.7563	0	1266.6705	2.3527	0	1136.6903	455.8203	0	1244.6577	532.9516	0	1285.4686	718.6114	0	707.5988	923.6885	0
40	18.8882	168.9430	0	97.2438	180.4552	0	337.8289	221.0569	0	277.3969	285.1971	0	880.6348	412.7458	0	391.3852	514.0478	0	639.5463	591.4475	0	511.8729	686.0620	0	428.7918	720.6957	0	605.9896	840.2326	0	1141.9400	457.2258	0	1249.3842	540.2467	0	1283.5349	719.5367	0	710.1641	925.6909	0	1274.9546	0.9848	0	1265.1316	2.9094	0	1267.0189	2.1509	0	1136.2738	455.5919	0	1244.9298	533.6509	0	1284.8423	718.1652	0	707.5981	924.7656	0
41	19.3160	168.3693	0	97.7234	179.8225	0	338.5388	221.0710	0	277.4804	284.9918	0	880.7636	412.6993	0	392.1011	513.5703	0	639.4296	591.9241	0	511.2423	686.2192	0	428.7143	720.6694	0	606.1779	839.4722	0	1142.7566	456.9433	0	1249.5543	540.5132	0	1283.0591	719.5630	0	710.4621	925.5930	0	1274.4143	1.0429	0	1265.0808	2.8413	0	1267.2273	2.0152	0	1136.3080	455.6442	0	1245.6593	533.8512	0	1284.9226	718.2447	0	708.5520	924.1404	0
42	19.5341	167.6775	0	98.0948	179.3955	0	339.1293	221.2260	0	277.5009	284.8487	0	881.7373	412.1749	0	391.3052	513.3037	0	639.8644	591.8235	0	512.1184	686.5562	0	428.5310	720.5783	0	605.4967	839.2289	0	1142.7185	456.1359	0	1250.0181	540.7327	0	1282.8743	719.4512	0	710.7461	925.2427	0	1273.7188	1.0000	0	1266.3286	2.9286	0	1268.1588	1.8176	0	1136.6747	455.7558	0	1245.4839	534.2035	0	1285.4089	718.0340	0	708.5972	923.3317	0
43	19.6353	168.2633	0	98.1300	178.9108	0	338.9728	220.8158	0	277.4874	284.8442	0	881.8240	413.1375	0	391.2089	513.3810	0	640.1467	591.8234	0	512.3905	686.2704	0	428.7991	721.1516	0	605.4849	838.7792	0	1142.1254	456.1575	0	1250.3848	540.7665	0	1282.5370	719.4716	0	710.1390	925.8554	0	1273.6628	1.1744	0	1266.0990	3.2665	0	1267.9166	1.4167	0	1137.1559	456.4936	0	1246.4458	534.2153	0	1285.4106	717.1747	0	708.6442	923.9883	0
44	19.2350	168.2403	0	97.7347	178.5995	0	339.0532	220.9974	0	277.3468	284.9299	0	882.6601	413.0974	0	391.0868	513.5657	0	640.4882	592.8282	0	512.4111	685.9701	0	428.4255	720.6185	0	604.6332	839.7064	0	1142.7262	456.5717	0	1250.9032	540.1502	0	1282.1716	720.1116	0	710.0372	926.2872	0	1272.8846	1.2692	0	1265.3777	3.0585	0	1268.1078	1.2843	0	1137.4955	457.0180	0	1246.7681	534.0292	0	1286.3258	716.3195	0	708.9669	924.6216	0
45	19.3472	168.6528	0	98.3935	178.8837	0	339.5896	221.1181	0	277.4612	285.1743	0	883.0810	412.8666	0	391.2457	513.4614	0	640.3640	593.2331	0	512.3872	686.1429	0	426.8959	720.6697	0	604.6987	840.5572	0	1143.2714	456.2849	0	1250.7505	539.7482	0	1282.0670	720.9501	0	709.6752	926.2353	0	1273.0000	1.1667	0	1265.0701	3.2874	0	1267.0781	1.4375	0	1137.3204	457.1082	0	1246.8190	534.1907	0	1286.1027	717.1060	0	709.5945	925.1854	0
46	19.2067	168.1153	0	98.2574	178.7818	0	338.8689	220.7439	0	277.3250	285.2126	0	883.4939	413.0395	0	391.0162	513.0057	0	640.5188	593.9232	0	512.1176	685.4726	0	426.4462	720.4058	0	603.5826	840.1094	0	1143.1855	456.3082	0	1251.0232	539.3242	0	1282.1320	721.6269	0	709.5981	926.3859	0	1272.5000	1.1410	0	1264.9950	3.2350	0	1266.7693	1.2500	0	1137.7618	456.8413	0	1246.9618	533.3766	0	1284.8114	716.5626	0	708.8186	926.0910	0
47	19.0443	167.5037	0	97.7804	178.2968	0	339.5214	220.6733	0	277.4125	285.0414	0	883.4066	413.1513	0	391.3279	513.1606	0	640.9481	593.6478	0	511.6082	685.5569	0	425.8731	720.2162	0	603.0880	840.3479	0	1142.5061	455.8939	0	1250.6643	538.6812	0	1281.8846	721.7363	0	709.6453	926.3271	0	1271.8036	1.3929	0	1264.9193	3.0699	0	1267.6578	0.8158	0	1137.8243	456.5587	0	1247.3905	532.7847	0	1285.0430	716.0582	0	707.7694	925.3403	0
48	19.0321	168.2018	0	97.3257	177.8282	0	339.9201	220.6798	0	277.4479	284.9839	0	883.8271	412.7073	0	390.5253	513.8010	0	640.3244	594.3684	0	510.9065	685.2262	0	425.3066	721.2441	0	602.1150	840.7636	0	1142.6877	456.4024	0	1251.0216	538.5496	0	1281.5303	722.0747	0	710.2080	925.5495	0	1272.0068	1.6370	0	1265.6945	2.9833	0	1266.5000	0.5000	0	1138.2949	455.9247	0	1247.6411	532.4770	0	1285.2416	715.6094	0	707.9946	923.8932	0
49	18.7375	168.6166	0	96.3025	177.5014	0	340.5745	220.6575	0	277.4276	284.7075	0	883.9258	412.9027	0	390.5747	514.1473	0	640.9097	594.9335	0	511.2214	685.2177	0	425.9658	720.9389	0	601.5189	841.1011	0	1142.6349	456.6948	0	1251.4655	539.0990	0	1281.6439	721.3483	0	710.0009	924.8309	0	1271.8334	1.5870	0	1265.9598	3.0508	0															
50	19.2401	168.3740	0	96.6607	177.0763	0	340.5569	220.7446	0	277.3918	284.9487	0	883.3657	413.5594	0	389.8013	513.6790	0	640.5221	595.2158	0	510.8640	684.4730	0	426.4489	720.5358	0	601.2695	841.2540	0	1142.6940	457.7351	0	1251.1814	538.6218	0	1281.7834	721.6249	0	710.5403	924.4120	0	1271.4231	1.3462	0	1267.0509	2.8174	0															
51	19.4053	168.0746	0	97.4496	177.2766	0	340.3149	221.2046	0	277.2918	285.1153	0	883.5173	413.8621	0	389.9991	513.8767	0	640.3303	594.8973	0	510.8741	684.9579	0	426.3093	720.8719	0	601.0519	840.7170	0	1141.5931	457.7803	0	1250.4674	537.6688	0	1281.4710	721.4294	0	710.2074	924.0753	0	1271.5930	1.1744	0	1266.7662	2.8491	0															
52	19.6708	167.7410	0	97.5036	177.5971	0	340.8816	221.4902	0	277.3512	285.3246	0	882.7878	414.0033	0	390.6129	513.2604	0	639.6960	595.3551	0	511.7207	684.8621	0	427.3836	722.4463	0	601.1248	840.8072	0	1141.1779	458.6242	0	1250.3331	537.4661	0	1281.2253	721.6351	0	710.1597	924.4718	0	1271.1041	1.2292	0	1266.9503	2.8918	0															
53	19.5126	167.5257	0	97.5063	177.7577	0	340.9497	221.7765	0	277.3734	285.3379	0	881.5901	414.3352	0	390.7935	512.4630	0	639.2824	595.0682	0	511.6415	684.2008	0	426.5843	722.6013	0	600.9457	841.0872	0	1140.8917	459.4078	0	1250.1412	537.0521	0	1281.1981	721.7174	0	709.8779	923.9633	0	1270.7094	1.1977	0	1266.4739	3.1230	0															
54	19.5577	167.7596	0	97.3298	177.4029	0	342.2263	221.2346	0	277.4265	284.8960	0	882.2706	413.7158	0	390.7115	511.8256	0	639.8060	594.4227	0	512.2643	684.1509	0	426.5502	722.3858	0	601.2182	840.9680	0	1140.5177	459.3656	0	1249.5792	536.5013	0	1281.2367	721.7081	0	709.4088	923.8364	0	1270.0532	1.2447	0	1266.7279	3.3744	0															
55	19.1668	167.6096	0	96.6727	176.6136	0	342.0540	221.1392	0	277.4967	284.8068	0	882.0405	413.5849	0	390.9094	512.8976	0	638.8255	594.3972	0	512.4902	684.2805	0	427.0038	722.8616	0	600.3673	841.4830	0	1141.1224	459.2920	0	1249.1406	536.6840	0	1280.4629	721.8845	0	708.3206	924.7529	0	1269.3451	1.5845	0	1265.9257	3.1564	0															
56	19.2179	167.7970	0	97.2000	176.7471	0	342.1142	221.2973	0	277.4359	284.7080	0	882.4495	413.2010	0	390.5777	512.5844	0	638.9671	595.2612	0	512.3273	684.4735	0	427.1256	723.7566	0	600.8502	841.8724	0	1141.2740	459.2673	0	1249.4062	536.5640	0	1280.9213	721.9912	0	708.3190	924.7841	0	1269.0428	1.6286	0	1266.2524	3.2961	0															
57	18.9391	168.3734	0	96.9371	176.4734	0	342.2181	221.9116	0	277.3816	284.9638	0	882.0538	414.0443	0	391.5029	513.9068	0	639.0322	596.6257	0	512.4191	684.5558	0	427.2724	724.3039	0	601.3477	841.8995	0	1141.0703	459.4483	0	1249.6577	536.6942	0	1280.7899	722.0081	0	708.7716	924.0601	0	1269.3077	1.7179	0	1267.4117	3.3235	0															
58	18.5273	169.5476	0	96.3877	176.8641	0	342.0620	221.9333	0	277.3173	285.4276	0	881.9631	414.4798	0	391.7891	514.3733	0	637.3134	597.0000	0	512.2054	685.0344	0	426.6434	724.2531	0	600.5978	842.8714	0	1140.4673	460.6915	0	1249.5122	536.8681	0	1280.0978	721.6155	0	708.4965	924.2804	0	1269.0408	2.0102	0	1267.0938	3.2031	0															
59	18.4494	169.5066	0	96.2596	176.8235	0	342.1513	221.8147	0	277.3046	285.4302	0	882.1523	414.9744	0	391.8620	514.4388	0	637.0230	597.2894	0	512.5306	684.4559	0	426.7666	723.8193	0	600.8074	842.4703	0	1140.1045	461.2180	0	1249.5176	536.5468	0	1279.8616	721.8311	0	707.9165	923.6099	0	1269.0238	2.0905	0	1266.4550	3.2600	0															
60	18.0597	169.2714	0	95.9537	176.5604	0	341.3283	221.4916	0	277.4534	285.0757	0	882.6661	415.1027	0	392.6177	514.8823	0	637.1121	596.8100	0	512.6403	683.6991	0	427.3015	724.5281	0	601.1414	842.7508	0	1139.5946	461.6658	0	1249.7510	536.8648	0	1279.9733	722.5143	0	708.2132	924.2256	0	1268.5000	2.0556	0	1265.4893	3.0914	0															
61	17.8156	169.4305	0	95.8868	175.6955	0	341.2733	220.9711	0	277.4086	284.7533	0	883.0378	414.6771	0	392.6047	514.3317	0	637.7351	596.1377	0	512.3895	683.2334	0	427.4987	724.4230	0	601.8136	842.0322	0	1138.1858	462.3020	0	1248.8379	536.6509	0	1279.8756	722.3539	0	708.2759	923.8272	0	1268.4247	1.9409	0	1266.1067	2.9438	0															
62	17.8982	168.6721	0	95.5118	175.2911	0	340.8587	220.1777	0	277.4374	284.6993	0	883.3186	414.2643	0	392.7554	514.4482	0	637.9688	595.6262	0	512.2761	683.1979	0	427.2677	723.4208	0	602.6177	841.3511	0	1137.9315	462.7484	0	1248.7699	536.4701	0	1279.5640	722.3090	0	708.9575	923.6838	0	1267.4535	1.9070	0	1266.1802	2.8895	0															
63	18.3136	168.6964	0	95.3362	175.3140	0	341.1042	220.1569	0	277.4195	284.9237	0	882.9312	414.5349	0	392.9644	514.4014	0	638.5408	596.4991	0	512.0494	683.9208	0	427.3045	724.0209	0	602.4176	841.9576	0	1138.0098	462.5772	0	1248.5199	536.6713	0	1279.1903	722.5977	0	709.9857	923.6408	0	1267.2709	1.9479	0	1266.4362	2.5496	0															
64	18.6222	167.9337	0	95.6285	175.7952	0	341.1899	219.8756	0	277.3621	285.1782	0	882.0348	414.9984	0	393.5481	514.5471	0	638.0168	596.5743	0	511.9954	684.9782	0	427.5694	724.0809	0	602.6793	842.3542	0	1138.3839	462.2284	0	1248.2007	537.1501	0	1279.7694	722.2211	0	710.2180	923.5513	0	1267.2761	1.5896	0	1267.0500	2.2500	0															
65	18.4166	167.6887	0	95.6740	176.2401	0	341.5550	219.5639	0	277.3224	285.3880	0	881.9985	415.7049	0	393.1952	515.5739	0	638.9410	596.6923	0	512.0727	685.7573	0	427.1366	724.0598	0	603.1704	842.1104	0	1138.2592	461.6320	0	1247.9813	537.4569	0	1279.9359	722.1145	0	710.7294	922.6772	0	1266.4683	1.5000	0	1267.2440	2.3480	0															
66	18.1826	167.6679	0	94.6673	176.0214	0	341.7627	219.3255	0	277.3119	285.3207	0	881.9484	416.5896	0	392.9335	515.4376	0	638.5716	597.2188	0	511.6897	685.5603	0	426.0395	723.8055	0	602.2360	842.2952	0	1138.9580	460.8994	0	1247.7695	537.9236	0	1280.7339	721.7434	0	710.8992	922.7849	0	1265.4362	1.2660	0	1267.7063	2.7250	0															
67	18.1833	167.4673	0	94.3574	175.4078	0	341.9457	218.7210	0	277.4237	284.9399	0	881.5513	416.1967	0	392.0980	516.0822	0	638.7148	597.4817	0	511.6928	685.0808	0	424.8922	723.4299	0	600.6804	841.7003	0	1139.5757	460.5032	0	1247.5104	538.7044	0	1280.3229	721.1545	0	710.8981	922.2303	0	1264.9117	1.0000	0	1268.4069	2.7857	0															
68	18.1141	167.9009	0	94.5894	175.1777	0	342.4210	218.3238	0	277.4057	284.9275	0	881.7650	416.5498	0	392.4851	516.9711	0	639.0328	597.1252	0	512.5437	685.2104	0	424.6239	723.4011	0	599.6726	842.2065	0	1139.6366	460.2152	0	1247.4178	539.2455	0	1280.5700	721.6691	0	710.2762	922.4294	0	1264.5555	1.0278	0	1268.6022	2.5000	0															
69	17.9821	167.4524	0	95.1922	175.5403	0	342.9991	218.0726	0	277.3503	285.0019	0	881.8145	417.3400	0	392.7642	517.6904	0	638.7632	596.9861	0	512.5503	685.2954	0	424.8281	723.9257	0	599.4727	842.0979	0	1139.2139	460.3679	0	1247.1070	538.7782	0	1280.4137	721.5086	0	710.1368	923.0695	0	1264.2954	1.1818	0	1268.4562	2.5146	0															
70	18.2333	168.4056	0	95.9216	175.9738	0	343.3783	218.1882	0	277.3116	285.1900	0	881.5903	418.1896	0	392.8892	517.8093	0	638.2329	596.8630	0	512.2191	685.8163	0	424.5918	724.8274	0	599.4915	842.7180	0	1139.0709	459.9223	0	1247.4105	539.1467	0	1279.7950	721.4517	0	709.2312	922.6557	0	1262.9615	1.1923	0	1267.8955	2.5075	0															
71	18.4341	169.0335	0	96.5571	176.5376	0	343.5660	218.5782	0	277.3641	285.4295	0	882.0003	419.2567	0	392.7846	518.2395	0	637.8614	597.5248	0	511.6889	686.0970	0	424.2195	725.0352	0	599.8544	843.4736	0	1138.6824	460.3208	0	1247.0967	539.1793	0	1278.8387	722.0770	0	708.8814	922.2913	0	1263.7174	1.2609	0	1267.5080	2.3710	0															
72	18.5859	168.3605	0	96.5924	175.9401	0	344.2610	217.6539	0	277.3713	285.2618	0	882.7134	419.4047	0	392.7029	518.6401	0	637.7748	596.6155	0	512.6276	685.7305	0	424.5966	724.3791	0	600.4972	843.8142	0	1138.6626	461.0301	0	1247.2168	539.0321	0	1278.7876	722.5257	0	709.5997	922.4110	0	1263.8818	1.4091	0	1267.1870	2.4466	0															
73	18.5502	168.3471	0	96.2806	175.9830	0	344.8632	217.5361	0	277.4329	285.0946	0	882.7040	418.6163	0	392.9921	518.2607	0	637.6974	596.5941	0	512.1293	685.6870	0	423.2221	723.4479	0	600.5056	843.5841	0	1138.7496	460.5320	0	1246.7043	538.9539	0	1278.4734	722.4540	0	710.1233	922.4379	0	1263.4434	1.3679	0	1267.0807	2.3306	0															
74	18.4290	168.4659	0	95.9308	175.6542	0	345.3070	216.9464	0	277.4054	284.9972	0	883.1464	418.4934	0	393.2224	517.9601	0	637.3188	596.2455	0	512.1392	685.4660	0	422.4314	723.3308	0	600.4205	843.2840	0	1139.4811	461.1534	0	1247.7699	538.6846	0	1278.6124	721.8538	0	709.7941	923.0218	0	1264.2333	1.2111	0	1267.8810	1.7976	0															
75	17.9843	168.6878	0	95.5598	175.3034	0	345.2839	217.2707	0	277.3876	285.0133	0	882.9674	418.9102	0	393.2128	517.6015	0	636.6740	596.5628	0	512.3860	685.5187	0	421.5669	723.8657	0	600.2856	843.6275	0	1139.9585	461.3331	0	1248.2480	538.8159	0	1278.4066	721.5154	0	708.2244	922.9061	0	1263.5000	0.9333	0	1268.0245	1.4344	0															
76	18.0476	169.0549	0	95.5231	175.7083	0	346.2637	217.2276	0	277.4076	285.0548	0	881.8066	418.6307	0	393.0506	518.1542	0	636.5572	596.8171	0	512.5865	686.0161	0	421.8903	723.6049	0	600.2567	843.0593	0	1140.3870	462.5477	0	1248.0797	538.8900	0	1278.2053	721.8767	0	706.9315	923.2938	0	1264.2778	0.9444	0	1267.8019	1.3679	0															
77	17.7416	168.5221	0	94.9104	176.4682	0	346.4210	216.7959	0	277.4179	285.1015	0	881.3551	417.9951	0	393.1769	518.4067	0	636.3783	596.7055	0	512.8319	686.4229	0	422.0143	723.9443	0	600.4689	842.5005	0	1140.2551	463.1737	0	1247.5858	538.5027	0	1278.2981	722.2018	0	706.7189	923.9260	0	1264.5000	0.8125	0	1268.1666	1.2708	0															
78	17.8352	168.4571	0	95.3296	177.2769	0	345.9126	216.8572	0	277.3904	285.1774	0	881.0927	418.1719	0	393.4446	518.1566	0	635.4721	597.1707	0	512.8676	686.2743	0	421.4478	723.3588	0	600.7821	843.1060	0	1140.0681	463.5437	0	1247.1354	537.8409	0	1278.8992	721.9398	0	707.0054	923.9147	0	1263.7258	0.9516	0	1267.7836	1.5597	0															
79	17.8918	167.7648	0	95.3074	176.7822	0	346.3293	216.7595	0	277.3606	285.2412	0	881.1647	418.2057	0	394.1947	518.4029	0	635.9845	597.2772	0	512.3035	686.3912	0	420.9157	722.6524	0	600.9055	843.8776	0	1139.9116	463.2258	0	1246.6670	537.2278	0	1279.1537	721.9981	0	707.3303	924.5166	0	1264.3684	1.0789	0																		
80	17.3845	167.8718	0	95.0411	176.2267	0	346.3148	217.1748	0	277.3504	285.2906	0	880.0457	419.2246	0	395.0602	518.7061	0	635.9573	598.1329	0	511.3581	686.7159	0	420.4391	722.8055	0	601.1782	844.5878	0	1139.4679	462.7715	0	1246.8943	536.4524	0	1279.1450	721.5319	0	707.6661	923.5865	0	1263.6666	1.2500	0																		
81	17.4130	167.1665	0	95.1455	175.9975	0	346.3218	217.0031	0	277.4557	285.0800	0	879.8379	418.3872	0	395.9215	519.3827	0	636.4673	599.0109	0	512.1570	686.6195	0	420.8380	723.0710	0	601.3428	844.7564	0	1139.3593	463.1710	0	1246.9236	536.6320	0	1279.4070	721.2022	0	707.4463	923.6237	0	1263.8800	1.3000	0																		
82	17.3590	167.6670	0	94.3997	175.8394	0	346.5178	216.3339	0	277.3810	284.9788	0	879.7083	418.1588	0	394.9040	519.3584	0	636.1747	599.7562	0	512.5745	685.6703	0	421.0873	723.1916	0	602.0409	844.5884	0	1139.5865	463.6786	0	1246.9252	536.7961	0	1279.5259	721.7687	0	708.7679	924.0814	0	1263.5000	1.2447	0																		
83	16.9732	168.1690	0	93.7870	175.6807	0	346.5151	215.9289	0	277.3800	284.8352	0	879.9158	417.9222	0	395.3113	519.1768	0	636.2449	599.4660	0	512.7053	684.5145	0	421.5413	723.7485	0	601.9272	844.6536	0	1139.2197	463.3624	0	1246.0375	536.9387	0	1279.7534	722.1210	0	708.6721	925.6260	0	1263.8208	1.3113	0																		
84	17.1273	168.4662	0	94.6092	175.2757	0	346.8196	216.2025	0	277.4538	284.8677	0	879.5934	418.0500	0	395.7015	519.3126	0	636.5227	599.0299	0	512.4841	684.1555	0	421.8053	724.9262	0	602.2261	845.1047	0	1139.5911	462.8841	0	1245.8882	536.8859	0	1278.8475	721.6061	0	708.0326	925.8771	0	1263.7646	1.0000	0																		
85	17.2223	169.1056	0	94.8186	175.9836	0	346.3704	216.5901	0	277.4133	285.0445	0	879.4238	418.4911	0	395.6271	519.4555	0	637.0889	599.7640	0	512.5554	684.2028	0	421.8033	725.0929	0	602.5282	845.4609	0	1139.3333	463.2951	0	1245.3940	537.3990	0	1278.3088	721.5984	0	708.1526	925.2613	0	1262.8750	0.8750	0																		
86	17.3486	169.2289	0	95.0972	175.6593	0	346.3281	216.6733	0	277.3182	285.2252	0	879.2463	418.2109	0	396.5913	519.9880	0	637.1485	600.2211	0	513.0986	685.0409	0	422.0071	725.8949	0	602.6101	846.0383	0	1139.2920	463.4130	0	1244.7893	537.6525	0	1277.7805	721.6263	0	709.2914	925.1155	0	1263.0667	0.9333	0																		
87	16.9839	169.5146	0	94.9359	175.8821	0	346.4658	216.5183	0	277.2934	285.1758	0	878.9313	418.2714	0	396.0241	519.9586	0	637.9710	600.5551	0	513.3711	685.0331	0	422.2077	725.9772	0	602.2877	846.3682	0	1139.1998	463.0603	0	1244.6779	537.8005	0	1277.6637	720.7637	0	709.2373	924.8712	0	1263.9231	1.2885	0																		
88	16.8619	169.5627	0	94.1955	175.7481	0	346.8005	217.0813	0	277.3818	285.0007	0	878.5430	417.5986	0	395.6361	519.8223	0	638.8773	600.6185	0	513.3688	683.7758	0	422.3223	724.7648	0	602.5043	846.4199	0	1139.0404	462.2589	0	1244.9801	536.8987	0	1277.4979	720.2292	0	709.4727	924.3756	0	1264.1364	1.4091	0																		
89	16.8430	169.7383	0	94.0454	175.8317	0	347.2850	217.6193	0	277.4660	284.8760	0	878.9823	417.8685	0	396.4643	520.3399	0	639.4269	600.9606	0	513.5906	683.6112	0	422.5169	723.4145	0	602.7310	846.4120	0	1138.6748	462.4264	0	1245.6640	537.2355	0	1276.7994	720.0574	0	709.8809	924.1421	0	1263.5869	1.2174	0																		
90	17.2081	170.7287	0	94.2790	176.2916	0	347.7154	217.6347	0	277.4446	284.9463	0	878.8206	417.6693	0	396.3933	520.6757	0	639.4213	600.9541	0	514.8436	683.1094	0	422.4068	723.2199	0	602.8596	846.0907	0	1138.5505	461.0889	0	1245.7972	537.1630	0	1277.4923	720.2704	0	709.9061	924.4452	0	1263.0853	1.2317	0																		
91	17.0248	171.0348	0	93.6587	176.2415	0	346.9683	216.7130	0	277.4590	284.9202	0	878.7268	417.3638	0	396.9547	520.0839	0	638.8149	600.0194	0	515.2729	682.7536	0	422.1011	722.9435	0	602.5014	845.7909	0	1138.2441	460.1766	0	1245.9069	537.2984	0	1277.3475	720.6688	0	710.7903	924.4358	0	1263.2059	1.3235	0																		
92	16.9683	171.4172	0	93.2212	175.6590	0	346.8211	216.3596	0	277.3513	284.9037	0	879.4778	417.4502	0	397.1842	520.7191	0	639.2200	599.9780	0	515.4189	682.9490	0	422.0129	722.7831	0	601.7675	845.5510	0	1137.4087	460.0319	0	1245.6990	537.8688	0	1277.2110	720.8207	0	710.8284	924.9728	0	1263.2050	1.3852	0																		
93	16.9070	171.2407	0	93.2671	175.5068	0	347.1144	216.0243	0	277.3460	285.0156	0	880.0036	417.6562	0	397.1834	521.1477	0	638.8254	599.8289	0	515.3801	682.9187	0	422.9531	722.5578	0	600.6830	844.9703	0	1137.2588	460.1028	0	1246.5774	538.2236	0	1277.1448	721.1856	0	711.6094	925.4907	0	1263.0416	1.2708	0																		
94	17.2568	171.5809	0	93.4189	175.8279	0	347.0993	216.0905	0	277.3696	285.1330	0	879.6347	417.7899	0	397.4532	521.2859	0	638.9060	600.6478	0	515.4069	682.7975	0	424.0499	722.6331	0	600.9676	844.0409	0	1137.6665	459.9498	0	1246.6127	537.5707	0	1277.2867	721.0232	0	712.6005	925.5281	0	1262.2838	1.0405	0																		
95	17.3790	172.3808	0	93.3854	175.8930	0	347.2887	215.6334	0	277.3898	285.2123	0	879.1044	417.8878	0	397.8746	521.4634	0	638.8804	600.3674	0	514.6801	683.0847	0	424.4157	723.1467	0	600.4236	843.7475	0	1138.2463	459.1414	0	1246.2994	536.9114	0	1276.6384	720.8194	0	713.4634	926.0886	0	1261.9651	1.1279	0																		
96	17.5372	172.6505	0	92.8479	174.6726	0	348.0700	215.1795	0	277.3506	285.0829	0	878.7310	417.6300	0	398.4218	521.1310	0	639.2205	599.8979	0	514.0117	683.1828	0	424.3790	723.2692	0	599.9250	843.2875	0	1138.0670	458.3380	0	1245.8531	536.6768	0	1277.0953	720.8799	0	713.5026	926.4612	0	1262.5910	1.2500	0																		
97	17.6613	172.6141	0	93.4159	174.7303	0	347.8746	214.9806	0	277.3449	284.9918	0	877.8043	417.2550	0	398.7080	520.3123	0	639.6398	599.8761	0	513.2534	683.0767	0	423.0558	723.7757	0	599.6191	843.0288	0	1138.0143	458.3256	0	1246.1725	537.5796	0	1277.5375	721.1873	0	713.7873	926.7557	0	1262.9445	1.2556	0																		
98	18.0817	172.9497	0	94.0771	175.0334	0	348.1626	213.7297	0	277.4343	284.9960	0	877.6717	417.1675	0	398.8064	520.2038	0	639.9738	599.9888	0	512.9684	682.6645	0	423.8211	724.0762	0	599.5226	843.0389	0	1138.1943	458.7303	0	1244.9755	538.1345	0	1278.2540	721.2087	0	713.3784	926.4945	0	1263.1818	1.1818	0																		
99	17.7886	173.6415	0	94.2508	174.7139	0	348.2201	213.0210	0	277.4268	284.9771	0	878.2282	417.3820	0	398.1665	520.3476	0	640.8788	599.1243	0	513.2286	682.6924	0	424.5767	723.5767	0	599.2046	843.0362	0	1137.8728	459.0443	0	1244.7029	538.3419	0	1278.6542	721.5200	0	713.3927	926.7300	0	1264.3889	1.0556	0																		
100	17.1972	174.4656	0	93.3740	175.4490	0	347.8877	213.5419	0	277.4028	285.0626	0	878.8961	418.0494	0	397.9930	521.1147	0	640.5921	599.0693	0	513.0302	683.1541	0	424.6822	723.9415	0	599.7240	843.1602	0	1137.5245	459.0395	0	1244.8801	537.9964	0	1278.1984	721.9642	0	713.2183	926.7396	0	1263.0000	0.8333	0																		
101	17.1158	173.7862	0	93.2994	175.3766	0	348.5729	213.6166	0	277.3655	285.0072	0	878.6964	417.7579	0	398.4111	521.4753	0	640.1168	599.1881	0	513.1545	682.8077	0	424.0822	723.1566	0	600.0704	842.7982	0	1137.4868	457.9737	0	1244.3094	537.7811	0	1278.3955	722.0236	0	712.9255	925.7065	0	1265.5714	0.5714	0																		
102	16.9540	174.0820	0	93.2704	175.7556	0	348.5632	213.7642	0	277.3620	285.1779	0	878.6679	417.6408	0	398.1239	521.5305	0	640.0829	598.5356	0	512.5258	682.3883	0	424.2442	723.4709	0	600.2250	842.6115	0	1137.1028	457.9842	0	1243.9126	538.1385	0	1278.8767	722.0846	0	712.4860	925.1855	0	1265.1875	0.6875	0																		
103	16.9274	174.3955	0	93.8003	176.2540	0	348.9301	213.8252	0	277.3954	285.1256	0	878.9215	418.1403	0	397.6423	521.8727	0	639.7020	599.5123	0	511.9088	682.0053	0	423.8573	723.5143	0	599.6409	842.2799	0	1137.0591	457.7929	0	1244.4150	537.5643	0	1278.0367	722.7313	0	712.4186	925.2272	0	1265.5000	0.5000	0																		
104	16.9154	174.2669	0	94.2979	176.2698	0	349.2298	214.5559	0	277.4445	285.0938	0	879.1772	417.2992	0	397.7736	521.7098	0	639.4592	599.8389	0	512.2004	681.9403	0	424.0671	724.0793	0	599.8442	842.9025	0	1137.2400	457.2104	0	1244.9040	537.1844	0	1278.0576	722.2908	0	711.8632	925.1808	0	1265.5000	0.5000	0																		
105	16.8248	174.4988	0	94.2505	176.3981	0	349.7437	214.9948	0	277.3873	284.9541	0	879.3579	417.0342	0	397.5449	521.6714	0	639.0673	599.8220	0	511.8037	681.9340	0	423.9191	724.0249	0	599.6146	842.8193	0	1138.0140	456.7365	0	1244.9458	536.7119	0	1278.5905	722.6505	0	712.1420	924.9217	0	1265.0526	1.1053	0																		
106	16.3904	174.4817	0	94.3208	176.9587	0	349.9899	214.3952	0	277.3694	285.0051	0	879.6394	416.9662	0	397.7488	521.5518	0	639.4380	600.3161	0	511.2371	682.7466	0	423.9099	724.2681	0	599.3471	842.6018	0	1138.1710	456.0422	0	1244.9493	537.1277	0	1279.3231	723.3619	0	711.9033	924.6667	0	1264.9054	1.0676	0																		
107	16.4133	174.2709	0	94.8576	177.5619	0	350.4690	214.3688	0	277.3993	284.9802	0	879.7750	417.3959	0	397.6469	521.7997	0	638.5370	600.2575	0	511.1359	683.8502	0	423.5193	724.4093	0	599.0944	842.0577	0	1138.2438	456.2499	0	1244.7507	537.2759	0	1279.2529	723.8143	0	711.2419	924.6378	0	1265.1078	1.2843	0																		
108	16.2596	174.4112	0	94.6504	177.4407	0	350.0958	214.6621	0	277.3376	285.1421	0	879.9401	416.9136	0	397.9060	522.5213	0	638.0855	601.2656	0	510.7744	684.2010	0	423.8243	725.3046	0	598.7462	842.5373	0	1138.1625	456.3518	0	1243.6519	537.5239	0	1279.2238	723.9066	0	710.9488	924.2569	0	1265.0416	1.2708	0																		
109	16.1788	174.5192	0	94.2244	177.4127	0	349.1486	214.6611	0	277.3926	285.1581	0	879.9494	416.9917	0	397.3978	522.7645	0	637.7568	601.9316	0	510.5481	684.3863	0	423.7388	725.6232	0	599.5795	841.9061	0	1138.4090	455.7899	0	1243.3010	536.4130	0	1278.6290	723.5662	0	710.8945	924.0167	0	1264.7000	0.9000	0																		
110	16.5703	174.8780	0	95.5372	176.8442	0	349.0279	215.1042	0	277.3881	285.0741	0	880.2975	417.2168	0	398.0460	523.0017	0	638.2239	602.3722	0	510.9666	685.4926	0	423.5400	726.5345	0	600.1374	841.5446	0	1137.7217	456.0419	0	1242.5193	535.9805	0	1278.5521	723.5851	0	710.3343	925.0858	0	1265.5000	0.5000	0																		
111	16.5406	175.0273	0	96.3570	176.7274	0	349.2989	215.2863	0	277.4046	285.0030	0	880.4324	416.9378	0	397.7431	522.8135	0	638.6687	602.4642	0	510.9293	685.2786	0	422.8845	727.3760	0	600.1320	841.2261	0	1137.2126	456.4748	0	1243.9110	535.6870	0	1278.9049	722.5955	0	711.1398	925.9764	0																					
112	16.3861	174.8386	0	96.3938	176.7690	0	348.9201	215.0967	0	277.3993	284.9995	0	880.3748	416.3232	0	397.6484	522.6184	0	639.0123	602.1525	0	510.7778	685.2922	0	422.6746	726.8348	0	600.5260	841.1434	0	1136.5554	456.2722	0	1243.8292	535.3564	0	1278.2832	722.3389	0	711.6693	925.9551	0																					
113	16.4970	174.1407	0	95.8244	176.4474	0	348.7111	214.7158	0	277.3994	285.0251	0	880.1746	416.1657	0	396.9456	522.1952	0	638.3874	602.1496	0	510.7053	685.2512	0	422.5273	726.5851	0	601.2805	841.3796	0	1136.1633	456.9410	0	1242.5500	536.1155	0	1278.1538	721.8495	0	711.4245	925.2906	0																					
114	16.4179	174.2440	0	95.1245	176.3623	0	348.8129	214.8480	0	277.3412	285.0362	0	881.1944	416.2201	0	397.6365	521.4192	0	638.5395	601.5452	0	511.3046	684.5690	0	423.0958	725.8040	0	601.6746	840.9951	0	1136.0240	457.1588	0	1241.9121	536.1978	0	1278.1401	721.7507	0	710.5685	924.8434	0																					
115	16.4063	174.1724	0	94.6265	176.3472	0	348.5738	215.2659	0	277.3879	285.0717	0	881.3301	416.7497	0	397.8340	520.9036	0	638.8681	601.8886	0	511.9091	684.1841	0	423.3097	725.5134	0	601.1627	839.9709	0	1136.0901	457.0354	0	1241.7997	535.8303	0	1278.2168	721.3312	0	711.1526	923.9753	0																					
116	16.3905	173.5122	0	93.9157	176.6318	0	348.8921	215.7154	0	277.3525	285.1550	0	881.5853	416.9355	0	397.4371	520.5542	0	639.6988	601.8027	0	511.7694	684.0132	0	423.5641	725.4588	0	600.6506	839.5527	0	1135.2406	456.8740	0	1242.2559	535.7649	0	1277.9030	720.8483	0	711.8480	924.5420	0																					
117	16.2930	172.4409	0	93.6301	176.3495	0	349.3119	215.5486	0	277.3504	285.1920	0	881.5259	417.3460	0	397.4043	520.0803	0	639.4044	602.3757	0	511.7530	684.0626	0	424.3266	724.9403	0	600.6346	839.8348	0	1134.7855	457.2675	0	1242.0769	534.9872	0	1278.4642	719.8045	0	712.0045	923.7308	0																					
118	16.1782	171.8471	0	93.9172	176.0091	0	349.1338	215.3153	0	277.3939	285.1513	0	881.0825	417.7386	0	397.3558	520.4080	0	639.4622	602.2102	0	511.7665	683.3806	0	424.6165	725.4933	0	600.5409	840.0897	0	1134.7340	457.3029	0	1242.0868	534.4996	0	1278.4685	719.7750	0	711.8925	923.3473	0																					
119	15.8774	171.8868	0	93.5313	175.2449	0	349.2200	214.3806	0	277.4385	284.9970	0	881.0045	418.1061	0	397.3672	520.8860	0	638.6669	601.5026	0	511.6687	682.1877	0	424.8681	725.1976	0	599.9600	840.7490	0	1134.4489	457.1594	0	1243.2207	534.4290	0	1277.9117	719.6643	0	713.1831	922.4074	0																					
120	15.9346	171.8538	0	93.9533	174.2688	0	349.0620	214.7160	0	277.3461	284.9635	0	880.5911	417.2854	0	397.8063	520.4888	0	638.2952	601.3343	0	511.6560	682.5292	0	425.1680	725.4693	0	600.6836	840.9730	0	1134.2843	457.2574	0	1243.9446	534.3521	0	1277.1757	718.8371	0	714.2004	921.2704	0																					
121	16.1164	171.1430	0	94.0817	173.6770	0	348.4860	214.6611	0	277.4237	284.9460	0	879.7050	417.5697	0	397.7830	519.9901	0	638.5200	601.0518	0	511.5385	681.8974	0	425.4250	724.7987	0	601.3688	840.9168	0	1133.9377	457.7648	0	1243.7423	534.3475	0	1276.7790	719.0575	0	715.3032	921.4227	0																					
122	16.3425	170.2369	0	94.4179	173.9305	0	347.6409	214.0805	0	277.4455	284.9623	0	879.1666	417.1790	0	398.6098	520.3796	0	638.4390	601.4166	0	511.6148	682.7946	0	425.3949	725.3192	0	601.0932	840.6332	0	1133.7285	458.3481	0	1243.8799	534.6019	0	1276.9644	719.7761	0	715.7730	921.2590	0																					
123	16.5585	169.9315	0	94.2435	173.3916	0	347.3780	214.6725	0	277.3558	285.0540	0	879.4103	417.1071	0	399.6721	520.3781	0	638.8002	602.4788	0	510.6147	682.9619	0	424.3775	725.7567	0	600.4881	840.3627	0	1133.6268	458.0755	0	1243.5186	535.3964	0	1277.2238	720.2316	0	715.8763	921.3613	0																					
124	16.3524	170.5031	0	93.2023	173.9142	0	347.1131	214.9376	0	277.2729	285.1511	0	879.2037	417.0324	0	399.2172	519.6097	0	638.8588	603.3527	0	510.1685	683.0058	0	424.2169	726.1260	0	599.8951	840.8262	0	1132.9746	458.6360	0	1244.1449	535.6914	0	1277.3237	720.2463	0	715.7820	920.9752	0																					
125	16.3833	170.7985	0	93.7026	173.6995	0	347.8218	215.6915	0	277.3213	285.2091	0	879.4645	417.0027	0	399.4373	520.5149	0	639.7466	603.8052	0	510.4940	682.8940	0	424.0117	726.7410	0	600.4639	841.8445	0	1133.3510	458.6888	0	1244.3792	535.2275	0	1277.8202	719.4036	0	716.0429	920.8363	0																					
126	16.5676	170.0232	0	93.8800	173.7086	0	348.6159	215.1122	0	277.3861	285.1114	0	879.7766	416.5348	0	399.7387	520.3673	0	640.4337	604.0691	0	509.9866	683.2287	0	423.8481	727.3479	0	601.4502	841.8210	0	1133.1368	457.8541	0	1243.8988	535.0679	0	1277.2695	719.2853	0	715.9167	920.2850	0																					
127	16.2391	169.4008	0	93.6036	173.7974	0	348.7395	214.9132	0	277.3873	285.0151	0	880.1606	415.9107	0	399.7269	519.4578	0	641.1896	604.1681	0	510.4224	682.8882	0	424.1364	726.5710	0	602.0640	841.3496	0	1133.8466	458.2313	0	1243.6234	536.0415	0	1276.7891	719.7054	0	715.5702	920.0239	0																					
128	16.0754	168.0276	0	94.3616	174.2163	0	349.8426	214.9531	0	277.4013	284.9346	0	880.0087	416.6976	0	400.0266	518.4869	0	641.0271	603.6417	0	510.5042	681.9459	0	423.8867	726.6920	0	601.8349	841.1514	0	1134.6654	458.8280	0	1243.1433	535.7291	0	1276.4592	720.1184	0	715.6631	919.9744	0																					
129	15.3745	167.7323	0	93.7401	174.0821	0	350.8672	215.1244	0	277.3613	284.9311	0	879.9858	417.7477	0	399.4952	518.8396	0	640.8622	603.7268	0	509.4977	680.8364	0	424.3697	726.7575	0	602.2904	841.1378	0	1134.9999	459.5618	0	1243.3685	536.0657	0	1276.4631	720.2408	0	715.8406	920.0453	0																					
130	15.4133	167.3253	0	93.6636	174.4732	0	352.2297	215.0345	0	277.2988	284.9467	0	880.5400	418.5121	0	401.0536	518.0749	0	641.1715	603.6841	0	509.3394	681.7996	0	424.3996	726.7648	0	602.4133	840.0325	0	1135.3684	459.7966	0	1242.5999	536.4214	0	1276.4296	720.3499	0	716.2925	919.8896	0																					
131	15.3250	167.2978	0	93.9259	174.0905	0	352.7668	215.7959	0	277.3267	285.1209	0	880.3203	419.4143	0	400.7745	517.3777	0	640.8832	604.8528	0	508.8953	682.2873	0	423.9559	727.2915	0	602.4081	840.2305	0	1135.1754	459.7268	0	1242.2103	536.7883	0	1277.0652	720.3605	0	716.2337	920.0095	0																					
132	15.4486	167.2235	0	94.4941	174.3055	0	352.8142	215.7843	0	277.3283	285.1534	0	880.7754	420.1828	0	400.3749	517.3406	0	640.3708	605.0491	0	509.4972	681.4168	0	424.4244	726.6254	0	601.9976	840.8086	0	1135.2318	460.0387	0	1241.6616	537.2872	0	1277.9115	720.1317	0	716.4288	920.2438	0																					
133	15.8006	166.8182	0	94.3890	173.8326	0	351.9595	215.3448	0	277.3465	285.1454	0	881.2810	420.0545	0	400.3224	517.8408	0	640.6768	605.0879	0	510.1342	680.6940	0	424.3814	725.9313	0	602.5938	839.8335	0	1134.9695	459.5732	0	1241.3573	536.9090	0	1277.7577	719.5327	0	716.7808	919.7128	0																					
134	15.7753	167.1875	0	94.2034	173.3412	0	352.4031	215.4683	0	277.4111	285.1277	0	881.3121	420.1771	0	400.7779	518.0559	0	640.6385	605.1507	0	510.3569	680.6896	0	425.3610	725.6431	0	602.4073	839.4957	0	1135.4655	459.7527	0	1241.2949	536.9417	0	1278.3569	719.8998	0	717.0123	920.2037	0																					
135	15.6496	167.7489	0	94.2179	173.5323	0	352.6082	215.1361	0	277.3662	285.0961	0	881.4207	420.4426	0	401.5965	518.1033	0	640.3994	604.6996	0	510.3365	680.7030	0	426.2333	725.3304	0	601.2485	838.7624	0	1136.2744	460.1059	0	1241.1271	537.0806	0	1279.6086	720.2104	0	717.4051	920.1880	0																					
136	15.5366	167.5135	0	94.4409	173.9607	0	352.8756	214.4073	0	277.4338	284.9324	0	881.3484	419.9801	0	401.7348	516.9109	0	640.5479	604.7800	0	509.8416	680.3680	0	426.3446	725.5773	0	601.0223	837.8291	0	1137.6182	460.4075	0	1241.8553	536.6363	0	1279.6094	721.3966	0	717.5774	920.7988	0																					
137	15.1246	167.3083	0	94.1607	172.9950	0	353.3463	213.8079	0	277.4841	284.8293	0	881.0897	419.7191	0	401.9701	516.6666	0	640.5748	604.3120	0	509.8340	680.1052	0	426.3385	725.9756	0	601.1757	838.2502	0	1137.8198	460.8317	0	1242.8175	536.5340	0	1279.8646	722.2659	0	717.2845	920.7686	0																					
138	15.3362	167.8719	0	95.0096	172.5064	0	354.1634	213.7159	0	277.3624	284.9862	0	881.2648	420.2833	0	401.8076	516.4850	0	640.9255	604.6636	0	509.3981	680.2482	0	425.9818	725.7768	0	600.3536	839.5152	0	1137.6256	461.9406	0	1243.5537	536.1404	0	1280.2645	722.2169	0	717.4357	920.9355	0																					
139	15.6560	167.9488	0	96.2772	173.0553	0	354.8357	213.4833	0	277.3397	285.1098	0	881.6402	420.9875	0	402.0225	516.7115	0	641.1405	605.6411	0	510.1966	679.6783	0	426.2264	725.8351	0	599.6198	839.5922	0	1137.7208	461.2048	0	1243.5650	535.1987	0	1281.3206	721.9905	0	717.3331	920.4794	0																					
140	15.7701	167.8898	0	96.7062	173.6299	0	354.9773	214.1736	0	277.2944	285.1762	0	881.3205	421.5488	0	401.7590	517.2313	0	641.2155	605.1882	0	510.5014	679.6259	0	425.9674	726.3001	0	599.0831	840.2515	0	1138.3347	460.8175	0	1243.7102	535.1761	0	1281.9464	722.1345	0	716.9814	920.3369	0																					
141	15.7179	167.5639	0	96.3464	173.6531	0	354.7397	214.5408	0	277.2957	285.1620	0	880.4943	421.7382	0	401.1493	517.5987	0	641.1064	604.6470	0	510.8785	679.0567	0	426.2973	725.9024	0	598.9110	840.5885	0	1139.4182	460.9122	0	1244.2013	535.0754	0	1281.4082	722.2338	0	717.1510	919.9568	0																					
142	16.0338	167.6331	0	96.7056	173.1350	0	355.1678	214.2707	0	277.3479	285.0954	0	880.9078	421.7169	0	400.9208	517.6414	0	641.8538	604.7523	0	510.0858	678.8464	0	426.5457	725.9016	0	599.0989	840.8820	0	1139.4558	460.6828	0	1244.4266	534.5446	0	1281.1487	722.3428	0	717.2757	920.0145	0																					
143	16.1311	167.4658	0	97.3699	172.7497	0	356.1566	213.9135	0	277.3987	284.9622	0	880.4252	421.6047	0	401.9947	517.6947	0	642.1890	605.5621	0	509.9425	679.2885	0	425.9881	727.1132	0	599.3597	840.6895	0	1139.3077	460.3444	0	1243.8241	534.0708	0	1281.0920	721.8157	0	716.8378	920.1303	0																					
144	15.9822	166.9652	0	97.5931	172.4973	0	356.2775	214.5292	0	277.4341	284.9269	0	880.2081	420.8628	0	402.5650	517.8539	0	642.8343	605.4413	0	509.6506	679.6724	0	425.2973	726.6992	0	599.1177	840.8322	0	1139.6050	461.1962	0	1243.2789	533.5954	0	1281.3403	721.5758	0	716.7824	919.3230	0																					
145	15.5592	166.3802	0	97.4918	172.2791	0	356.4321	214.8718	0	277.4003	284.9513	0	880.8787	420.6608	0	402.5985	517.0147	0	643.3662	605.4957	0	509.3462	679.3444	0	425.5188	726.9304	0	598.0927	840.3690	0	1139.8867	461.2895	0	1242.9030	533.9369	0	1281.7245	721.6582	0	715.8938	919.6603	0																					
146	15.4852	166.4729	0	97.1592	173.3717	0	356.5542	214.4468	0	277.3516	285.0046	0	880.2793	421.1098	0	402.4715	518.1050	0	643.2713	605.3787	0	509.4341	679.6232	0	426.1742	727.4835	0	597.7024	840.5358	0	1140.1123	461.8109	0	1242.5600	534.3419	0	1281.6420	722.0576	0	715.3635	919.0142	0																					
147	15.2784	166.3817	0	96.5948	174.3099	0	356.4126	214.4215	0	277.3625	285.0847	0	880.3350	421.9950	0	402.7031	518.1628	0	642.6387	605.1738	0	509.8577	680.1061	0	426.0863	727.1211	0	597.6539	840.9576	0	1140.2420	461.4650	0	1242.8723	534.2626	0	1281.3030	722.4169	0	715.3579	919.5151	0																					
148	15.0969	166.3944	0	95.7928	174.4216	0	356.6947	214.7717	0	277.3688	285.0985	0	880.7950	421.7941	0	402.6504	518.4110	0	642.3361	605.4705	0	511.0374	680.1757	0	425.9037	726.7853	0	597.6958	840.4569	0	1140.5658	460.5295	0	1243.1180	534.5118	0	1281.2610	722.7537	0	715.1106	920.7882	0																					
149	14.8910	166.5495	0	95.8539	174.2609	0	355.6399	214.1399	0	277.4305	285.0598	0	880.9150	421.6244	0	402.5328	518.9744	0	642.5232	604.7273	0	511.7563	680.0615	0	425.9135	727.1870	0	597.6511	839.1735	0	1141.0695	460.6155	0	1243.4950	535.2316	0	1282.0914	723.6538	0	715.2831	921.4769	0																					
150	15.2852	167.0324	0	96.2929	173.7371	0	355.0229	213.3567	0	277.3349	285.0243	0	880.9070	421.3494	0	403.0915	519.4131	0	642.0875	604.9573	0	512.4244	680.2132	0	426.0988	727.1895	0	597.4567	839.1438	0	1141.3943	460.2011	0	1243.9292	534.4026	0	1282.0563	723.4634	0	716.5319	921.3248	0																					
151	15.4903	166.8643	0	96.1379	173.5723	0	354.0112	213.2689	0	277.3413	285.0216	0	880.7933	421.2442	0	403.1849	519.4119	0	641.6471	604.9626	0	512.4009	680.6909	0	426.0441	728.3926	0	597.6210	839.7978	0	1141.7699	459.3151	0	1243.8116	534.5591	0	1282.5060	723.3776	0	717.3784	921.8542	0																					
152	15.6950	166.1113	0	96.6172	173.4220	0	353.4067	212.7268	0	277.3101	285.0467	0	880.7862	421.7909	0	403.0519	519.3826	0	642.8284	604.6556	0	512.3638	680.8484	0	425.5430	728.8033	0	597.2679	839.7264	0	1141.8221	459.2890	0	1243.7487	534.6198	0	1281.7152	723.0160	0	718.2349	922.6528	0																					
153	15.9166	166.4339	0	96.5829	174.2846	0	353.2019	211.3794	0	277.3715	285.0173	0	881.0580	422.1299	0	403.7587	519.2355	0	643.6158	603.4362	0	512.1597	680.6659	0	425.3011	729.0153	0	597.2618	840.0579	0	1141.4728	459.1900	0	1242.6692	534.5801	0	1281.8723	723.7087	0	718.8319	923.0541	0																					
154	15.4555	166.5890	0	95.9198	174.3857	0	352.8380	211.6227	0	277.4173	285.0507	0	881.5630	421.7404	0	403.4700	518.7698	0	643.8448	603.5686	0	511.7508	680.1985	0	424.5353	729.0118	0	597.4742	840.1462	0	1141.7242	459.6358	0	1242.1567	534.7144	0	1281.1923	723.9477	0	719.4684	923.8721	0																					
155	15.4652	166.5032	0	95.2280	174.6617	0	352.9114	211.8168	0	277.3785	285.0649	0	882.0638	422.1172	0	403.9139	519.1576	0	644.3743	604.0945	0	512.4820	680.0242	0	424.1110	729.2311	0	596.7742	839.4403	0	1141.1440	459.7788	0	1241.8132	534.5198	0	1281.6885	723.9022	0	719.1561	924.0283	0																					
156	15.6720	166.0070	0	95.3513	175.3531	0	353.3982	211.0042	0	277.3473	285.0810	0	882.2630	421.9639	0	403.6297	519.7989	0	644.4278	603.9693	0	512.4145	680.1960	0	424.1580	729.1223	0	597.3061	838.7486	0	1141.1909	459.5787	0	1242.0002	534.8125	0	1282.2335	723.1638	0	719.0690	923.0098	0																					
157	15.7321	165.0783	0	95.0075	175.6783	0	353.4480	210.1030	0	277.2677	285.0326	0	882.1001	422.2192	0	402.8763	519.4006	0	643.7324	604.1312	0	511.8318	680.1608	0	424.8831	729.3881	0	597.4456	838.4957	0	1141.7852	460.0644	0	1242.2416	535.8283	0	1281.8014	722.8581	0	719.2028	922.8964	0																					
158	15.7592	165.3932	0	95.2773	176.0309	0	353.5579	209.4883	0	277.3770	285.0077	0	880.9620	421.4247	0	402.8256	519.8522	0	643.4320	603.2651	0	510.9469	679.9298	0	424.9288	729.5601	0	596.8957	837.9910	0	1141.9109	459.6236	0	1242.3828	534.9553	0	1281.1533	722.2059	0	719.5514	922.6760	0																					
159	15.7364	166.0418	0	95.6895	175.6624	0	353.5663	209.6136	0	277.3970	284.9716	0	881.3084	420.8506	0	402.4207	519.9852	0	643.0895	602.7838	0	510.9474	679.9326	0	424.6991	729.4098	0	596.9004	837.4191	0	1142.5057	458.9931	0	1241.7302	534.6127	0	1280.9928	722.0544	0	719.3013	923.4955	0																					
160	15.3739	166.2360	0	95.6469	175.0784	0	352.8735	209.5781	0	277.4009	284.9537	0	881.7692	421.0555	0	401.6122	519.6189	0	643.0380	602.3108	0	510.6527	680.1914	0	423.7115	729.1540	0	597.6473	836.9711	0	1141.4067	458.6892	0	1241.6921	534.2817	0	1281.2252	721.6101	0	718.5912	924.0069	0																					
161	14.9870	166.1264	0	95.5399	174.8265	0	352.9378	210.1159	0	277.3190	285.0980	0	881.2747	420.2969	0	401.3994	519.9495	0	642.9963	602.4491	0	510.1722	680.5665	0	422.7745	729.6183	0	598.2239	837.1749	0	1141.8417	459.3588	0	1242.0259	534.9926	0	1281.9668	721.3066	0	719.3795	923.4742	0																					
162	14.8360	166.8856	0	95.5964	175.2180	0	353.0875	210.4378	0	277.3064	285.1581	0	880.7680	420.4877	0	401.4764	520.1407	0	642.3925	602.3104	0	510.7605	679.9692	0	422.9348	729.4631	0	598.6899	837.3348	0	1141.7512	460.1298	0	1241.5836	535.1990	0	1282.5435	721.7095	0	719.7282	922.5964	0																					
163	14.8046	166.9223	0	96.0443	174.6326	0	352.7896	210.2924	0	277.3057	285.1137	0	881.4911	420.2461	0	400.8456	520.6580	0	642.7863	602.3244	0	511.5180	679.8887	0	422.9885	729.7490	0	598.6658	837.4482	0	1141.7140	460.2703	0	1241.5563	535.0477	0	1282.5161	721.7910	0	719.9069	922.4098	0																					
164	14.8530	166.3392	0	96.8368	174.4343	0	353.2483	209.9512	0	277.3187	285.1703	0	881.0059	419.6077	0	400.8933	521.0335	0	642.9305	602.7324	0	511.5750	680.2931	0	422.6645	729.8586	0	598.7333	837.6207	0	1141.6324	460.4230	0	1241.5911	534.5910	0	1282.4148	721.6929	0	720.5920	922.4143	0																					
165	14.8857	166.3035	0	97.0848	173.7137	0	353.2797	209.7860	0	277.4239	285.0245	0	881.7269	420.2498	0	400.7447	521.2002	0	643.2801	602.0037	0	511.9634	680.0695	0	423.0846	729.8494	0	598.7332	836.9290	0	1141.5436	460.5859	0	1241.5778	534.3116	0	1282.3005	721.7288	0	720.7670	922.1420	0																					
166	15.1298	166.1838	0	96.8965	173.6474	0	353.7031	209.5209	0	277.4030	284.9597	0	882.3477	420.2659	0	400.8979	521.5416	0	644.0987	601.9781	0	512.4635	680.0032	0	422.9712	729.3055	0	598.1938	835.7096	0	1142.2914	461.3500	0	1241.7790	534.5023	0	1281.3505	722.6208	0	720.5334	921.7983	0																					
167	15.6007	164.9060	0	97.4823	173.6683	0	353.5366	209.5505	0	277.3820	284.9224	0	882.2006	420.3897	0	400.8799	522.8071	0	644.2793	601.7285	0	512.6224	679.6811	0	423.5935	729.1509	0	597.9957	835.5383	0	1143.6257	461.5045	0	1241.6614	534.4775	0	1281.4920	722.5875	0	720.6591	921.8819	0																					
168	15.7001	164.6070	0	97.7646	174.0533	0	353.3515	209.1193	0	277.3931	284.9743	0	881.2762	419.9413	0	400.8966	523.8913	0	643.7714	601.6628	0	512.7628	679.3433	0	423.8947	728.6044	0	598.7893	835.2806	0	1144.4497	461.5144	0	1241.3922	533.4540	0	1280.6295	722.1901	0	720.9225	922.6056	0																					
169	15.5179	164.2167	0	98.3729	173.7497	0	353.7976	208.8691	0	277.3583	285.0431	0	880.4064	419.7063	0	401.4110	523.7048	0	643.6359	602.6899	0	511.9264	679.3455	0	423.8834	728.6304	0	598.6998	835.6616	0	1144.0509	462.0088	0	1240.5094	533.1560	0	1280.3542	722.2788	0	720.8673	922.7821	0																					
170	15.3744	163.4388	0	98.4462	173.8787	0	354.2542	208.8383	0	277.3682	285.0799	0	879.8182	419.4669	0	401.5306	523.9968	0	643.7958	602.7181	0	512.4678	679.4591	0	424.4603	728.8249	0	598.0466	836.0234	0	1144.3734	461.2603	0	1240.6536	533.6085	0	1281.1016	722.7151	0	721.9149	923.1649	0																					
171	15.2609	163.2693	0	98.5842	174.3051	0	354.6508	208.9466	0	277.3408	285.2308	0	879.9238	419.6780	0	402.1498	524.7440	0	643.3271	603.0864	0	512.4409	680.2347	0	423.9212	728.8215	0	597.5721	836.3506	0	1144.7228	461.0826	0	1241.5188	534.0280	0	1281.3912	722.4935	0	723.2250	922.5197	0																					
172	15.2776	163.4806	0	98.4114	173.9657	0	356.0067	209.1440	0	277.3345	285.2487	0	879.4781	420.3236	0	402.5446	525.0322	0	642.7795	602.9024	0	513.0996	681.2989	0	424.0400	728.5493	0	597.9181	836.5256	0	1144.7639	461.4184	0	1241.7319	533.4700	0	1282.2153	722.6655	0	723.3925	922.0836	0																					
173	15.5198	163.3741	0	98.4809	173.3081	0	355.9848	209.2506	0	277.3877	285.0485	0	879.5640	420.2969	0	402.3524	524.3835	0	642.6794	602.2395	0	514.1798	681.3348	0	424.4859	728.3336	0	598.2645	836.0059	0	1144.6497	461.9665	0	1241.7347	533.0466	0	1282.2141	722.3293	0	722.8851	922.0419	0																					
174	15.4298	163.1368	0	98.6765	173.4242	0	356.2206	209.2757	0	277.4031	284.8447	0	879.2342	420.0636	0	402.6287	522.9649	0	642.6611	602.0673	0	514.2836	680.9748	0	424.7358	727.5939	0	598.5009	835.8174	0	1143.5256	461.7470	0	1241.0947	532.9030	0	1281.6292	722.4298	0	722.8845	921.1851	0																					
175	15.4981	163.4381	0	98.2681	172.9479	0	355.7037	209.2363	0	277.3831	284.7347	0	878.6873	419.9025	0	403.0584	522.6047	0	643.1087	602.0056	0	513.9010	680.8456	0	424.6621	727.6812	0	597.8611	836.3339	0	1143.0985	462.2564	0	1241.4811	532.1909	0	1281.4819	722.8853	0	723.3052	920.5770	0																					
176	15.3855	163.6552	0	97.7454	173.5880	0	355.8723	210.3059	0	277.3722	284.8489	0	878.0522	419.4667	0	403.4501	523.9174	0	643.2850	602.1921	0	513.9215	681.2273	0	425.4665	728.7864	0	597.4591	836.0228	0	1142.7122	462.3471	0	1241.6698	531.5216	0	1281.3253	722.5172	0	722.1520	920.9988	0																					
177	15.3390	163.5873	0	97.7486	173.9165	0	356.2163	210.3510	0	277.4020	284.9774	0	877.5182	420.0703	0	402.5465	524.5160	0	642.7189	601.7021	0	514.6458	681.5754	0	426.1590	728.9059	0	597.5132	835.9884	0	1141.8546	463.4028	0	1241.2535	531.2512	0	1281.4941	722.2272	0	723.0199	921.3336	0																					
178	15.3582	163.5612	0	97.1495	174.3845	0	356.9154	209.8776	0	277.4015	285.0635	0	877.2620	420.7877	0	401.9062	524.3451	0	641.7620	601.7107	0	514.5655	682.0485	0	425.5186	729.0263	0	597.2630	835.8741	0	1142.3239	463.7654	0	1241.8982	531.0414	0	1280.9252	722.7396	0	722.7424	921.4076	0																					
179	15.0223	164.1879	0	97.0489	175.2165	0	357.4878	209.5131	0	277.2963	285.1121	0	877.0084	420.8388	0	401.3283	524.3011	0	640.8586	602.1663	0	514.4618	681.9809	0	425.3263	729.3546	0	596.7971	835.3576	0	1142.8522	464.0155	0	1241.4368	530.2460	0	1281.7316	722.9893	0	723.1321	922.0725	0																					
180	14.8148	164.9528	0	96.6950	176.1050	0	357.4399	209.9946	0	277.3135	285.1799	0	877.6177	421.7380	0	401.4205	524.1602	0	640.3869	602.5349	0	513.5767	682.6269	0	425.1553	730.3663	0	596.5019	836.1371	0	1142.7826	463.4977	0	1240.9868	530.4834	0	1281.7540	723.4217	0	722.7140	922.0142	0																					
181	14.5415	165.2845	0	96.0668	176.2082	0	357.1301	210.6070	0	277.3485	285.0711	0	877.8160	421.9496	0	400.7595	525.1169	0	639.9730	601.5454	0	513.2507	683.0610	0	425.2826	729.9697	0	597.4310	836.5784	0	1142.5962	463.9015	0	1240.9594	530.2360	0	1282.2468	723.2528	0	722.9752	922.6410	0																					
182	14.6484	165.9451	0	96.9882	176.5558	0	356.9793	210.7571	0	277.3614	285.0327	0	877.8929	421.5518	0	400.6611	525.1404	0	639.6487	601.5099	0	514.2044	682.6104	0	425.8814	729.9275	0	597.6303	837.1877	0	1142.7716	463.8242	0	1240.8748	530.3077	0	1282.3995	722.9524	0	723.3621	922.5449	0																					
183	15.0871	164.7309	0	97.8100	176.2756	0	356.9961	210.6924	0	277.3530	284.8882	0	878.7063	420.9561	0	400.5645	524.9114	0	639.4798	601.4772	0	513.9847	681.8115	0	425.5178	729.4394	0	597.9244	837.2326	0	1142.4226	463.0573	0	1240.9044	529.5359	0	1282.5662	722.7357	0	723.9010	922.5175	0																					
184	15.2776	164.7100	0	98.1620	176.3569	0	358.2999	211.5676	0	277.4204	284.9141	0	878.8052	420.6200	0	400.0216	525.3828	0	638.9617	601.3641	0	514.0364	680.7374	0	425.6793	729.3238	0	598.5171	837.1494	0	1141.7548	462.3388	0	1240.9536	530.0778	0	1282.7803	723.0286	0	724.9402	922.3005	0																					
185	14.8921	164.0992	0	97.7271	176.9587	0	357.8956	211.2842	0	277.3852	285.0086	0	878.6207	420.6350	0	399.5606	524.9968	0	638.9891	601.2377	0	513.9215	680.7147	0	426.0319	729.2017	0	598.8299	836.2947	0	1141.2545	461.6244	0	1240.5701	529.8956	0	1282.5741	722.8951	0	725.9272	922.3219	0																					
186	14.5631	164.4470	0	97.7464	177.1311	0	357.6807	211.3450	0	277.3981	285.0178	0	878.7965	420.7915	0	399.1435	525.6124	0	638.5527	601.2020	0	513.8807	681.2093	0	425.8370	728.6397	0	599.5943	836.4000	0	1141.4149	460.9816	0	1240.5903	529.5452	0	1281.8801	723.1368	0	725.5815	922.3456	0																					
187	14.5899	163.9721	0	98.1632	175.9340	0	358.0472	210.9743	0	277.3545	284.9256	0	879.4721	421.0101	0	399.0573	525.6459	0	637.9921	601.2678	0	514.1039	681.8283	0	425.2890	727.8079	0	599.5304	836.6210	0	1141.4080	460.9267	0	1240.5844	529.1623	0	1281.3948	723.0784	0	725.0002	922.3051	0																					
188	14.4171	164.0670	0	97.7178	175.7812	0	358.4991	210.6515	0	277.3886	284.8071	0	879.9347	421.5435	0	399.9072	525.5107	0	637.9623	600.7885	0	514.8948	681.6719	0	425.2611	727.8308	0	599.7221	837.3975	0	1141.7352	460.4696	0	1240.0939	528.9475	0	1281.2623	722.9722	0	725.1645	923.5495	0																					
189	14.3182	164.5733	0	97.3755	175.5896	0	358.3573	210.1931	0	277.4448	284.9024	0	880.9945	422.1789	0	401.3562	525.8528	0	637.6667	599.7396	0	515.8177	681.2288	0	425.7012	728.0970	0	600.3517	837.8763	0	1141.3993	460.0912	0	1239.9820	527.9497	0	1281.1624	723.6204	0	724.2994	924.4321	0																					
190	14.1225	164.2537	0	96.6954	175.2489	0	357.9400	209.3465	0	277.3758	284.9720	0	881.0660	423.3828	0	401.6610	526.1653	0	637.8464	599.9547	0	515.8713	681.0283	0	426.2236	727.9348	0	600.5527	837.3110	0	1141.5404	459.9214	0	1240.3766	527.2649	0	1280.8243	723.5000	0	724.7716	924.4845	0																					
191	13.9674	163.3461	0	96.3112	175.1556	0	357.7138	209.1801	0	277.3205	285.0506	0	881.1930	423.9504	0	400.8800	526.6360	0	637.3885	600.2658	0	515.7384	681.1821	0	425.5248	727.7205	0	600.6520	836.7515	0	1140.6956	459.7013	0	1240.4360	526.2265	0	1280.6781	722.9780	0	724.4557	925.3091	0																					
192	14.3109	163.4335	0	96.9802	176.1668	0	357.8650	208.9762	0	277.3007	285.1120	0	881.1741	424.8102	0	400.6666	525.7375	0	638.4030	599.9185	0	515.8162	680.4708	0	425.7628	727.8757	0	600.9618	836.7629	0	1141.3934	459.6021	0	1240.9126	526.3980	0	1280.1927	723.0290	0	724.3981	925.2098	0																					
193	14.2782	163.5865	0	96.8915	176.3254	0	357.6712	209.9429	0	277.3218	285.1021	0	881.6587	424.4461	0	400.3451	525.4340	0	638.2112	599.1099	0	516.2164	680.8668	0	425.6889	727.3505	0	601.2424	836.7510	0																																	
194	14.1571	163.1796	0	96.8177	176.2314	0	357.4893	211.8422	0	277.4579	285.0529	0	882.1835	423.5366	0	400.7062	525.6065	0	637.8364	598.0299	0	516.5612	680.4550	0	425.9117	727.3097	0	601.4976	836.9833	0																																	
195	14.1399	163.0281	0	96.8192	176.5591	0	357.0021	212.0851	0	277.4482	284.9685	0	882.7873	423.3524	0	401.3504	526.2632	0	637.6254	598.3206	0	516.5278	680.0698	0	425.7242	728.1984	0	601.4472	837.8186	0																																	
196	14.1350	163.0145	0	96.9289	176.3295	0	356.8668	212.4554	0	277.3597	284.8793	0	883.7407	422.4575	0	401.9622	525.6018	0	636.6984	599.4317	0	515.9418	679.2572	0	424.9724	727.1281	0	601.3135	837.7881	0																																	
197	14.0864	162.8768	0	96.7494	176.7923	0	357.1166	212.7146	0	277.3904	284.8818	0	883.8525	422.3074	0	401.1124	524.5897	0	635.8084	600.3847	0	516.4351	679.3237	0	424.6940	725.7965	0	602.1267	837.4290	0																																	
198	14.2751	162.4255	0	97.2318	177.3219	0	357.0374	212.1626	0	277.3442	284.9214	0	884.2125	423.0129	0	400.7313	524.2567	0	635.9517	601.0749	0	516.3417	679.1583	0	424.8421	726.4741	0	602.1478	837.8189	0																																	
199	14.3068	162.6696	0	97.3706	177.9565	0	356.5505	211.7895	0	277.3780	284.9586	0	885.2433	423.1500	0	400.4370	523.7784	0	635.1390	601.5664	0	516.1128	679.5107	0	424.7130	725.7004	0	601.7570	838.2335	0																																	
200	14.2456	163.2798	0	97.7055	178.3507	0	355.9963	211.3397	0	277.3737	284.9266	0	885.6493	423.7132	0	399.6144	523.7797	0	634.9507	601.8253	0	516.0618	679.8532	0	424.1737	725.3498	0	601.4683	837.4919	0																																	
201	14.1111	164.3165	0	97.1861	177.5291	0	355.8273	211.0748	0	277.3396	285.0758	0	885.7152	423.8241	0	398.8606	524.1216	0	634.1921	601.5768	0	515.7566	680.2091	0	424.0620	725.7352	0	601.8474	837.5317	0																																	
202	13.7177	164.6546	0	96.9845	177.2701	0	355.3606	210.7722	0	277.3330	285.0658	0	886.5590	424.0137	0	398.1606	524.0900	0	633.4896	601.7664	0	515.5111	680.4527	0	423.6574	725.5918	0	603.5361	837.7996	0																																	
203	13.4547	165.0070	0	97.3687	177.1850	0	355.3484	210.2962	0	277.3907	284.9995	0	886.6238	424.3900	0	398.4439	522.9130	0	633.6210	601.0299	0	516.1171	680.8931	0	424.1293	725.5068	0	603.6548	837.6008	0																																	
204	13.5728	165.0382	0	97.4457	176.4665	0	355.4291	210.0667	0	277.3517	284.8428	0	886.1902	423.7865	0	398.8771	521.8795	0	634.8206	599.9333	0	516.8513	680.2664	0	424.4022	725.4306	0	603.7514	837.1939	0																																	
205	13.5604	164.7491	0	97.3366	177.0571	0	355.6614	210.5956	0	277.4468	284.9292	0	886.2310	423.7515	0	398.2845	521.0220	0	635.9916	599.4714	0	517.3909	680.0202	0	424.7197	725.9718	0	604.6547	836.2291	0																																	
206	13.4031	164.0116	0	96.4950	177.7967	0	356.0329	211.4893	0	277.4325	284.9257	0	886.4718	424.1255	0	397.5917	520.6189	0	636.3751	599.5787	0	517.9484	679.8476	0	425.3834	726.1805	0	604.8486	835.8799	0																																	
207	13.2247	164.1504	0	95.7553	178.9348	0	356.0269	211.9848	0	277.3483	285.0226	0	887.0501	424.3274	0	397.1581	520.7184	0	636.3707	599.6240	0	518.0765	679.1456	0	425.8448	726.1353	0	604.7563	835.2280	0																																	
208	13.2038	163.4196	0	95.6857	179.1976	0	356.5009	212.5952	0	277.3451	285.0978	0	886.9877	423.9322	0	396.2322	520.7484	0	636.0112	599.6951	0	517.6331	678.6892	0	425.3868	726.8653	0	604.7284	835.0190	0																																	
209	13.1631	162.6805	0	95.4495	179.1685	0	357.0411	213.2068	0	277.3964	285.0156	0	887.2597	423.9554	0	395.6215	521.5872	0	635.9405	599.1331	0	517.3840	677.6999	0	425.4522	726.9843	0	605.5488	834.7262	0																																	
210	13.0535	162.4028	0	95.4333	179.0192	0	356.9519	213.1284	0	277.4160	284.9589	0	887.6171	423.7237	0	395.9078	521.6060	0	635.5708	597.9575	0	517.3649	678.0669	0	424.9345	726.9818	0	604.9969	833.8580	0																																	
211	13.5771	162.9009	0	95.6426	179.1302	0	357.1276	212.5278	0	277.4533	284.9330	0	887.7150	423.6092	0	396.2136	521.9180	0	635.7576	597.3990	0	516.7265	677.3818	0	424.5854	726.5341	0	603.6079	833.1995	0																																	
212	13.7914	162.3086	0	95.2938	179.2115	0	357.1523	211.7024	0	277.3801	284.9044	0	887.8879	424.0384	0	396.6863	521.9773	0	635.8190	597.3305	0	516.8165	676.5255	0	424.0519	725.5919	0	602.5421	833.9849	0																																	
213	13.9929	162.3277	0	95.0387	178.9365	0	357.6890	212.9777	0	277.3201	284.8854	0	888.2805	424.2468	0	396.7461	521.0160	0	635.8218	596.8874	0	517.1459	677.0342	0	423.8792	725.0242	0	602.1091	834.0211	0																																	
214	13.9044	162.6260	0	95.2778	178.7404	0	358.6132	212.9329	0	277.3413	284.8798	0	888.5790	424.4549	0	396.4015	520.5267	0	637.3761	596.6386	0	517.7172	677.0776	0	424.0515	724.4731	0	602.6135	833.8699	0																																	
215	13.9662	163.0239	0	95.2211	178.7378	0	358.4348	212.8616	0	277.4156	284.9534	0	888.6279	424.5485	0	396.6361	520.4597	0	638.2031	596.9789	0	518.5176	677.4196	0	423.9306	724.3525	0	602.7988	833.6329	0																																	
216	13.8173	163.4496	0	95.5109	178.7715	0	358.9942	213.0436	0	277.4390	284.9991	0	888.5738	424.2615	0	396.4357	519.8398	0	638.9706	597.5096	0	518.7153	677.1019	0	425.2452	724.3803	0	602.4301	833.9773	0																																	
217	13.4793	163.7548	0	95.1458	178.9167	0	358.3294	212.9835	0	277.3589	285.0383	0	887.7198	424.0476	0	396.1720	519.8295	0	638.6471	598.2272	0	518.6101	677.0817	0	425.1929	724.1334	0	601.7791	833.8940	0																																	
218	13.5344	163.5966	0	95.0729	179.5574	0	357.7569	212.6669	0	277.2725	285.1773	0	888.6576	423.6565	0	396.2970	519.8670	0	639.6352	598.5048	0	518.7760	676.9657	0	425.2558	724.0444	0	601.0445	834.1367	0																																	
219	13.3934	163.6410	0	95.0121	180.0604	0	357.3347	212.0608	0	277.2776	285.1809	0	888.9548	423.6429	0	396.4571	520.2375	0	639.8666	599.0107	0	518.6864	677.4019	0	425.0662	724.3179	0	601.1232	834.3593	0																																	
220	13.6503	163.2082	0	95.1615	179.7082	0	357.9448	212.5414	0	277.3833	285.0964	0	888.6263	424.2044	0	396.6816	520.2849	0	640.6171	598.5065	0	518.8429	677.2267	0	425.5050	724.4265	0	600.9590	834.9231	0																																	
221	13.8142	163.2807	0	94.3017	178.9717	0	358.3205	212.7760	0	277.4790	284.9193	0	888.5616	424.0131	0	396.8005	519.8845	0	640.6899	597.9211	0	518.8546	677.7963	0	425.7618	723.8488	0	601.2759	834.7942	0																																	
222	13.7333	162.7812	0	94.0634	179.0853	0	358.0452	212.4934	0	277.4280	284.7054	0	888.1007	423.9366	0	397.4728	519.0485	0	640.7469	597.8815	0	518.4884	677.0757	0	426.2547	724.1304	0	600.5047	834.9710	0																																	
223	13.7777	162.4245	0	93.6639	179.3215	0	358.5305	212.6069	0	277.4644	284.6394	0	888.1687	423.4366	0	397.4527	519.0497	0	641.1737	597.9059	0	518.2656	677.6438	0	426.2585	724.2844	0	600.2000	835.0566	0																																	
224	13.5652	160.8824	0	93.3519	178.0690	0	357.8035	212.8064	0	277.4080	284.6802	0	887.7943	423.1559	0	397.1944	519.2750	0	642.1216	598.1595	0	518.4283	678.0927	0	425.8009	723.7919	0	601.1700	834.9891	0																																	
225	13.3081	161.0225	0	93.0742	177.5939	0	358.2223	212.9123	0	277.3495	284.8631	0	887.8044	423.1974	0	396.3812	520.2376	0	642.4603	598.8583	0	518.5302	678.5051	0	425.6165	723.2902	0	601.3169	835.3376	0																																	
226	13.2723	161.6423	0	93.6478	177.5290	0	358.2457	213.1403	0	277.4228	285.0002	0	888.0032	423.0426	0	396.6052	520.8116	0	642.7531	599.0545	0	519.0628	678.0698	0	425.5496	723.1180	0	601.5194	834.9983	0																																	
227	13.3647	161.7297	0	93.3798	178.3472	0	358.4897	213.0787	0	277.3473	285.0705	0	888.2612	423.3736	0	396.7966	520.9898	0	641.9516	599.3574	0	519.1553	677.7648	0	424.9526	723.2748	0	601.3566	834.6594	0																																	
228	12.9977	161.7908	0	92.6323	177.8620	0	359.5127	212.5931	0	277.3618	285.1027	0	888.4350	424.2021	0	396.1911	521.3135	0	641.4518	599.0673	0	519.6466	677.9970	0	424.9469	723.5054	0	600.7502	834.9546	0																																	
229	12.8975	161.4769	0	92.8359	177.2036	0	359.9267	212.1471	0	277.4052	284.9853	0	887.7847	424.1245	0	396.0107	520.7391	0	641.0707	598.9219	0	520.0244	678.4772	0	424.9405	724.1409	0	601.1483	834.9261	0																																	
230	12.7318	161.3493	0	92.3475	177.3136	0	359.3852	212.1260	0	277.3991	284.8979	0	887.8588	424.6413	0	395.3623	520.2852	0	640.8107	598.7195	0	520.0791	679.2244	0	424.7280	724.0305	0	601.4191	834.5904	0																																	
231	12.8655	161.9463	0	92.0034	177.6217	0	359.3185	211.9685	0	277.3733	284.9586	0	888.1733	425.1435	0	394.2558	520.0711	0	640.5818	598.3638	0	520.0248	679.8268	0	425.2578	723.5588	0	601.7216	833.8583	0																																	
232	12.6018	162.8397	0	91.4892	177.8649	0	358.9293	211.6573	0	277.3319	284.8996	0	888.1295	425.5196	0	393.3402	519.7368	0	640.5936	598.1848	0	520.4512	680.8285	0	425.1788	723.1373	0	601.7056	834.7329	0																																	
233	12.6479	163.1598	0	91.4402	177.5238	0	358.5990	211.2716	0	277.3676	284.9546	0	888.0997	426.3867	0	393.6703	519.3481	0	640.4543	598.5843	0	520.7833	681.0071	0	425.4181	722.8422	0	600.9147	834.5975	0																																	
234	12.7488	163.1119	0	91.6327	177.4910	0	358.0597	211.1556	0	277.3662	284.9155	0	887.9832	427.4263	0	394.5916	518.8798	0	640.3678	598.2974	0	520.6781	680.9783	0	425.3666	722.0505	0	601.4126	833.8816	0																																	
235	12.4639	163.6894	0	91.4084	177.4607	0	358.1614	211.1842	0	277.3844	284.9145	0	887.6798	426.7900	0	394.5845	518.9709	0	640.7871	597.0910	0	520.1736	680.8718	0	425.3132	722.0722	0	602.2098	833.7652	0																																	
236	12.4952	163.4334	0	90.4513	176.5758	0	357.6482	211.7085	0	277.3704	284.9280	0	887.1265	427.0277	0	394.1775	519.7086	0	640.9680	597.3245	0	520.0403	681.1988	0	425.5679	722.4457	0	602.2957	833.3013	0																																	
237	12.3834	162.8676	0	90.6568	176.7606	0	357.9440	212.0592	0	277.3336	284.9422	0	886.5592	427.6846	0	395.2178	519.3362	0	641.0789	598.3865	0	520.6208	681.5743	0	425.5095	721.7734	0	602.1846	832.5342	0																																	
238	12.2712	162.5760	0	90.5997	176.9793	0	358.0620	212.4155	0	277.3786	284.9659	0	886.6185	427.7783	0	395.6092	519.1147	0	641.1562	599.2737	0	520.8007	681.9537	0	425.6637	721.7504	0	602.0374	831.8308	0																																	
239	12.2473	162.6545	0	90.5184	177.8354	0	357.9916	212.7563	0	277.3776	285.0285	0	886.1858	427.0466	0	395.3765	518.8501	0	641.0427	599.0684	0	520.0872	681.8637	0	424.9480	721.6196	0	601.9129	831.4571	0																																	
240	12.3613	162.5649	0	90.6248	177.9852	0	358.1266	212.4366	0	277.3969	285.0002	0	885.9308	427.1112	0	395.7821	518.6102	0	640.7591	598.7749	0	520.4774	681.9351	0	425.4751	721.6755	0	602.8015	831.0828	0																																	
