Frame	X1	Y1	Flag1	X2	Y2	Flag2	X3	Y3	Flag3	X4	Y4	Flag4
1	1213.5000	340.5000	0	271.2688	446.8848	0	261.0000	454.5000	0	244.3294	454.4947	0
2	1213.5000	339.0000	0	273.7355	444.6591	0	279.9588	461.0461	0	246.2411	457.6073	0
3	1215.0000	337.5000	0	274.3092	446.9525	0	279.9792	460.8896	0	246.1635	459.2789	0
4	1216.5000	339.0000	0	274.9347	446.2033	0	280.7064	459.8893	0	245.9272	459.3153	0
5	1215.0000	339.0000	0	269.8886	442.7192	0	280.1689	458.9912	0	245.2183	455.1497	0
6	1215.0000	336.0000	0	270.2948	442.0808	0	279.1826	460.1457	0	256.5000	460.5000	0
7	1218.0000	334.5000	0	271.7985	441.1024	0	279.4262	458.0471	0	256.5000	460.5000	0
8	1218.0000	339.0000	0	270.3311	441.0180	0	279.7137	456.1891	0	246.2124	454.2921	0
9	1218.0000	337.5000	0	271.2353	441.9509	0	279.8341	456.7777	0	246.9355	453.0673	0
10	1219.5000	334.5000	0	276.4229	442.9644	0	279.9875	460.6411	0	245.6161	454.5011	0
11	1221.0000	337.5000	0	275.9452	442.1977	0	280.1535	461.3929	0	246.4989	452.7299	0
12	1218.0000	337.5000	0	274.8347	442.5571	0	279.3462	461.7082	0	246.3242	453.7876	0
13	1215.0000	334.5000	0	274.2625	440.8922	0	279.2979	462.4000	0	245.6230	455.2102	0
14	1219.5000	336.0000	0	275.9970	440.4219	0	262.5000	456.0000	0	265.5000	456.0000	0
15	1218.0000	339.0000	0	272.0839	439.2114	0	258.0000	451.5000	0	265.5000	456.0000	0
16	1219.5000	337.5000	0									
17	1221.0000	336.0000	0									
18	1221.0000	337.5000	0									
19	1221.0000	336.0000	0									
20	1221.0000	337.5000	0									
21	1222.5000	343.5000	0									
22	1222.5000	342.0000	0									
23	1222.5000	342.0000	0									
24	1221.0000	343.5000	0									
25	1222.5000	342.0000	0									
26	1222.5000	340.5000	0									
27	1227.0000	342.0000	0									
28	1225.5000	343.5000	0									
29	1227.0000	343.5000	0									
30	1227.0000	342.0000	0									
31	1228.5000	343.5000	0									
32	1230.0000	343.5000	0									
33	1230.0000	342.0000	0									
34	1231.5000	345.0000	0									
35	1234.5000	343.5000	0									
36	1236.0000	342.0000	0									
37	1236.0000	342.0000	0									
38	1236.0000	342.0000	0									
39	1234.5000	340.5000	0									
40	1234.5000	339.0000	0									
41	1234.5000	340.5000	0									
42	1233.0000	342.0000	0									
43	1233.0000	342.0000	0									
44	1234.5000	342.0000	0									
45	1234.5000	340.5000	0									
46	1231.5000	342.0000	0									
47	1230.0000	339.0000	0									
48	1233.0000	340.5000	0									
49	1234.5000	343.5000	0									
50	1234.5000	339.0000	0									
51	1236.0000	342.0000	0									
52	1234.5000	346.5000	0									
53	1234.5000	343.5000	0									
54	1236.0000	342.0000	0									
55	1237.5000	345.0000	0									
56	1236.0000	342.0000	0									
57	1237.5000	340.5000	0									
58	1240.5000	342.0000	0									
59	1239.0000	343.5000	0									
60	1239.0000	342.0000	0									
61	1240.5000	342.0000	0									
62	1240.5000	340.5000	0									
63	1240.5000	342.0000	0									
64	1243.5000	345.0000	0									
65	1243.5000	343.5000	0									
66	1243.5000	343.5000	0									
67	1245.0000	343.5000	0									
68	1246.5000	342.0000	0									
69	1246.5000	342.0000	0									
70	1248.0000	342.0000	0									
71	1248.0000	342.0000	0									
72	1248.0000	339.0000	0									
73	1249.5000	339.0000	0									
74	1251.0000	340.5000	0									
75	1249.5000	339.0000	0									
76	1251.0000	339.0000	0									
77	1252.5000	342.0000	0									
78	1251.0000	340.5000	0									
79	1251.0000	342.0000	0									
80	1251.0000	342.0000	0									
81	1251.0000	340.5000	0									
82	1251.0000	345.0000	0									
83	1251.0000	343.5000	0									
84	1251.0000	340.5000	0									
85	1251.0000	343.5000	0									
86	1251.0000	343.5000	0									
87	1252.5000	340.5000	0									
88	1254.0000	343.5000	0									
89	1254.0000	345.0000	0									
90	1254.0000	343.5000	0									
91	1254.0000	343.5000	0									
92	1254.0000	345.0000	0									
93	1254.0000	342.0000	0									
94	1255.5000	343.5000	0									
95	1255.5000	346.5000	0									
96	1258.5000	345.0000	0									
97	1258.5000	345.0000	0									
98	1257.0000	343.5000	0									
99	1257.0000	343.5000	0									
100	1255.5000	342.0000	0									
101	1254.0000	340.5000	0									
102	1254.0000	342.0000	0									
103	1254.0000	342.0000	0									
104	1255.5000	342.0000	0									
105	1254.0000	343.5000	0									
106	1255.5000	343.5000	0									
107	1254.0000	343.5000	0									
108	1254.0000	343.5000	0									
109	1252.5000	346.5000	0									
110	1254.0000	343.5000	0									
111	1254.0000	343.5000	0									
112	1251.0000	342.0000	0									
113	1249.5000	340.5000	0									
114	1252.5000	339.0000	0									
115	1251.0000	340.5000	0									
116	1252.5000	340.5000	0									
117	1254.0000	339.0000	0									
118	1255.5000	337.5000	0									
119	1255.5000	337.5000	0									
120	1257.0000	340.5000	0									
121	1255.5000	339.0000	0									
122	1255.5000	339.0000	0									
123	1255.5000	339.0000	0									
124	1255.5000	340.5000	0									
125	1257.0000	340.5000	0									
126	1258.5000	340.5000	0									
127	1257.0000	340.5000	0									
128	1254.0000	337.5000	0									
129	1252.5000	339.0000	0									
130	1254.0000	340.5000	0									
131	1252.5000	339.0000	0									
132	1252.5000	339.0000	0									
133	1254.0000	342.0000	0									
134	1254.0000	342.0000	0									
135	1254.0000	342.0000	0									
136	1254.0000	340.5000	0									
137	1257.0000	342.0000	0									
138	1258.5000	340.5000	0									
139	1260.0000	342.0000	0									
140	1258.5000	343.5000	0									
141	1260.0000	343.5000	0									
142	1261.5000	342.0000	0									
143	1261.5000	342.0000	0									
144	1263.0000	340.5000	0									
145	1261.5000	343.5000	0									
146	1263.0000	343.5000	0									
147	1263.0000	343.5000	0									
148	1263.0000	342.0000	0									
149	1263.0000	342.0000	0									
150	1264.5000	342.0000	0									
151	1264.5000	340.5000	0									
152	1263.0000	340.5000	0									
153	1261.5000	340.5000	0									
154	1261.5000	339.0000	0									
155	1261.5000	340.5000	0									
156	1261.5000	339.0000	0									
157	1263.0000	337.5000	0									
158	1261.5000	337.5000	0									
159	1260.0000	337.5000	0									
160	1261.5000	339.0000	0									
161	1261.5000	337.5000	0									
162	1261.5000	339.0000	0									
163	1261.5000	340.5000	0									
164	1261.5000	337.5000	0									
165	1261.5000	337.5000	0									
166	1261.5000	339.0000	0									
167	1263.0000	339.0000	0									
168	1261.5000	337.5000	0									
169	1261.5000	337.5000	0									
170	1260.0000	337.5000	0									
171	1260.0000	337.5000	0									
172	1261.5000	339.0000	0									
173	1260.0000	337.5000	0									
174	1258.5000	340.5000	0									
175	1261.5000	336.0000	0									
176	1261.5000	336.0000	0									
177	1261.5000	337.5000	0									
178	1261.5000	336.0000	0									
179	1258.5000	337.5000	0									
180	1255.5000	336.0000	0									
181	1257.0000	336.0000	0									
182	1257.0000	340.5000	0									
183	1255.5000	339.0000	0									
184	1255.5000	340.5000	0									
185	1254.0000	339.0000	0									
186	1254.0000	339.0000	0									
187	1254.0000	337.5000	0									
188	1255.5000	337.5000	0									
189	1257.0000	339.0000	0									
190	1255.5000	339.0000	0									
191	1257.0000	340.5000	0									
192	1257.0000	340.5000	0									
193	1255.5000	339.0000	0									
194	1258.5000	339.0000	0									
195	1257.0000	337.5000	0									
196	1255.5000	339.0000	0									
197	1258.5000	337.5000	0									
198	1255.5000	337.5000	0									
199	1257.0000	336.0000	0									
200	1258.5000	339.0000	0									
201	1260.0000	342.0000	0									
202	1255.5000	342.0000	0									
203	1258.5000	340.5000	0									
204	1257.0000	342.0000	0									
205	1257.0000	340.5000	0									
206	1257.0000	340.5000	0									
207	1257.0000	340.5000	0									
208	1260.0000	342.0000	0									
209	1257.0000	342.0000	0									
210	1258.5000	340.5000	0									
211	1257.0000	340.5000	0									
212	1258.5000	337.5000	0									
213	1258.5000	340.5000	0									
214	1260.0000	342.0000	0									
215	1258.5000	340.5000	0									
216	1257.0000	339.0000	0									
217	1257.0000	340.5000	0									
218	1257.0000	337.5000	0									
219	1258.5000	337.5000	0									
220	1260.0000	337.5000	0									
221	1258.5000	340.5000	0									
222	1258.5000	337.5000	0									
223	1260.0000	337.5000	0									
224	1261.5000	337.5000	0									
225	1263.0000	336.0000	0									
226	1264.5000	336.0000	0									
227	1264.5000	339.0000	0									
228	1266.0000	337.5000	0									
