Frame	X1	Y1	Flag1	X2	Y2	Flag2	X3	Y3	Flag3	X4	Y4	Flag4	X5	Y5	Flag5	X6	Y6	Flag6	X7	Y7	Flag7	X8	Y8	Flag8	X9	Y9	Flag9
Tracks 1 to 9
1	1246.50000	433.50000	 	693.00000	411.00000	 	439.50000	771.00000	 	337.50000	376.50000	 	192.00000	1021.50000	 	1066.50000	471.00000	 	 	 	 	 	 	 	 	 	 
2	1249.50000	435.00000	 	685.50000	418.50000	 	441.00000	772.50000	 	337.50000	376.50000	 	192.00000	1021.50000	 	1066.50000	471.00000	 	 	 	 	 	 	 	 	 	 
3	1251.00000	433.50000	 	690.00000	415.50000	 	441.00000	772.50000	 	337.50000	378.00000	 	190.50000	1023.00000	 	1068.00000	471.00000	 	 	 	 	 	 	 	 	 	 
4	1254.00000	433.50000	 	691.50000	412.50000	 	441.00000	774.00000	 	337.50000	378.00000	 	192.00000	1023.00000	 	1063.50000	468.00000	 	 	 	 	 	 	 	 	 	 
5	1252.50000	432.00000	 	688.50000	415.50000	 	436.50000	771.00000	 	336.00000	378.00000	 	193.50000	1023.00000	 	1065.00000	468.00000	 	 	 	 	 	 	 	 	 	 
6	1252.50000	432.00000	 	688.50000	415.50000	 	438.00000	771.00000	 	336.00000	378.00000	 	192.00000	1021.50000	 	1066.50000	468.00000	 	 	 	 	 	 	 	 	 	 
7	1246.50000	432.00000	 	690.00000	411.00000	 	438.00000	771.00000	 	336.00000	378.00000	 	193.50000	1023.00000	 	1066.50000	468.00000	 	 	 	 	 	 	 	 	 	 
8	1245.00000	433.50000	 	691.50000	412.50000	 	439.50000	771.00000	 	334.50000	376.50000	 	193.50000	1021.50000	 	1066.50000	469.50000	 	 	 	 	 	 	 	 	 	 
9	1245.00000	432.00000	 	691.50000	412.50000	 	439.50000	772.50000	 	337.50000	382.50000	 	192.00000	1021.50000	 	1065.00000	468.00000	 	 	 	 	 	 	 	 	 	 
10	1245.00000	433.50000	 	688.50000	415.50000	 	439.50000	771.00000	 	340.50000	388.50000	 	192.00000	1021.50000	 	1066.50000	468.00000	 	 	 	 	 	 	 	 	 	 
11	1243.50000	433.50000	 	688.50000	415.50000	 	439.50000	772.50000	 	337.50000	375.00000	 	190.50000	1023.00000	 	1065.00000	468.00000	 	 	 	 	 	 	 	 	 	 
12	1245.00000	433.50000	 	690.00000	412.50000	 	438.00000	771.00000	 	337.50000	375.00000	 	186.22549	1017.76989	 	1065.00000	468.00000	 	 	 	 	 	 	 	 	 	 
13	1245.00000	433.50000	 	690.00000	412.50000	 	438.00000	772.50000	 	337.50000	384.00000	 	189.00000	1024.50000	 	1065.00000	469.50000	 	 	 	 	 	 	 	 	 	 
14	1249.30145	439.83555	 	690.00000	412.50000	 	436.50000	771.00000	 	336.00000	373.50000	 	187.50000	1023.00000	 	1065.00000	469.50000	 	 	 	 	 	 	 	 	 	 
15	1245.00000	432.00000	 	690.00000	412.50000	 	436.50000	771.00000	 	339.00000	385.50000	 	187.50000	1024.50000	 	1065.00000	469.50000	 	 	 	 	 	 	 	 	 	 
16	1243.50000	433.50000	 	690.00000	411.00000	 	438.00000	771.00000	 	339.00000	385.50000	 	187.50000	1023.00000	 	1065.00000	469.50000	 	 	 	 	 	 	 	 	 	 
17	1240.50000	435.00000	 	688.50000	411.00000	 	439.50000	771.00000	 	339.00000	385.50000	 	187.50000	1024.50000	 	1065.00000	469.50000	 	 	 	 	 	 	 	 	 	 
18	1240.50000	435.00000	 	687.00000	415.50000	 	438.00000	771.00000	 	339.00000	385.50000	 	187.50000	1023.00000	 	1065.00000	469.50000	 	 	 	 	 	 	 	 	 	 
19	1239.00000	435.00000	 	687.00000	418.50000	 	436.50000	769.50000	 	339.00000	387.00000	 	187.50000	1023.00000	 	1065.00000	469.50000	 	 	 	 	 	 	 	 	 	 
20	1240.50000	436.50000	 	688.50000	418.50000	 	436.50000	772.50000	 	334.50000	376.50000	 	187.50000	1023.00000	 	1065.00000	471.00000	 	 	 	 	 	 	 	 	 	 
21	1242.00000	436.50000	 	688.50000	409.50000	 	 	 	 	337.50000	382.50000	 	189.00000	1023.00000	 	1063.50000	469.50000	 	 	 	 	 	 	 	 	 	 
22	1240.50000	436.50000	 	688.50000	409.50000	 	436.50000	772.50000	*	336.00000	379.50000	 	187.50000	1023.00000	 	1065.00000	469.50000	 	 	 	 	 	 	 	 	 	 
23	1240.50000	436.50000	 	688.50000	409.50000	 	435.00000	772.50000	 	336.00000	376.50000	 	187.50000	1023.00000	 	1066.50000	471.00000	 	 	 	 	 	 	 	 	 	 
24	1240.50000	436.50000	 	688.50000	409.50000	 	435.00000	769.50000	 	336.00000	376.50000	 	187.50000	1021.50000	 	1063.50000	471.00000	 	 	 	 	 	 	 	 	 	 
25	1240.50000	438.00000	 	688.50000	409.50000	 	436.50000	768.00000	 	336.00000	379.50000	 	189.00000	1023.00000	 	1065.00000	471.00000	 	 	 	 	 	 	 	 	 	 
26	1242.00000	439.50000	 	687.00000	417.00000	 	 	 	 	334.50000	379.50000	 	189.00000	1023.00000	 	1063.50000	472.50000	 	 	 	 	 	 	 	 	 	 
27	1242.00000	439.50000	 	688.50000	412.50000	 	435.00000	771.00000	*	336.00000	379.50000	 	187.50000	1024.50000	 	1063.50000	474.00000	 	 	 	 	 	 	 	 	 	 
28	1243.50000	439.50000	 	690.00000	412.50000	 	436.50000	771.00000	 	336.00000	381.00000	 	186.00000	1023.00000	 	1065.00000	471.00000	 	 	 	 	 	 	 	 	 	 
29	1242.00000	439.50000	 	690.00000	412.50000	 	436.50000	771.00000	 	336.00000	381.00000	 	187.50000	1021.50000	 	1065.00000	472.50000	 	 	 	 	 	 	 	 	 	 
30	1240.50000	439.50000	 	690.00000	414.00000	 	435.00000	769.50000	 	337.50000	384.00000	 	187.50000	1018.50000	 	1065.00000	472.50000	 	 	 	 	 	 	 	 	 	 
31	1242.00000	439.50000	 	691.50000	414.00000	 	436.50000	769.50000	 	337.50000	381.00000	 	189.00000	1020.00000	 	1066.50000	472.50000	 	 	 	 	 	 	 	 	 	 
32	1243.50000	439.50000	 	691.50000	414.00000	 	436.50000	769.50000	 	339.00000	382.50000	 	189.00000	1020.00000	 	1065.00000	472.50000	 	 	 	 	 	 	 	 	 	 
33	1245.00000	439.50000	 	690.00000	414.00000	 	 	 	 	339.00000	382.50000	 	190.50000	1023.00000	 	1063.50000	474.00000	 	 	 	 	 	 	 	 	 	 
34	1245.00000	439.50000	 	690.00000	414.00000	 	436.50000	768.00000	*	337.50000	381.00000	 	193.50000	1023.00000	 	1063.50000	474.00000	 	 	 	 	 	 	 	 	 	 
35	1245.00000	441.00000	 	690.00000	412.50000	 	435.00000	768.00000	 	336.00000	379.50000	 	193.50000	1023.00000	 	1063.50000	474.00000	 	 	 	 	 	 	 	 	 	 
36	1243.50000	441.00000	 	691.50000	414.00000	 	432.00000	768.00000	 	 	 	 	186.75149	1017.98136	 	1065.00000	475.50000	 	 	 	 	 	 	 	 	 	 
37	1245.00000	441.00000	 	691.50000	414.00000	 	435.00000	768.00000	 	334.50000	382.50000	*	187.09356	1017.64741	 	1065.00000	474.00000	 	 	 	 	 	 	 	 	 	 
38	1245.00000	439.50000	 	693.00000	414.00000	 	435.00000	768.00000	 	337.50000	382.50000	 	190.50000	1023.00000	 	1065.00000	474.00000	 	 	 	 	 	 	 	 	 	 
39	1249.50000	441.00000	 	693.00000	414.00000	 	435.00000	768.00000	 	337.50000	379.50000	 	190.50000	1021.50000	 	1065.00000	474.00000	 	21.75551	556.58659	 	 	 	 	 	 	 
40	1248.00000	442.50000	 	693.00000	415.50000	 	436.50000	768.00000	 	339.00000	382.50000	 	189.00000	1021.50000	 	1065.00000	475.50000	 	 	 	 	 	 	 	 	 	 
41	1248.00000	441.00000	 	691.50000	417.00000	 	433.50000	769.50000	 	339.00000	384.00000	 	186.32764	1017.72200	 	1065.00000	475.50000	 	23.07169	559.49435	*	 	 	 	 	 	 
42	1248.00000	441.00000	 	693.00000	415.50000	 	421.50000	768.00000	 	336.00000	381.00000	 	190.50000	1024.50000	 	1066.50000	475.50000	 	22.62676	558.03599	 	 	 	 	 	 	 
43	1248.00000	441.00000	 	691.50000	415.50000	 	433.50000	769.50000	 	336.00000	379.50000	 	189.00000	1024.50000	 	1065.00000	477.00000	 	22.49862	557.40011	 	 	 	 	 	 	 
44	1249.50000	439.50000	 	691.50000	415.50000	 	433.50000	769.50000	 	336.00000	379.50000	 	189.00000	1024.50000	 	1065.00000	477.00000	 	22.51195	559.01858	 	 	 	 	 	 	 
45	1248.00000	436.50000	 	691.50000	417.00000	 	433.50000	768.00000	 	336.00000	381.00000	 	187.50000	1023.00000	 	1065.00000	477.00000	 	21.54043	557.77002	 	 	 	 	 	 	 
46	1246.50000	436.50000	 	690.00000	417.00000	 	433.50000	766.50000	 	336.00000	381.00000	 	187.50000	1024.50000	 	1066.50000	477.00000	 	20.88556	558.32504	 	 	 	 	 	 	 
47	1248.00000	438.00000	 	691.50000	418.50000	 	435.00000	768.00000	 	334.50000	382.50000	 	189.00000	1024.50000	 	1066.50000	477.00000	 	20.05066	556.75606	 	 	 	 	 	 	 
48	1249.50000	441.00000	 	688.50000	415.50000	 	435.00000	768.00000	 	334.50000	382.50000	 	189.00000	1023.00000	 	1068.00000	477.00000	 	19.99582	558.43208	 	 	 	 	 	 	 
49	1248.00000	439.50000	 	690.00000	414.00000	 	435.00000	769.50000	 	334.50000	382.50000	 	187.50000	1021.50000	 	1066.50000	477.00000	 	20.36936	558.49387	 	 	 	 	 	 	 
50	1249.50000	441.00000	 	687.00000	415.50000	 	436.50000	771.00000	 	334.50000	382.50000	 	187.50000	1021.50000	 	1068.00000	477.00000	 	20.87194	559.33674	 	 	 	 	 	 	 
51	1248.00000	439.50000	 	688.50000	415.50000	 	432.00000	768.00000	 	334.50000	382.50000	 	187.50000	1020.00000	 	1069.50000	477.00000	 	21.16921	559.87223	 	 	 	 	 	 	 
52	1251.00000	439.50000	 	691.04399	413.93830	 	435.00000	771.00000	 	334.50000	382.50000	 	189.00000	1020.00000	 	1068.00000	477.00000	 	21.16186	560.79588	 	 	 	 	 	 	 
53	1248.00000	439.50000	 	688.50000	418.50000	 	435.00000	771.00000	 	334.50000	381.00000	 	190.50000	1018.50000	 	1069.50000	478.50000	 	21.49511	559.63925	 	 	 	 	 	 	 
54	1248.00000	439.50000	 	688.50000	417.00000	 	436.50000	771.00000	 	336.00000	382.50000	 	190.50000	1018.50000	 	1069.50000	477.00000	 	20.87878	559.44023	 	 	 	 	 	 	 
55	1248.00000	439.50000	 	688.50000	417.00000	 	435.00000	772.50000	 	339.00000	382.50000	 	190.50000	1018.50000	 	1071.00000	478.50000	 	20.46318	559.68536	 	 	 	 	 	 	 
56	1246.50000	439.50000	 	688.50000	417.00000	 	436.50000	772.50000	 	339.00000	381.00000	 	190.50000	1020.00000	 	1071.00000	478.50000	 	19.59741	558.78735	 	 	 	 	 	 	 
57	1246.50000	438.00000	 	688.50000	417.00000	 	436.50000	772.50000	 	336.00000	382.50000	 	190.50000	1020.00000	 	1069.50000	478.50000	 	 	 	 	15.00000	574.50000	 	 	 	 
58	1251.11830	441.31367	 	688.50000	415.50000	 	435.00000	772.50000	 	336.00000	382.50000	 	189.00000	1020.00000	 	1069.50000	475.50000	 	 	 	 	16.50000	573.00000	 	 	 	 
59	1246.50000	439.50000	 	688.50000	415.50000	 	436.50000	772.50000	 	336.00000	382.50000	 	189.00000	1021.50000	 	1069.50000	474.00000	 	 	 	 	16.50000	573.00000	 	 	 	 
60	1249.50000	441.00000	 	687.00000	415.50000	 	435.00000	772.50000	 	336.00000	384.00000	 	189.00000	1021.50000	 	1079.48385	476.38582	 	 	 	 	20.49830	571.61096	 	 	 	 
61	1252.50000	439.50000	 	687.00000	418.50000	 	435.00000	771.00000	 	336.00000	385.50000	 	190.50000	1023.00000	 	1069.50000	474.00000	 	 	 	 	15.00000	573.00000	 	 	 	 
62	1251.00000	441.00000	 	687.00000	418.50000	 	435.00000	769.50000	 	336.00000	384.00000	 	190.50000	1023.00000	 	 	 	 	 	 	 	20.14140	572.11714	 	 	 	 
63	1251.00000	441.00000	 	691.85858	413.17274	 	432.00000	768.00000	 	336.00000	384.00000	 	189.00000	1023.00000	 	1069.50000	472.50000	*	 	 	 	15.00000	571.50000	 	 	 	 
64	1251.00000	441.00000	 	685.50000	417.00000	 	432.00000	771.00000	 	336.00000	384.00000	 	187.50000	1023.00000	 	1071.00000	472.50000	 	 	 	 	15.00000	570.00000	 	 	 	 
65	1251.00000	441.00000	 	684.00000	417.00000	 	432.00000	771.00000	 	337.50000	382.50000	 	186.00000	1023.00000	 	 	 	 	 	 	 	20.47479	572.71570	 	 	 	 
66	1251.00000	441.00000	 	685.50000	417.00000	 	436.50000	772.50000	 	337.50000	382.50000	 	186.00000	1023.00000	 	1072.50000	472.50000	*	 	 	 	20.10878	572.16313	 	 	 	 
67	1251.00000	441.00000	 	685.50000	417.00000	 	432.00000	772.50000	 	337.50000	381.00000	 	186.00000	1024.50000	 	1072.50000	472.50000	 	 	 	 	20.65479	572.88374	 	 	 	 
68	1251.00000	439.50000	 	684.00000	418.50000	 	433.50000	774.00000	 	339.00000	381.00000	 	187.50000	1021.50000	 	1072.50000	472.50000	 	 	 	 	20.44982	572.72864	 	 	 	 
69	1251.00000	439.50000	 	684.00000	418.50000	 	432.00000	774.00000	 	336.00000	382.50000	 	187.50000	1018.50000	 	1071.00000	471.00000	 	 	 	 	20.25540	572.47955	 	 	 	 
70	1252.50000	438.00000	 	684.00000	420.00000	 	430.50000	775.50000	 	336.00000	381.00000	 	187.50000	1018.50000	 	1069.50000	472.50000	 	 	 	 	15.00000	570.00000	 	 	 	 
71	1251.00000	438.00000	 	684.00000	420.00000	 	430.50000	774.00000	 	339.00000	382.50000	 	186.00000	1018.50000	 	1069.50000	474.00000	 	 	 	 	16.50000	570.00000	 	 	 	 
72	1252.50000	436.50000	 	685.50000	418.50000	 	427.50000	775.50000	 	337.50000	381.00000	 	187.50000	1018.50000	 	1069.50000	472.50000	 	 	 	 	15.00000	571.50000	 	 	 	 
73	1251.00000	439.50000	 	684.00000	418.50000	 	427.50000	772.50000	 	339.00000	381.00000	 	187.50000	1018.50000	 	1068.00000	472.50000	 	 	 	 	15.00000	570.00000	 	 	 	 
74	1252.50000	438.00000	 	684.00000	421.50000	 	429.00000	774.00000	 	337.50000	379.50000	 	189.00000	1017.00000	 	1069.50000	472.50000	 	 	 	 	15.00000	571.50000	 	 	 	 
75	1252.50000	438.00000	 	684.00000	420.00000	 	427.50000	774.00000	 	337.50000	381.00000	 	189.00000	1015.50000	 	1069.50000	472.50000	 	 	 	 	20.54464	571.71286	 	 	 	 
76	1252.50000	439.50000	 	684.00000	418.50000	 	430.50000	772.50000	 	340.50000	381.00000	 	189.00000	1015.50000	 	1069.50000	472.50000	 	 	 	 	20.92153	571.72590	 	 	 	 
77	1252.50000	438.00000	 	682.50000	418.50000	 	429.00000	772.50000	 	342.00000	384.00000	 	190.50000	1015.50000	 	1069.50000	472.50000	 	 	 	 	18.00000	571.50000	 	 	 	 
78	1254.00000	438.00000	 	684.00000	418.50000	 	429.00000	772.50000	 	340.50000	384.00000	 	190.50000	1018.50000	 	1068.00000	472.50000	 	 	 	 	16.50000	573.00000	 	 	 	 
79	1251.00000	438.00000	 	684.00000	418.50000	 	427.50000	771.00000	 	342.00000	385.50000	 	187.50000	1015.50000	 	1068.00000	472.50000	 	 	 	 	18.00000	571.50000	 	 	 	 
80	1252.50000	439.50000	 	684.00000	418.50000	 	433.50000	771.00000	 	342.00000	385.50000	 	189.00000	1015.50000	 	1069.50000	474.00000	 	 	 	 	20.57643	571.73859	 	 	 	 
81	1254.00000	439.50000	 	685.50000	418.50000	 	433.50000	771.00000	 	340.50000	384.00000	 	190.50000	1017.00000	 	1069.50000	472.50000	 	 	 	 	20.79771	571.68595	 	 	 	 
82	1251.00000	438.00000	 	685.50000	420.00000	 	433.50000	771.00000	 	340.50000	384.00000	 	189.00000	1015.50000	 	 	 	 	 	 	 	21.98276	571.48018	 	 	 	 
83	1254.00000	439.50000	 	687.00000	420.00000	 	424.50000	771.00000	 	340.50000	382.50000	 	187.50000	1017.00000	 	1067.29221	472.05220	*	 	 	 	16.50000	573.00000	 	 	 	 
84	1246.50000	438.00000	 	687.00000	418.50000	 	435.00000	771.00000	 	339.00000	382.50000	 	187.50000	1017.00000	 	1067.53341	472.25618	 	 	 	 	16.50000	573.00000	 	 	 	 
85	1254.00000	439.50000	 	687.00000	418.50000	 	435.00000	771.00000	 	340.50000	381.00000	 	186.00000	1017.00000	 	1067.59402	472.12810	 	 	 	 	16.50000	573.00000	 	 	 	 
86	1254.00000	439.50000	 	688.50000	417.00000	 	421.50000	771.00000	 	340.50000	381.00000	 	190.50000	1020.00000	 	1067.54213	472.94208	 	 	 	 	16.50000	573.00000	 	 	 	 
87	1255.50000	438.00000	 	691.60436	413.53058	 	423.00000	771.00000	 	340.50000	382.50000	 	192.00000	1021.50000	 	1074.00000	472.50000	 	 	 	 	16.50000	573.00000	 	 	 	 
88	1255.50000	438.00000	 	691.48912	413.60192	 	424.50000	769.50000	 	339.00000	381.00000	 	192.00000	1023.00000	 	1067.44512	471.93019	 	 	 	 	16.50000	573.00000	 	 	 	 
89	1255.50000	438.00000	 	688.50000	417.00000	 	426.00000	769.50000	 	339.00000	382.50000	 	192.00000	1023.00000	 	1079.80844	475.85303	 	 	 	 	18.00000	571.50000	 	 	 	 
90	1257.00000	436.50000	 	 	 	 	426.00000	769.50000	 	339.00000	382.50000	 	192.00000	1023.00000	 	1079.93899	475.55841	 	 	 	 	21.30133	571.71627	 	 	 	 
91	1246.50000	439.50000	 	688.50000	415.50000	*	424.50000	768.00000	 	339.00000	384.00000	 	192.00000	1023.00000	 	1079.35908	478.18831	 	 	 	 	20.22992	572.00034	 	 	 	 
92	1246.50000	439.50000	 	687.00000	415.50000	 	426.00000	768.00000	 	339.00000	384.00000	 	186.00000	1017.00000	 	1066.82167	472.47115	 	 	 	 	20.00536	572.47789	 	 	 	 
93	 	 	 	691.53887	413.43912	 	426.00000	769.50000	 	339.00000	385.50000	 	186.00000	1015.50000	 	1069.50000	477.00000	 	 	 	 	15.00000	574.50000	 	1261.50000	436.50000	 
94	1245.00000	438.00000	*	691.68013	413.79686	 	426.00000	769.50000	 	340.50000	387.00000	 	184.50000	1015.50000	 	1069.50000	475.50000	 	 	 	 	16.50000	573.00000	 	 	 	 
95	 	 	 	 	 	 	427.50000	769.50000	 	339.00000	387.00000	 	184.50000	1015.50000	 	1069.50000	475.50000	 	 	 	 	15.00000	573.00000	 	1260.00000	436.50000	*
96	 	 	 	688.50000	415.50000	*	427.50000	769.50000	 	340.50000	388.50000	 	186.00000	1017.00000	 	1066.86585	472.49825	 	 	 	 	15.00000	574.50000	 	1258.50000	436.50000	 
97	 	 	 	688.50000	415.50000	 	429.00000	769.50000	 	342.00000	388.50000	 	192.00000	1023.00000	 	1066.76981	472.50410	 	 	 	 	15.00000	574.50000	 	1257.00000	435.00000	 
98	 	 	 	688.50000	415.50000	 	427.50000	768.00000	 	340.50000	387.00000	 	183.00000	1015.50000	 	1067.02865	472.43520	 	 	 	 	16.50000	574.50000	 	1258.50000	436.50000	 
99	 	 	 	688.50000	414.00000	 	427.50000	768.00000	 	340.50000	387.00000	 	183.00000	1018.50000	 	1079.45794	478.04373	 	 	 	 	16.50000	574.50000	 	1257.00000	438.00000	 
100	 	 	 	690.00000	415.50000	 	427.50000	765.00000	 	340.50000	388.50000	 	183.00000	1018.50000	 	1067.26295	472.06841	 	 	 	 	18.00000	574.50000	 	1255.50000	439.50000	 
101	 	 	 	690.00000	414.00000	 	427.50000	768.00000	 	342.00000	387.00000	 	184.50000	1020.00000	 	1069.50000	475.50000	 	 	 	 	16.50000	574.50000	 	1246.50000	436.50000	 
102	 	 	 	688.50000	415.50000	 	427.50000	765.00000	 	342.00000	387.00000	 	184.50000	1020.00000	 	1069.50000	475.50000	 	 	 	 	16.50000	574.50000	 	1248.00000	438.00000	 
103	 	 	 	688.50000	415.50000	 	426.00000	766.50000	 	342.00000	387.00000	 	184.50000	1018.50000	 	1066.80471	472.39646	 	 	 	 	16.50000	573.00000	 	1246.50000	438.00000	 
104	 	 	 	691.58785	413.62334	 	424.50000	766.50000	 	342.00000	388.50000	 	186.00000	1018.50000	 	1066.95658	472.49229	 	 	 	 	16.50000	574.50000	 	1246.50000	438.00000	 
105	 	 	 	691.89695	413.54792	 	424.50000	766.50000	 	342.00000	388.50000	 	184.50000	1017.00000	 	1069.50000	475.50000	 	 	 	 	16.50000	574.50000	 	1246.50000	438.00000	 
106	 	 	 	691.79664	413.68346	 	423.00000	765.00000	 	342.00000	387.00000	 	186.00000	1018.50000	 	1069.50000	474.00000	 	 	 	 	16.50000	573.00000	 	1254.00000	442.50000	 
107	 	 	 	685.50000	418.50000	 	424.50000	766.50000	 	342.00000	387.00000	 	186.00000	1020.00000	 	1069.50000	474.00000	 	 	 	 	16.50000	573.00000	 	1254.00000	442.50000	 
108	 	 	 	685.50000	418.50000	 	434.47672	769.85551	 	339.00000	387.00000	 	192.00000	1023.00000	 	1068.00000	474.00000	 	 	 	 	16.50000	573.00000	 	1254.00000	442.50000	 
109	 	 	 	685.50000	418.50000	 	426.00000	766.50000	 	340.50000	387.00000	 	192.00000	1023.00000	 	1068.00000	472.50000	 	 	 	 	18.00000	573.00000	 	1254.00000	442.50000	 
110	 	 	 	 	 	 	426.00000	768.00000	 	338.25000	388.50000	 	186.00000	1017.00000	 	1068.00000	472.50000	 	 	 	 	18.00000	573.00000	 	1254.00000	442.50000	 
111	 	 	 	687.00000	417.00000	*	424.50000	769.50000	 	337.50000	390.00000	 	186.00000	1017.00000	 	1068.00000	472.50000	 	 	 	 	18.00000	573.00000	 	1246.50000	439.50000	 
112	 	 	 	685.50000	417.00000	 	438.00000	771.00000	 	339.00000	391.50000	 	192.00000	1023.00000	 	1069.50000	472.50000	 	 	 	 	16.50000	573.00000	 	1252.50000	442.50000	 
113	 	 	 	685.50000	417.00000	 	426.00000	769.50000	 	339.00000	390.00000	 	186.00000	1018.50000	 	1068.00000	471.00000	 	 	 	 	15.00000	574.50000	 	1246.50000	439.50000	 
114	 	 	 	685.50000	418.50000	 	424.50000	768.00000	 	339.00000	391.50000	 	186.00000	1017.00000	 	1068.00000	472.50000	 	 	 	 	15.00000	574.50000	 	1245.00000	439.50000	 
115	 	 	 	685.50000	418.50000	 	424.50000	769.50000	 	339.00000	391.50000	 	186.00000	1015.50000	 	1068.00000	474.00000	 	 	 	 	16.50000	574.50000	 	1248.00000	442.50000	 
116	 	 	 	684.00000	418.50000	 	426.00000	769.50000	 	340.50000	391.50000	 	186.00000	1015.50000	 	1069.50000	474.00000	 	 	 	 	18.00000	574.50000	 	1252.50000	444.00000	 
117	 	 	 	684.00000	418.50000	 	427.50000	769.50000	 	339.00000	391.50000	 	186.00000	1014.00000	 	1066.50000	472.50000	 	 	 	 	16.50000	574.50000	 	1252.50000	444.00000	 
118	 	 	 	685.50000	418.50000	 	429.00000	769.50000	 	339.00000	391.50000	 	184.50000	1012.50000	 	1066.50000	472.50000	 	 	 	 	18.00000	574.50000	 	1252.50000	444.00000	 
119	 	 	 	684.00000	420.00000	 	426.00000	769.50000	 	339.00000	391.50000	 	189.40854	1019.82266	 	1068.00000	474.00000	 	 	 	 	19.50000	574.50000	 	1251.00000	445.50000	 
120	 	 	 	684.00000	421.50000	 	427.50000	771.00000	 	339.00000	390.00000	 	183.00000	1012.50000	 	1066.50000	474.00000	 	 	 	 	19.50000	574.50000	 	1248.22662	440.42412	 

Track 	Length	Distance traveled	Nr of Frames
1	190.81610	4.74342	93
2	216.42243	13.82932	117
3	289.24809	12.00000	117
4	230.49394	13.58308	119
5	264.03594	12.72792	120
6	229.85000	3.00000	117
7	19.35566	3.08233	17
8	106.61640	4.50000	64
9	73.22552	13.84129	27
